   3.0000000e+00   6.6613400e-16
   2.5818100e+00   1.5185500e+00
   1.4532500e+00   2.6137500e+00
  -7.2362700e-02   2.9850200e+00
  -1.5732500e+00   2.5322900e+00
  -2.6357500e+00   1.3829500e+00
  -2.9683700e+00  -1.4400300e-01
  -2.4817000e+00  -1.6264700e+00
  -1.3124700e+00  -2.6559500e+00
   2.1488300e-01  -2.9500700e+00
   1.6782100e+00  -2.4300700e+00
   2.6743400e+00  -1.2418500e+00
   2.9301600e+00   2.8496900e-01
   2.3774600e+00   1.7284500e+00
   1.1711400e+00   2.6909400e+00
  -3.5422400e-01   2.9086500e+00
  -1.7771600e+00   2.3239000e+00
  -2.7057500e+00   1.1003800e+00
  -2.8855800e+00  -4.2261400e-01
  -2.2694200e+00  -1.8243400e+00
  -1.0296200e+00  -2.7187800e+00
   4.9010600e-01  -2.8609800e+00
   1.8699700e+00  -2.2140900e+00
   2.7300400e+00  -9.5890400e-01
   2.8348700e+00   5.5666800e-01
   2.1579300e+00   1.9140400e+00
   8.8826400e-01   2.7395400e+00
  -6.2226800e-01   2.8072900e+00
  -1.9565300e+00   2.1009800e+00
  -2.7472800e+00   8.1774800e-01
  -2.7782600e+00  -6.8687500e-01
  -2.0433000e+00  -1.9974400e+00
  -7.4739800e-01  -2.7532900e+00
   7.5045900e-01  -2.7478200e+00
   2.0367500e+00  -1.9849100e+00
   2.7575700e+00  -6.7725400e-01
   2.7159900e+00   8.1299100e-01
   1.9258700e+00   2.0744600e+00
   6.0735700e-01   2.7601400e+00
  -8.7444400e-01   2.6828200e+00
  -2.1105500e+00   1.8662200e+00
  -2.7610000e+00   5.3774700e-01
  -2.6483300e+00  -9.3478900e-01
  -1.8059900e+00  -2.1450300e+00
  -4.6846400e-01  -2.7601900e+00
   9.9400100e-01  -2.6125600e+00
   2.1778800e+00  -1.7452300e+00
   2.7577000e+00  -3.9954600e-01
   2.5755400e+00   1.0520500e+00
   1.6839800e+00   2.2091000e+00
   3.3103300e-01   2.7535700e+00
  -1.1089300e+00   2.5373000e+00
  -2.2386900e+00   1.6222900e+00
  -2.7478000e+00   2.6296100e-01
  -2.4978800e+00  -1.1645900e+00
  -1.5601900e+00  -2.2666400e+00
  -1.9536900e-01  -2.7404200e+00
   1.2190300e+00  -2.4573200e+00
   2.2929500e+00  -1.4977300e+00
   2.7314500e+00  -1.2829100e-01
   2.4156400e+00   1.2722100e+00
   1.4349400e+00   2.3176300e+00
   6.1765700e-02   2.7209100e+00
  -1.3241300e+00   2.3728900e+00
  -2.3406700e+00   1.3718700e+00
  -2.7088100e+00  -4.1734400e-03
  -2.3291000e+00  -1.3747500e+00
  -1.3085600e+00  -2.3620700e+00
   6.9491500e-02  -2.6951800e+00
   1.4240600e+00  -2.2843100e+00
   2.3818400e+00  -1.2450500e+00
   2.6800500e+00   1.3415500e-01
   2.2385500e+00   1.4720500e+00
   1.1813800e+00   2.3999800e+00
  -1.9813000e-01   2.6634300e+00
  -1.5187000e+00   2.1918700e+00
  -2.4164900e+00   1.1175900e+00
  -2.6453500e+00  -2.6138500e-01
  -2.1442900e+00  -1.5639800e+00
  -1.0537200e+00  -2.4313800e+00
   3.2388800e-01  -2.6258300e+00
   1.6079000e+00  -2.0958600e+00
   2.4446500e+00  -9.8981400e-01
   2.6049100e+00   3.8560800e-01
   2.0466100e+00   1.6504200e+00
   9.2590400e-01   2.4563200e+00
  -4.4651500e-01   2.5826000e+00
  -1.6915500e+00   1.9965800e+00
  -2.4663900e+00   8.6203100e-01
  -2.5589300e+00  -5.0658000e-01
  -1.9458100e+00  -1.7312600e+00
  -7.9823500e-01  -2.4748700e+00
   5.6577400e-01  -2.5339400e+00
   1.7695500e+00  -1.8943300e+00
   2.4817600e+00  -7.3455300e-01
   2.5076400e+00   6.2407000e-01
   1.8421900e+00   1.8064000e+00
   6.7102300e-01   2.4870900e+00
  -6.8144000e-01   2.4800600e+00
  -1.8418200e+00   1.7894200e+00
  -2.4908500e+00   6.0768100e-01
  -2.4512400e+00  -7.3785800e-01
  -1.7360600e+00  -1.8757800e+00
  -5.4456500e-01  -2.4930700e+00
   7.9330000e-01  -2.4212000e+00
   1.9082900e+00  -1.6821400e+00
   2.4937600e+00  -4.8171000e-01
   2.3899700e+00   8.4774000e-01
   1.6277100e+00   1.9393400e+00
   4.1915300e-01   2.4929200e+00
  -9.0115500e-01   2.3575900e+00
  -1.9689100e+00   1.5728000e+00
  -2.4905900e+00   3.5692900e-01
  -2.3240800e+00  -9.5352200e-01
  -1.5174600e+00  -1.9970200e+00
  -2.9507100e-01  -2.4867600e+00
   1.0048200e+00  -2.2894800e+00
   2.0236500e+00  -1.4617100e+00
   2.4814600e+00  -2.3361500e-01
   2.2538100e+00   1.0550300e+00
   1.4056000e+00   2.0488000e+00
   1.7259300e-01   2.4747000e+00
  -1.1041200e+00   2.2171000e+00
  -2.0724800e+00   1.3491600e+00
  -2.4665100e+00   1.1203900e-01
  -2.1794000e+00  -1.1520900e+00
  -1.2924300e+00  -2.0946700e+00
  -5.1985400e-02  -2.4568900e+00
   1.1989000e+00  -2.1407300e+00
   2.1153800e+00  -1.2354500e+00
   2.4458800e+00   7.5367000e-03
   2.1011200e+00   1.2445500e+00
   1.1782600e+00   2.1346200e+00
  -6.6495800e-02   2.4334800e+00
  -1.2890200e+00   2.0606100e+00
  -2.1523800e+00   1.1208900e+00
  -2.4197300e+00  -1.2486200e-01
  -2.0192200e+00  -1.3322800e+00
  -1.0633700e+00  -2.1686700e+00
   1.8260400e-01  -2.4046300e+00
   1.3743400e+00  -1.9770100e+00
   2.1834900e+00  -1.0057500e+00
   2.3882200e+00   2.3969400e-01
   1.9339800e+00   1.4151600e+00
   9.4806200e-01   2.1968500e+00
  -2.9610300e-01   2.3705100e+00
  -1.4547400e+00   1.8901900e+00
  -2.2087400e+00   8.9033800e-01
  -2.3515300e+00  -3.5180300e-01
  -1.8456600e+00  -1.4930700e+00
  -8.3261500e-01  -2.2191900e+00
   4.0676800e-01  -2.3313000e+00
   1.5301400e+00  -1.8004300e+00
   2.2281900e+00  -7.7492800e-01
   2.3098500e+00   4.6096900e-01
   1.7545300e+00   1.5659200e+00
   7.1731300e-01   2.2357600e+00
  -5.1438300e-01   2.2872000e+00
  -1.6004200e+00   1.7080000e+00
  -2.2419000e+00   6.5980200e-01
  -2.2633700e+00  -5.6698400e-01
  -1.6608700e+00  -1.6336300e+00
  -6.0243100e-01  -2.2466200e+00
   6.1874700e-01  -2.2383900e+00
   1.6655300e+00  -1.6131700e+00
   2.2499300e+00  -5.4523200e-01
   2.2122900e+00   6.6964900e-01
   1.5649400e+00   1.6961300e+00
   4.8823900e-01   2.2518400e+00
  -7.1966700e-01   2.1850900e+00
  -1.7254100e+00   1.5162100e+00
  -2.2523800e+00   4.3148500e-01
  -2.1568200e+00  -7.6878000e-01
  -1.4670200e+00  -1.7533600e+00
  -3.7500100e-01  -2.2515400e+00
   8.1696500e-01  -2.1275000e+00
   1.7799900e+00  -1.4174000e+00
   2.2493400e+00  -3.1881900e-01
   2.0971700e+00   8.6420300e-01
   1.3673900e+00   1.8052900e+00
   2.6297100e-01   2.2458000e+00
  -9.1047300e-01   2.0658500e+00
  -1.8292600e+00   1.3170200e+00
  -2.2409200e+00   2.0748700e-01
  -2.0335800e+00  -9.5575700e-01
  -1.2663200e+00  -1.8518900e+00
  -1.5239800e-01  -2.2347400e+00
   1.0000400e+00  -2.0003700e+00
   1.8731900e+00  -1.2153200e+00
   2.2272600e+00  -9.7733000e-02
   1.9662600e+00   1.0432900e+00
   1.1640700e+00   1.8931500e+00
   4.3521600e-02   2.2184900e+00
  -1.0855100e+00   1.9312700e+00
  -1.9117800e+00   1.1125900e+00
  -2.2084600e+00  -1.0207700e-02
  -1.8954500e+00  -1.1266700e+00
  -1.0609200e+00  -1.9290700e+00
   6.3426800e-02  -2.1971900e+00
   1.1667700e+00  -1.8588000e+00
   1.9450200e+00  -1.0091000e+00
   2.1846900e+00   1.1610800e-01
   1.8213800e+00   1.2057800e+00
   9.5714100e-01   1.9596500e+00
  -1.6822500e-01   2.1709800e+00
  -1.2436900e+00   1.7832000e+00
  -1.9729500e+00   9.0509300e-01
  -2.1560800e+00  -2.1975100e-01
  -1.7443000e+00  -1.2804900e+00
  -8.5298400e-01  -1.9849300e+00
   2.7066000e-01  -2.1400100e+00
   1.3161700e+00  -1.7047000e+00
   1.9956000e+00  -8.0084600e-01
   2.1227900e+00   3.2092700e-01
   1.6644400e+00   1.3507200e+00
   7.4871100e-01   2.0049500e+00
  -3.7052800e-01   2.1044500e+00
  -1.3841200e+00   1.6235500e+00
  -2.0129900e+00   6.9661200e-01
  -2.0850100e+00  -4.1944000e-01
  -1.5820500e+00  -1.4163700e+00
  -6.4457800e-01  -2.0197500e+00
   4.6763700e-01  -2.0644800e+00
   1.4474600e+00  -1.5399900e+00
   2.0252100e+00  -5.9264100e-01
   2.0428900e+00   5.1509900e-01
   1.4973800e+00   1.4773800e+00
   5.4083200e-01   2.0293900e+00
  -5.6180300e-01   2.0202600e+00
  -1.5061200e+00   1.4542700e+00
  -2.0323000e+00   4.8918000e-01
  -1.9966200e+00  -6.0772800e-01
  -1.4106800e+00  -1.5336700e+00
  -4.3771700e-01  -2.0339500e+00
   6.5285400e-01  -1.9719900e+00
   1.5600400e+00  -1.3666400e+00
   2.0343500e+00  -3.8647000e-01
   1.9464000e+00   6.9716000e-01
   1.3221900e+00   1.5852200e+00
   3.3547000e-01   2.0335200e+00
  -7.4062800e-01   1.9198600e+00
  -1.6091900e+00   1.2773500e+00
  -2.0314500e+00   2.8474400e-01
  -1.8924100e+00  -7.8323800e-01
  -1.2321600e+00  -1.6319700e+00
  -2.3432200e-01  -2.0281800e+00
   8.2497300e-01  -1.8640700e+00
   1.6535400e+00  -1.1866400e+00
   2.0237000e+00  -1.8423000e-01
   1.8348600e+00   8.6581700e-01
   1.1408300e+00   1.6739000e+00
   1.3449700e-01   2.0180400e+00
  -9.0575200e-01   1.8048100e+00
  -1.6930600e+00   1.0947500e+00
  -2.0112100e+00   8.5148300e-02
  -1.7739500e+00  -9.4476200e-01
  -1.0484500e+00  -1.7110200e+00
  -3.6211000e-02  -2.0032200e+00
   9.8283400e-01  -1.7423100e+00
   1.7277600e+00  -1.0019400e+00
   1.9940900e+00   1.2289200e-02
   1.7099000e+00   1.0199500e+00
   9.5526400e-01   1.7433000e+00
  -6.0327000e-02   1.9838300e+00
  -1.0561000e+00   1.6767600e+00
  -1.7576400e+00   9.0844400e-01
  -1.9724700e+00  -1.0787800e-01
  -1.6429100e+00  -1.0912700e+00
  -8.6151200e-01  -1.7707700e+00
   1.5491700e-01  -1.9600200e+00
   1.1254500e+00  -1.6083900e+00
   1.7827100e+00  -8.1449700e-01
   1.9464900e+00   2.0142000e-01
   1.5732100e+00   1.1586300e+00
   7.6742900e-01   1.7934500e+00
  -2.4736600e-01   1.9319200e+00
  -1.1907900e+00   1.5374000e+00
  -1.8030100e+00   7.2033700e-01
  -1.9163000e+00  -2.9273000e-01
  -1.5010000e+00  -1.2219300e+00
  -6.7325000e-01  -1.8113800e+00
   3.3749100e-01  -1.8996700e+00
   1.2520300e+00  -1.4640300e+00
   1.8185800e+00  -6.2619600e-01
   1.8820500e+00   3.8162800e-01
   1.4265200e+00   1.2810900e+00
   5.7920300e-01   1.8246000e+00
  -4.2511900e-01   1.8634400e+00
  -1.3091000e+00   1.3885000e+00
  -1.8294600e+00   5.3230000e-01
  -1.8438800e+00  -4.6794400e-01
  -1.3499900e+00  -1.3360600e+00
  -4.8551300e-01  -1.8331600e+00
   5.1008300e-01  -1.8233900e+00
   1.3619500e+00  -1.3110200e+00
   1.8357200e+00  -4.3887100e-01
   1.8019800e+00   5.5151800e-01
   1.2716200e+00   1.3867700e+00
   3.9240100e-01   1.8371400e+00
  -5.9222900e-01   1.7796800e+00
  -1.4105200e+00   1.2318200e+00
  -1.8374300e+00   3.4612800e-01
  -1.7565000e+00  -6.3219900e-01
  -1.1916500e+00  -1.4331900e+00
  -3.0007900e-01  -1.8366000e+00
   6.7141000e-01  -1.7324800e+00
   1.4547800e+00  -1.1511300e+00
   1.8346700e+00  -2.5428000e-01
   1.7076400e+00   7.0984700e-01
   1.1102900e+00   1.4752800e+00
   2.0875600e-01   1.8316400e+00
  -7.4749200e-01   1.6819900e+00
  -1.4946900e+00   1.0691600e+00
  -1.8275300e+00   1.6353300e-01
  -1.6555600e+00  -7.8433000e-01
  -1.0277700e+00  -1.5130200e+00
  -1.1863500e-01  -1.8223500e+00
   8.2034700e-01  -1.6283700e+00
   1.5302500e+00  -9.8613800e-01
   1.8161100e+00  -7.4085600e-02
   1.6004500e+00   8.5552800e-01
   9.4430300e-01   1.5464000e+00
   2.9909500e-02   1.8088300e+00
  -8.8986100e-01   1.5718300e+00
  -1.5614500e+00   9.0228700e-01
  -1.8005200e+00  -1.3870500e-02
  -1.5425100e+00  -9.2333100e-01
  -8.6011800e-01  -1.5754200e+00
   5.7231300e-02  -1.7911900e+00
   9.5592700e-01  -1.5125400e+00
   1.5883000e+00  -8.1782200e-01
   1.7808700e+00   1.0015100e-01
   1.4819300e+00   9.8763700e-01
   7.7542700e-01   1.6000900e+00
  -1.4260700e-01   1.7695600e+00
  -1.0184500e+00   1.4507000e+00
  -1.6108100e+00   7.3295900e-01
  -1.7572800e+00  -1.8457800e-01
  -1.4188900e+00  -1.0483600e+00
  -6.9044500e-01  -1.6204400e+00
   2.2604300e-01  -1.7440500e+00
   1.0773500e+00  -1.3865200e+00
   1.6290100e+00  -6.4791000e-01
   1.7298900e+00   2.6698300e-01
   1.3536100e+00   1.1054100e+00
   6.0538200e-01   1.6365000e+00
  -3.0737600e-01   1.7148100e+00
  -1.1325400e+00   1.3201900e+00
  -1.6429300e+00   5.6288500e-01
  -1.6988400e+00  -3.4720400e-01
  -1.2862800e+00  -1.1587300e+00
  -5.2044500e-01  -1.6483000e+00
   3.8644800e-01  -1.6819800e+00
   1.1839700e+00  -1.2519000e+00
   1.6526300e+00  -4.7808800e-01
   1.6642600e+00   4.2508900e-01
   1.2170900e+00   1.2082500e+00
   4.3583800e-01   1.6559000e+00
  -4.6310900e-01   1.6456900e+00
  -1.2315800e+00   1.1818700e+00
  -1.6581500e+00   3.9371900e-01
  -1.6263000e+00  -5.0049200e-01
  -1.1462600e+00  -1.2539400e+00
  -3.5175700e-01  -1.6593700e+00
   5.3722100e-01  -1.6061100e+00
   1.2753200e+00  -1.1102900e+00
   1.6595600e+00  -3.0997500e-01
   1.5851300e+00   5.7327900e-01
   1.0739900e+00   1.2957400e+00
   2.6839700e-01   1.6587500e+00
  -6.0865100e-01   1.5633900e+00
  -1.3151700e+00   1.0373700e+00
  -1.6569400e+00   2.2704600e-01
  -1.5409000e+00  -6.4332200e-01
  -1.0004700e+00  -1.3336300e+00
  -1.8594600e-01  -1.6541500e+00
   6.7727800e-01  -1.5176900e+00
   1.3511000e+00  -9.6330300e-01
   1.6503700e+00  -1.4511800e-01
   1.4937700e+00   7.1050400e-01
   9.2590300e-01   1.3675900e+00
   1.0458400e-01   1.6456300e+00
  -7.4298700e-01   1.4691800e+00
  -1.3830900e+00   8.8829200e-01
  -1.6399400e+00   6.4368100e-02
  -1.4439200e+00  -7.7471400e-01
  -8.5049400e-01  -1.3976100e+00
  -2.4490000e-02  -1.6333000e+00
   8.0567400e-01  -1.4180200e+00
   1.4111500e+00  -8.1253600e-01
   1.6257300e+00   1.5028900e-02
   1.3915100e+00   8.3585500e-01
   7.7444000e-01   1.4237000e+00
  -5.4168000e-02   1.6172500e+00
  -8.6524500e-01   1.3644000e+00
  -1.4352700e+00   7.3623200e-01
  -1.6078700e+00  -9.2907100e-02
  -1.3367100e+00  -8.9383500e-01
  -6.9793500e-01  -1.4458600e+00
   1.3122600e-01  -1.5976000e+00
   9.2161400e-01  -1.3084800e+00
   1.4554800e+00  -6.5957500e-01
   1.5864600e+00   1.6910700e-01
   1.2797100e+00   9.4857400e-01
   6.2117400e-01   1.4641200e+00
  -2.0652900e-01   1.5744600e+00
  -9.7470500e-01   1.2504400e+00
  -1.4717900e+00   5.8275600e-01
  -1.5616100e+00  -2.4347500e-01
  -1.2206900e+00  -9.9999900e-01
  -5.4434500e-01  -1.4785000e+00
   2.7992700e-01  -1.5479400e+00
   1.0244500e+00  -1.1904700e+00
   1.4842400e+00  -5.0596400e-01
   1.5334600e+00   3.1586600e-01
   1.1598200e+00   1.0480500e+00
   4.6763600e-01   1.4890400e+00
  -3.5127800e-01   1.5181800e+00
  -1.0707900e+00   1.1287400e+00
  -1.4928800e+00   4.2938400e-01
  -1.5021300e+00  -3.8614300e-01
  -1.0972800e+00  -1.0926700e+00
  -3.9123000e-01  -1.4957800e+00
   4.2044800e-01  -1.4853100e+00
   1.1136800e+00  -1.0654400e+00
   1.4977500e+00  -3.5319700e-01
   1.4677500e+00   4.5417500e-01
   1.0332600e+00   1.1338200e+00
   3.1530600e-01   1.4987900e+00
  -4.8731100e-01   1.4494700e+00
  -1.1530800e+00   1.0007500e+00
  -1.4989100e+00   2.7757900e-01
  -1.4304800e+00  -5.1984000e-01
  -9.6794000e-01  -1.1714600e+00
  -2.4003800e-01  -1.4981200e+00
   5.5174800e-01  -1.4107900e+00
   1.1889600e+00  -9.3485000e-01
   1.4964300e+00  -2.0270300e-01
   1.3904400e+00   5.8302300e-01
   9.0150300e-01   1.2055700e+00
   1.6559600e-01   1.4938500e+00
  -6.1365000e-01   1.3694300e+00
  -1.2213000e+00   8.6792200e-01
  -1.4903800e+00   1.2873600e-01
  -1.3477900e+00  -6.4361800e-01
  -8.3412900e-01  -1.2361300e+00
  -9.2143800e-02  -1.4860500e+00
   6.7291400e-01  -1.3255400e+00
   1.2500800e+00  -8.0014700e-01
   1.4808500e+00  -5.5839000e-02
   1.3026900e+00   7.0152700e-01
   7.6599800e-01   1.2631400e+00
   1.9840800e-02   1.4748000e+00
  -7.2944600e-01   1.2792600e+00
  -1.2753100e+00   7.3170500e-01
  -1.4679100e+00  -1.5831800e-02
  -1.2552800e+00  -7.5666000e-01
  -6.9729000e-01  -1.2865900e+00
   5.1160100e-02  -1.4602000e+00
   7.8316000e-01  -1.2307600e+00
   1.2969800e+00  -6.6277400e-01
   1.4516800e+00   8.6126000e-02
   1.2057200e+00   8.0893600e-01
   6.2818000e-01   1.3064900e+00
  -1.2071200e-01   1.4423500e+00
  -8.3398000e-01   1.1801900e+00
  -1.3151200e+00   5.9352900e-01
  -1.4322300e+00  -1.5490000e-01
  -1.1541800e+00  -8.5828200e-01
  -5.5884400e-01  -1.3228700e+00
   1.8867300e-01  -1.4213500e+00
   8.8183600e-01  -1.1277100e+00
   1.3297400e+00  -5.2414400e-01
   1.4097000e+00   2.2201500e-01
   1.1008100e+00   9.0463400e-01
   4.8945200e-01   1.3357500e+00
  -2.5490900e-01   1.3973000e+00
  -9.2666900e-01   1.0734900e+00
  -1.3408800e+00   4.5478900e-01
  -1.3841800e+00  -2.8734100e-01
  -1.0457800e+00  -9.4793600e-01
  -4.2017400e-01  -1.3451600e+00
   3.1929300e-01  -1.3703300e+00
   9.6842700e-01  -1.0176900e+00
   1.3485700e+00  -3.8563000e-01
   1.3557900e+00   3.5075300e-01
   9.8925300e-01   9.8813900e-01
   3.5117500e-01   1.3511400e+00
  -3.8170400e-01   1.3405600e+00
  -1.0070700e+00   9.6047800e-01
  -1.3528700e+00   3.1683100e-01
  -1.3246600e+00  -4.1213300e-01
  -9.3139100e-01  -1.0252000e+00
  -2.8261600e-01  -1.3537500e+00
   4.4202700e-01  -1.3081000e+00
   1.0425500e+00  -9.0201100e-01
   1.3538100e+00  -2.4855100e-01
   1.2909100e+00   4.7137200e-01
   8.7235900e-01   1.0591000e+00
   2.1465500e-01   1.3530400e+00
  -5.0015600e-01   1.2730900e+00
  -1.0748600e+00   8.4245600e-01
  -1.3514600e+00   1.8094700e-01
  -1.2546700e+00  -5.2836700e-01
  -8.1232300e-01  -1.0898100e+00
  -1.4744400e-01  -1.3490800e+00
   5.5599200e-01  -1.2356600e+00
   1.1039600e+00  -7.8197900e-01
   1.3459000e+00  -1.1416700e-01
   1.2160800e+00   5.8302100e-01
   7.5144600e-01   1.1173100e+00
   8.1132700e-02   1.3419300e+00
  -6.0944200e-01   1.1959400e+00
  -1.1298600e+00   7.2074300e-01
  -1.3371900e+00   4.8359000e-02
  -1.1752700e+00  -6.3524600e-01
  -6.8989100e-01  -1.1416000e+00
  -1.5863300e-02  -1.3316800e+00
   6.6042300e-01  -1.1540800e+00
   1.1525400e+00  -6.5890900e-01
   1.3254100e+00   1.6337200e-02
   1.1323800e+00   6.8496200e-01
   6.2781900e-01   1.1626800e+00
  -4.8225700e-02   1.3184000e+00
  -7.0885600e-01   1.1102100e+00
  -1.1720200e+00   5.9663900e-01
  -1.3106500e+00  -7.9785800e-02
  -1.0875700e+00  -7.3209500e-01
  -5.6538900e-01  -1.1805500e+00
   1.1100100e-01  -1.3021800e+00
   7.5467300e-01  -1.0644800e+00
   1.1883000e+00  -5.3409000e-01
   1.2930000e+00   1.4185700e-01
   1.0409600e+00   7.7658000e-01
   5.0276000e-01   1.1952500e+00
  -1.7233700e-01   1.2831200e+00
  -7.9781100e-01   1.0170300e+00
  -1.2014000e+00   4.7141900e-01
  -1.2725600e+00  -2.0242600e-01
  -9.9270500e-01  -8.1835900e-01
  -4.4008600e-01  -1.2067800e+00
   2.3211100e-01  -1.2613200e+00
   8.3821700e-01  -9.6800800e-01
   1.2113600e+00  -4.0878000e-01
   1.2494200e+00   2.6137600e-01
   9.4295600e-01   8.5738100e-01
   3.7751900e-01   1.2151800e+00
  -2.9020800e-01   1.2368800e+00
  -8.7584400e-01   9.1756600e-01
  -1.2182100e+00   3.4632300e-01
  -1.2237000e+00  -3.1859300e-01
  -8.9185800e-01  -8.9360300e-01
  -3.1520900e-01  -1.2204800e+00
   3.4651900e-01  -1.2099100e+00
   9.1065300e-01  -8.6585000e-01
   1.2219900e+00  -2.8419600e-01
   1.1955100e+00   3.7397300e-01
   8.3956000e-01   9.2699100e-01
   2.5330100e-01   1.2227500e+00
  -4.0094200e-01   1.1805200e+00
  -9.4261300e-01   8.1300800e-01
  -1.2227500e+00   2.2254300e-01
  -1.1649500e+00  -4.2741500e-01
  -7.8621200e-01  -9.5751600e-01
  -1.9193800e-01  -1.2220100e+00
   4.5338100e-01  -1.1488200e+00
   9.7169900e-01  -7.5918900e-01
   1.2205400e+00  -1.6150300e-01
   1.1321500e+00   4.7882700e-01
   7.3196000e-01   9.8515900e-01
   1.3125600e-01   1.2183400e+00
  -5.0374500e-01   1.1149500e+00
  -9.9789500e-01   7.0454200e-01
  -1.2154200e+00   1.0121300e-01
  -1.0972300e+00  -5.2812300e-01
  -6.7695400e-01  -1.0099100e+00
  -7.1390900e-02  -1.2117900e+00
   5.5195200e-01  -1.0790100e+00
   1.0211900e+00  -6.4921300e-01
   1.2074600e+00  -4.1804900e-02
   1.0603100e+00   5.7522200e-01
   6.2133900e-01   1.0317500e+00
   1.2471000e-02   1.2024400e+00
  -5.9792500e-01   1.0411400e+00
  -1.0415900e+00   5.9335000e-01
  -1.1967400e+00  -1.6595300e-02
  -1.0215200e+00  -6.2005300e-01
  -5.6526300e-01  -1.0507000e+00
   4.5378800e-02  -1.1903600e+00
   6.4159600e-01  -1.0014600e+00
   1.0590900e+00  -5.3709600e-01
   1.1833200e+00   7.3864800e-02
   9.8098500e-01   6.6254900e-01
   5.0886800e-01   1.0667500e+00
  -1.0203900e-01   1.1756300e+00
  -6.8290200e-01   9.6010500e-01
  -1.0737000e+00   4.8059600e-01
  -1.1673000e+00  -1.2988700e-01
  -9.3883800e-01  -7.0265100e-01
  -4.5229800e-01  -1.0799300e+00
   1.5739400e-01  -1.1583400e+00
   7.2178800e-01  -9.1720100e-01
   1.0854500e+00  -4.2399000e-01
   1.1487600e+00   1.8454900e-01
   8.9521100e-01   7.4030700e-01
   3.9569100e-01   1.0902500e+00
  -2.1133600e-01   1.1385700e+00
  -7.5820300e-01   8.7288400e-01
  -1.0943500e+00   3.6741700e-01
  -1.1277900e+00  -2.3774400e-01
  -8.5023700e-01  -7.7547200e-01
  -3.3918600e-01  -1.0977500e+00
   2.6376000e-01  -1.1164200e+00
   7.9210800e-01  -8.2728600e-01
   1.1004500e+00  -3.1101300e-01
   1.1044800e+00   2.8937200e-01
   8.0404800e-01   8.0810700e-01
   2.8291600e-01   1.1024600e+00
  -3.1456800e-01   1.0919900e+00
  -8.2346600e-01   7.8054100e-01
  -1.1037800e+00   2.5491100e-01
  -1.0789500e+00  -3.3933700e-01
  -7.5678000e-01  -8.3818200e-01
  -2.2701400e-01  -1.1044100e+00
   3.6366800e-01  -1.0653700e+00
   8.5225000e-01  -7.3278300e-01
   1.1043700e+00  -1.9924100e-01
   1.0512800e+00   3.8754900e-01
   7.0856700e-01   8.6567000e-01
   1.7160800e-01   1.1036700e+00
  -4.1097200e-01   1.0366800e+00
  -8.7843800e-01   6.8414800e-01
  -1.1022900e+00   1.4412900e-01
  -1.0215900e+00  -4.3392600e-01
  -6.5954300e-01  -8.9055400e-01
  -1.1682100e-01  -1.1002700e+00
   4.5640100e-01  -1.0060300e+00
   9.0201600e-01  -6.3476900e-01
   1.0975900e+00  -8.9698400e-02
   9.8999400e-01   4.7838800e-01
   6.0984100e-01   9.1282300e-01
   6.2775700e-02   1.0942700e+00
  -4.9987800e-01   9.7351200e-01
  -9.2297400e-01   5.8477800e-01
  -1.0903200e+00   3.6067400e-02
  -9.5659300e-01  -5.2086400e-01
  -5.5959500e-01  -9.3247100e-01
  -9.5877400e-03  -1.0857500e+00
   5.4133700e-01  -9.3925200e-01
   9.4131200e-01  -5.3430800e-01
   1.0805600e+00   1.6649300e-02
   9.2150400e-01   5.6128900e-01
   5.0893500e-01   9.4950000e-01
  -4.2630200e-02   1.0747600e+00
  -5.8071400e-01   9.0336400e-01
  -9.5703400e-01   4.8349100e-01
  -1.0683600e+00  -6.8341400e-02
  -8.8484500e-01  -5.9960400e-01
  -4.5799200e-01  -9.6391700e-01
   9.3770100e-02  -1.0613800e+00
   6.1795300e-01  -8.6596400e-01
   9.7015100e-01  -4.3245400e-01
   1.0538200e+00   1.1890300e-01
   8.4673400e-01   6.3575500e-01
   4.0689400e-01   9.7573800e-01
  -1.4372900e-01   1.0456900e+00
  -6.5300400e-01   8.2717100e-01
  -9.8068000e-01   3.8132600e-01
  -1.0370000e+00  -1.6823400e-01
  -8.0728900e-01  -6.6969600e-01
  -3.5576700e-01  -9.8498000e-01
   1.9240700e-01  -1.0277600e+00
   6.8582400e-01  -7.8710400e-01
   9.8864300e-01  -3.3023200e-01
   1.0179900e+00   2.1623700e-01
   7.6663100e-01   7.0138500e-01
   3.0473600e-01   9.9167200e-01
  -2.3971200e-01   1.0076900e+00
  -7.1637400e-01   7.4588500e-01
  -9.9407000e-01   2.7929400e-01
  -9.9687600e-01  -2.6282100e-01
  -7.2488000e-01  -7.3078800e-01
  -2.5392200e-01  -9.9584300e-01
   2.8555400e-01  -9.8555900e-01
   7.4462400e-01  -7.0363300e-01
   9.9699500e-01  -2.2863300e-01
   9.7374900e-01   3.0790100e-01
   6.8215900e-01   7.5787800e-01
   2.0344300e-01   9.9753100e-01
  -3.2985100e-01   9.6146000e-01
  -7.7054700e-01   6.6047100e-01
  -9.9745700e-01   1.7836600e-01
  -9.4870200e-01  -3.5139500e-01
  -6.3858700e-01  -7.8263100e-01
  -1.5341500e-01  -9.9677900e-01
   3.7252400e-01  -9.3548900e-01
   7.9412600e-01  -6.1652000e-01
   9.9550200e-01  -1.2860600e-01
   9.2183200e-01   3.9322900e-01
   5.9428700e-01   8.0503100e-01
   1.0395100e-01   9.9363300e-01
  -4.1350000e-01   9.0774400e-01
  -8.1534600e-01   5.7190100e-01
  -9.9117800e-01   7.9465100e-02
  -8.9323700e-01  -4.3333100e-01
  -5.4937800e-01  -8.2506900e-01
  -5.5160200e-02  -9.8814500e-01
   4.5271300e-01  -8.7832400e-01
   8.3420100e-01  -5.2673300e-01
   9.8454100e-01  -3.1049800e-02
   8.6301800e-01   4.7163800e-01
   5.0398100e-01   8.4274000e-01
   7.1466900e-03   9.8037400e-01
  -4.9010000e-01   8.4733200e-01
  -8.5068800e-01   4.8113700e-01
  -9.7565100e-01  -1.6536500e-02
  -8.3127900e-01  -5.0809100e-01
  -4.5821500e-01  -8.5804600e-01
   3.9987500e-02  -9.7037999e-01
   5.2560500e-01  -8.1487200e-01
   8.6481400e-01  -4.3523000e-01
   9.6456899e-01   6.3194200e-02
   7.9812500e-01   5.4263500e-01
   4.1219700e-01   8.7099300e-01
  -8.6145000e-02   9.5822799e-01
  -5.5917700e-01   7.8105100e-01
  -8.7658600e-01   3.8912900e-01
  -9.5136599e-01  -1.0882800e-01
  -7.6366300e-01  -5.7522500e-01
  -3.6604200e-01  -8.8159500e-01
   1.3123200e-01  -9.4398999e-01
   5.9077200e-01  -7.4597400e-01
   8.8602200e-01  -3.4294900e-01
   9.3610999e-01   1.5334700e-01
   7.2799900e-01   6.0581600e-01
   3.1986500e-01   8.8987000e-01
  -1.7516100e-01   9.2773699e-01
  -6.2035100e-01   7.0975100e-01
  -8.9314200e-01   2.9680300e-01
  -9.1887899e-01  -1.9666400e-01
  -6.9124300e-01  -6.3437300e-01
  -2.7377800e-01  -8.9584100e-01
   2.1784600e-01  -9.0954699e-01
   6.4787800e-01  -6.7249000e-01
   8.9797100e-01  -2.5080200e-01
   8.9975000e-01   2.3869800e-01
   6.5350400e-01   6.6086400e-01
   2.2789000e-01   8.9953599e-01
  -2.5920800e-01   8.8950000e-01
  -6.7332700e-01   6.3430000e-01
  -9.0054099e-01   2.0505400e-01
  -8.7880500e-01  -2.7937000e-01
  -6.1489200e-01  -6.8526500e-01
  -1.8230800e-01  -9.0099099e-01
   2.9917200e-01  -8.6767800e-01
   6.9667400e-01  -5.9529200e-01
   9.0088899e-01  -1.5966500e-01
   8.5612900e-01   3.1860700e-01
   5.7551500e-01   7.0755400e-01
   1.3713800e-01   9.0024099e-01
  -3.3766700e-01   8.4416900e-01
  -7.1790300e-01   5.5557400e-01
  -8.9905399e-01   1.1473800e-01
  -8.3180900e-01  -3.5634300e-01
  -5.3548300e-01  -7.2771900e-01
  -9.2479299e-02  -8.9733199e-01
   3.7462700e-01  -8.1906000e-01
   7.3700100e-01  -5.1525600e-01
   8.9508199e-01  -7.0373100e-02
   8.0593300e-01   3.9251300e-01
   4.9490600e-01   7.4575000e-01
   4.8431500e-02   8.9230899e-01
  -4.0999300e-01   7.9244100e-01
  -7.5396300e-01   4.7444600e-01
  -8.8902199e-01   2.6666300e-02
  -7.7859400e-01  -4.2706000e-01
  -4.5389100e-01  -7.6164200e-01
  -5.0891600e-03  -8.8522499e-01
   4.4370800e-01  -7.6440500e-01
   7.6878700e-01  -4.3325300e-01
   8.8092799e-01   1.6288700e-02
   7.4988500e-01   4.5993000e-01
   4.1254500e-01   7.7539800e-01
  -3.7456100e-02   8.7613599e-01
  -4.7572100e-01   7.3504700e-01
  -7.8147700e-01   3.9178200e-01
  -8.7085699e-01  -5.8402200e-02
  -7.1990200e-01  -4.9107600e-01
  -3.7097600e-01  -7.8702500e-01
   7.9116500e-02  -8.6509999e-01
   5.0598800e-01  -7.0446100e-01
   7.9204300e-01  -3.5013900e-01
   8.5887099e-01   9.9588399e-02
   6.8873900e-01   5.2045400e-01
   3.2928600e-01   7.9653399e-01
  -1.1980800e-01   8.5217999e-01
  -5.3446800e-01   6.7274600e-01
  -8.0049899e-01   3.0842900e-01
  -8.4503499e-01  -1.3976500e-01
  -6.5649400e-01  -5.4802600e-01
  -2.8758000e-01  -8.0394099e-01
   1.5945000e-01  -8.3744399e-01
   5.6112500e-01  -6.3999700e-01
   8.0686299e-01  -2.6675200e-01
   8.2941599e-01   1.7885400e-01
   6.2326600e-01   5.7376000e-01
   2.4595800e-01   8.0926799e-01
  -1.9796700e-01   8.2095999e-01
  -5.8592800e-01   6.0631400e-01
  -8.1115999e-01   2.2520900e-01
  -8.1208499e-01  -2.1678000e-01
  -5.8915400e-01  -5.9762700e-01
  -2.0451900e-01  -8.1254099e-01
   2.3528600e-01  -8.0280099e-01
   6.0885400e-01  -5.7179600e-01
   8.1341699e-01  -1.8389800e-01
   7.9311699e-01   2.5347600e-01
   5.5425500e-01   6.1960600e-01
   1.6335900e-01   8.1379099e-01
  -2.7134000e-01   7.8304199e-01
  -6.2988100e-01   5.3654200e-01
  -8.1366799e-01   1.4291400e-01
  -7.7258699e-01  -2.8887300e-01
  -5.1866900e-01  -6.3967700e-01
  -1.2257400e-01  -8.1305199e-01
   3.0606600e-01  -7.6176099e-01
   6.4899400e-01  -5.0064900e-01
   8.1194799e-01  -1.0235100e-01
   7.5057499e-01   3.2291200e-01
   4.8249500e-01   6.5782900e-01
   8.2254599e-02   8.1036199e-01
  -3.3940400e-01   7.3903799e-01
  -6.6618200e-01   4.6421800e-01
  -8.0829999e-01   6.2297200e-02
  -7.2716099e-01  -3.5553600e-01
  -4.4583100e-01  -6.7405300e-01
  -4.2489200e-02  -8.0576599e-01
   3.7130000e-01  -7.1495299e-01
   6.8144100e-01  -4.2734600e-01
   8.0276699e-01  -2.2841200e-02
   7.0242700e-01   3.8669100e-01
   4.0877500e-01   6.8834600e-01
   3.3637100e-03   7.9930899e-01
  -4.0170300e-01   6.8959200e-01
  -6.9476900e-01   3.9013000e-01
  -7.9539899e-01  -1.5933100e-02
  -6.7645900e-01  -4.1633100e-01
  -3.7142400e-01  -7.0070999e-01
   3.5039300e-02  -7.9104299e-01
   4.3056900e-01  -6.6303900e-01
   7.0616999e-01  -3.5266700e-01
   7.8624799e-01   5.3945000e-02
   6.4934200e-01   4.4441200e-01
   3.3387300e-01   7.1114999e-01
  -7.2640599e-02   7.8101999e-01
  -4.5785500e-01   6.3538000e-01
  -7.1565199e-01   3.1505200e-01
  -7.7536799e-01  -9.1116799e-02
  -6.2116300e-01  -4.7089500e-01
  -2.9621600e-01  -7.1967799e-01
   1.0936400e-01  -7.6929799e-01
   4.8352600e-01  -6.0670300e-01
   7.2322899e-01  -2.7737800e-01
   7.6281899e-01   1.2737400e-01
   5.9201000e-01   4.9574600e-01
   2.5854800e-01   7.2630799e-01
  -1.4513800e-01   7.5593699e-01
  -5.0755000e-01   5.7709600e-01
  -7.2891699e-01   2.3973800e-01
  -7.4866099e-01  -1.6264700e-01
  -5.6197200e-01  -5.1893600e-01
  -2.2095800e-01  -7.3105999e-01
   1.7989300e-01  -7.4099899e-01
   5.2990000e-01  -5.4664800e-01
   7.3273899e-01  -2.0222100e-01
   7.3295999e-01   1.9686900e-01
   5.3113700e-01   5.4043900e-01
   1.8353700e-01   7.3395799e-01
  -2.1356500e-01   7.2455099e-01
  -5.5055200e-01   5.1544900e-01
  -7.3471999e-01   1.6491700e-01
  -7.1578199e-01  -2.2997600e-01
  -4.9959500e-01  -5.6023600e-01
  -1.4637100e-01  -7.3502899e-01
   2.4609300e-01  -7.0665999e-01
   5.6948900e-01  -4.8358700e-01
   7.3488899e-01  -1.2791100e-01
   6.9719499e-01   2.6190900e-01
   4.6743500e-01   5.7831000e-01
   1.0954600e-01   7.3430499e-01
  -2.7741800e-01   6.8739599e-01
  -5.8669700e-01   4.5115200e-01
  -7.3327999e-01   9.1286599e-02
  -6.7727199e-01  -2.9261300e-01
  -4.3474700e-01  -5.9464900e-01
  -7.3143399e-02  -7.3181999e-01
   3.0748900e-01  -6.6683199e-01
   6.0216600e-01  -4.1823300e-01
   7.2992999e-01  -5.5126000e-02
   6.5608499e-01   3.2203800e-01
   4.0162000e-01   6.0924700e-01
   3.7244100e-02   7.2761499e-01
  -3.3625500e-01   6.4504099e-01
  -6.1589199e-01   3.8491800e-01
  -7.2487999e-01   1.9507400e-02
  -6.3370899e-01  -3.5013500e-01
  -3.6814000e-01  -6.2210099e-01
  -1.9252700e-03  -7.2172999e-01
   3.6367200e-01  -6.2209899e-01
   6.2787499e-01  -3.5129600e-01
   7.1817299e-01   1.5493100e-02
   6.1022099e-01   3.7686100e-01
   3.3439700e-01   6.3321299e-01
  -3.2738700e-02   7.1421299e-01
  -3.8969900e-01   5.9808300e-01
  -6.3811699e-01   3.1745400e-01
  -7.0985699e-01  -4.9802700e-02
  -5.8569700e-01  -4.0217900e-01
  -3.0047700e-01  -6.4258799e-01
   6.6676399e-02  -7.0511099e-01
   4.1429800e-01  -5.7307100e-01
   6.4662699e-01  -2.8347600e-01
   6.9998099e-01   8.3351299e-02
   5.6021600e-01   4.2605200e-01
   2.6646400e-01   6.5023499e-01
  -9.9819299e-02   6.9447499e-01
  -4.3743800e-01   5.4714200e-01
  -6.5341599e-01   2.4944900e-01
  -6.8859999e-01  -1.1607200e-01
  -5.3385800e-01  -4.4845100e-01
  -2.3244200e-01  -6.5616999e-01
   1.3210200e-01  -6.8236099e-01
   4.5908900e-01  -5.2037500e-01
   6.5849999e-01  -2.1545400e-01
   6.7576699e-01   1.4790200e-01
   5.0670300e-01   4.6934800e-01
   1.9849400e-01   6.6040799e-01
  -1.6346300e-01   6.6882499e-01
  -4.7922600e-01   4.9285200e-01
  -6.6189799e-01   1.8157400e-01
  -6.6154299e-01  -1.7878000e-01
  -4.7883100e-01  -4.8872100e-01
  -1.6470100e-01  -6.6297299e-01
   1.9384400e-01  -6.5392699e-01
   4.9783100e-01  -4.6465200e-01
   6.6363499e-01  -1.4788700e-01
   6.4598599e-01   2.0864900e-01
   4.5032300e-01   5.0655200e-01
   1.3114100e-01   6.6388799e-01
  -2.2318900e-01   6.3772699e-01
  -5.1488500e-01   4.3585600e-01
  -6.6373599e-01   1.1447300e-01
  -6.2915899e-01  -2.3745700e-01
  -4.2126000e-01  -5.2282700e-01
  -9.7891299e-02  -6.6318299e-01
   2.5144700e-01  -6.2028899e-01
   5.3037800e-01  -4.0654500e-01
   6.6223199e-01  -8.1405899e-02
   6.1112699e-01   2.6515300e-01
   3.9172200e-01   5.3753500e-01
   6.5025799e-02   6.6088899e-01
  -2.7857000e-01   6.0167899e-01
  -5.4429999e-01   3.7680000e-01
  -6.5915699e-01   4.8759800e-02
  -5.9195499e-01  -2.9169200e-01
  -3.6178900e-01  -5.5066999e-01
  -3.2616900e-02  -6.5704199e-01
   3.0451400e-01  -5.8196299e-01
   5.5664699e-01  -3.4670000e-01
   6.5454799e-01  -1.6605600e-02
   5.7171199e-01   3.1703100e-01
   3.3154200e-01   5.6222999e-01
   7.3435999e-04   6.5167999e-01
  -3.2923800e-01   5.6120999e-01
  -5.6741999e-01   3.1632500e-01
  -6.4844299e-01  -1.4988400e-02
  -5.5046599e-01  -3.4113100e-01
  -3.0105900e-01  -5.7221599e-01
   3.0554600e-02  -6.4484299e-01
   3.5270500e-01  -5.3948899e-01
   5.7662099e-01  -2.8575300e-01
   6.4088599e-01   4.5956200e-02
   5.2828699e-01   3.6395700e-01
   2.7041700e-01   5.8063399e-01
  -6.1185499e-02   6.3657699e-01
  -3.7488200e-01   5.1686999e-01
  -5.8425699e-01   2.5506200e-01
  -6.3192299e-01  -7.6234699e-02
  -5.0524700e-01  -3.8547800e-01
  -2.3969500e-01  -5.8749199e-01
   9.1096599e-02  -6.2692799e-01
   3.9574000e-01  -4.9342600e-01
   5.9033999e-01  -2.2432700e-01
   6.2159999e-01   1.0576400e-01
   4.8141600e-01   4.0566500e-01
   2.0896800e-01   5.9280299e-01
  -1.2022900e-01   6.1594499e-01
  -4.1525200e-01   4.6922700e-01
  -5.9488299e-01   1.9362500e-01
  -6.0996899e-01  -1.3448600e-01
  -4.5686800e-01  -4.2449600e-01
  -1.7830900e-01  -5.9658299e-01
   1.4852700e-01  -6.0367899e-01
   4.3339700e-01  -4.4434700e-01
   5.9790499e-01  -1.6302900e-01
   5.9708199e-01   1.6234700e-01
   4.3167400e-01   4.4195000e-01
   1.4779200e-01   5.9885099e-01
  -1.7593800e-01   5.9018499e-01
  -4.5015600e-01   4.1885800e-01
  -5.9942599e-01   1.3261000e-01
  -5.8299399e-01  -1.8929600e-01
  -4.0590900e-01  -4.5801100e-01
  -1.1748900e-01  -5.9963099e-01
   2.0241300e-01  -5.7551699e-01
   4.6551500e-01  -3.9283400e-01
   5.9947099e-01  -1.0243800e-01
   5.6775999e-01   2.1528400e-01
   3.7964400e-01   4.7266600e-01
   8.7467099e-02   5.9894799e-01
  -2.2790400e-01   5.5973199e-01
  -4.7946300e-01   3.6634700e-01
  -5.9806699e-01   7.2583099e-02
  -5.5143999e-01  -2.4026700e-01
  -3.5295200e-01  -4.8590499e-01
  -5.7794799e-02  -5.9683099e-01
   2.5236800e-01  -5.4289099e-01
   4.9199199e-01  -3.3946900e-01
   5.9524499e-01  -4.3110000e-02
   5.3409199e-01   2.6420300e-01
   3.2590700e-01   4.9772399e-01
   2.8536900e-02   5.9331199e-01
  -2.7576700e-01   5.2505199e-01
  -5.0309899e-01   3.1227400e-01
  -5.9103799e-01   1.4083200e-02
  -5.1577899e-01  -2.8705400e-01
  -2.9857900e-01  -5.0811999e-01
   2.4350000e-04  -5.8842599e-01
   2.9806200e-01  -5.0627899e-01
   5.1278399e-01  -2.8483200e-01
   5.8548199e-01   1.4435700e-02
   4.9656199e-01   3.0878500e-01
   2.7104100e-01   5.1709399e-01
  -2.8485900e-02   5.8220999e-01
  -3.1922100e-01   4.8663399e-01
  -5.2104899e-01   2.5721500e-01
  -5.7861599e-01  -4.2387100e-02
  -4.7650399e-01  -3.2936500e-01
  -2.4336200e-01  -5.2465199e-01
   5.6132199e-02  -5.7470399e-01
   3.3921400e-01  -4.6617999e-01
   5.2790199e-01  -2.2949200e-01
   5.7047999e-01   6.9714199e-02
   4.5566999e-01   3.4876500e-01
   2.1561200e-01   5.3080099e-01
  -8.3126599e-02   5.6594999e-01
  -3.5801400e-01   4.4498200e-01
  -5.3335199e-01   2.0173200e-01
  -5.6111899e-01  -9.6362699e-02
  -4.3412400e-01  -3.6696000e-01
  -1.8786000e-01  -5.3555399e-01
   1.0941600e-01  -5.5599199e-01
   3.7559900e-01  -4.2310500e-01
   5.3741099e-01  -1.7400400e-01
   5.5057699e-01   1.2228100e-01
   4.1193200e-01   3.8392900e-01
   1.6017200e-01   5.3892499e-01
  -1.3495100e-01   5.4487799e-01
  -3.9194800e-01   4.0061400e-01
  -5.4009699e-01   1.4637300e-01
  -5.3890199e-01  -1.4742000e-01
  -3.8916000e-01  -3.9965400e-01
  -1.3261400e-01  -5.4093099e-01
   1.5968200e-01  -5.3265499e-01
   4.0704500e-01  -3.7757600e-01
   5.4142799e-01  -1.1890400e-01
   5.2614299e-01   1.7173300e-01
   3.6587300e-01   4.1412000e-01
   1.0525100e-01   5.4159199e-01
  -1.8356600e-01   5.1937299e-01
  -4.2087700e-01   3.5405700e-01
  -5.4142699e-01   9.1661399e-02
  -5.1235199e-01  -1.9517800e-01
  -3.4213700e-01  -4.2731499e-01
  -7.8143999e-02  -5.4093399e-01
   2.0656100e-01  -5.0508599e-01
   4.3343399e-01  -3.3012100e-01
   5.4011799e-01  -6.4705999e-02
   4.9758099e-01   2.1771300e-01
   3.1801800e-01   4.3923299e-01
   5.1354699e-02   5.3898099e-01
  -2.2862800e-01   4.8984499e-01
  -4.4470999e-01   3.0583500e-01
  -5.3752899e-01   3.8097600e-02
  -4.8188399e-01  -2.3930200e-01
  -2.9358100e-01  -4.4986599e-01
  -2.4941700e-02  -5.3576299e-01
   2.4973000e-01  -4.7370499e-01
   4.5470099e-01  -2.8126400e-01
   5.3368899e-01  -1.1894000e-02
   4.6531599e-01   2.5990900e-01
   2.6889100e-01   4.5921499e-01
  -1.0384500e-03   5.3131099e-01
  -2.6983500e-01   4.5672299e-01
  -4.6340799e-01   2.5647200e-01
  -5.2863299e-01  -1.3849000e-02
  -4.4793399e-01  -2.7950400e-01
  -2.4401300e-01  -4.6727999e-01
   2.6530900e-02  -5.2565899e-01
   2.8891300e-01  -4.3895499e-01
   4.7083199e-01  -2.3152400e-01
   5.2239399e-01   3.9077800e-02
   4.2979399e-01   2.9805800e-01
   2.1901100e-01   4.7406599e-01
  -5.1483299e-02   5.1884299e-01
  -3.0693700e-01   4.2045899e-01
  -4.7698099e-01   2.0648200e-01
  -5.1500999e-01  -6.3741199e-02
  -4.1095599e-01  -3.1554600e-01
  -1.9394600e-01  -4.7957999e-01
   7.5845399e-02  -5.1090099e-01
   3.2388300e-01  -4.0129199e-01
   4.8186299e-01  -1.8140900e-01
   5.0651999e-01   8.7789999e-02
   3.9147600e-01   3.3194500e-01
   1.6888000e-01   4.8383299e-01
  -9.9569399e-02   5.0187299e-01
  -3.3973000e-01   3.8151400e-01
  -4.8548999e-01   1.5636700e-01
  -4.9696599e-01  -1.1117800e-01
  -3.7141400e-01  -3.4723600e-01
  -1.4387500e-01  -4.8683799e-01
   1.2261000e-01  -4.9180199e-01
   3.5446100e-01  -3.6118400e-01
   4.8787699e-01  -1.3141400e-01
   4.8638899e-01   1.3386000e-01
   3.5083100e-01   3.6140300e-01
   1.1899000e-01   4.8860999e-01
  -1.4492400e-01   4.8073099e-01
  -3.6806100e-01   3.4036100e-01
  -4.8904099e-01   1.0661000e-01
  -4.7483499e-01  -1.5579600e-01
  -3.2978400e-01  -3.7443300e-01
  -9.4281299e-02  -4.8916999e-01
   1.6647100e-01  -4.6870599e-01
   3.8051800e-01  -3.1910500e-01
   4.8900099e-01  -8.2011199e-02
   4.6234999e-01   1.7694600e-01
   3.0833300e-01   3.8631499e-01
   6.9806599e-02   4.8853799e-01
  -1.8721400e-01   4.5577299e-01
  -3.9182299e-01   2.9747500e-01
  -4.8778199e-01   5.7673999e-02
  -4.4898099e-01  -1.9727300e-01
  -2.8653900e-01  -3.9704199e-01
  -4.5620299e-02  -4.8673699e-01
   2.0711800e-01  -4.4198099e-01
   4.0196999e-01  -2.7553100e-01
   4.8540699e-01  -3.3651900e-02
   4.3477799e-01   2.1674500e-01
   2.6445900e-01   4.0660899e-01
   2.1775400e-02   4.8379499e-01
  -2.2615000e-01   4.2737899e-01
  -4.1095799e-01   2.5333100e-01
  -4.8190399e-01   9.9970999e-03
  -4.1978899e-01  -2.3532900e-01
  -2.4215300e-01  -4.1501599e-01
   1.6767900e-03  -4.7973899e-01
   2.4428000e-01  -4.1201699e-01
   4.1878499e-01  -2.3093300e-01
   4.7730299e-01   1.3240100e-02
   4.0406699e-01   2.5299800e-01
   2.1967900e-01   4.2226399e-01
  -2.4687000e-02   4.7459999e-01
  -2.6148100e-01   3.9594699e-01
  -4.2545399e-01   2.0839600e-01
  -4.7163499e-01  -3.6011500e-02
  -3.8766299e-01  -2.6972600e-01
  -1.9709300e-01  -4.2835599e-01
   4.7207899e-02  -4.6841099e-01
   2.7773000e-01  -3.7922099e-01
   4.3097099e-01  -1.8577700e-01
   4.6493299e-01   5.8270699e-02
   3.7062799e-01   2.8549000e-01
   1.7445400e-01   4.3329999e-01
  -6.9194299e-02   4.6120599e-01
  -2.9300400e-01   3.6189099e-01
  -4.3534399e-01   1.6313100e-01
  -4.5723399e-01  -7.9973499e-02
  -3.5301600e-01  -3.0027000e-01
  -1.5181500e-01  -4.3710499e-01
   9.0602999e-02  -4.5302099e-01
   3.0728600e-01  -3.4401100e-01
   4.3858399e-01  -1.4051400e-01
   4.4857399e-01   1.0107800e-01
   3.3488100e-01   3.1404900e-01
   1.2923300e-01   4.3978399e-01
  -1.1139300e-01   4.4389599e-01
  -3.2055900e-01   3.2563300e-01
  -4.4070499e-01   1.1798000e-01
  -4.3899199e-01  -1.2154400e-01
  -3.1627500e-01  -3.2681200e-01
  -1.0676000e-01  -4.4134999e-01
   1.3152600e-01  -4.3386799e-01
   3.3280900e-01  -3.0681300e-01
   4.4172099e-01  -9.5581499e-02
   4.2852899e-01   1.4133400e-01
   2.9725300e-01   3.3854800e-01
   8.4449499e-02   4.4182099e-01
  -1.5096500e-01   4.2297999e-01
  -3.4402699e-01   2.8760200e-01
  -4.4165099e-01   7.3370699e-02
  -4.1722599e-01  -1.6041400e-01
  -2.7786800e-01  -3.4924699e-01
  -6.2351299e-02  -4.4121599e-01
   1.6967700e-01  -4.1127399e-01
   3.5420499e-01  -2.6805600e-01
   4.4051599e-01  -5.1397399e-02
   4.0512699e-01   1.7875000e-01
   2.5817400e-01   3.5890199e-01
   4.0515099e-02   4.3955599e-01
  -1.8762900e-01   3.9879199e-01
  -3.6333699e-01   2.4822800e-01
  -4.3833899e-01   2.9710300e-02
  -3.9227499e-01  -1.9631100e-01
  -2.3822400e-01  -3.6750999e-01
  -1.8988800e-02  -4.3686599e-01
   2.0479300e-01  -3.8558099e-01
   3.7142099e-01  -2.2817000e-01
   4.3514299e-01  -8.3563499e-03
   3.7871599e-01   2.1307100e-01
   2.1807100e-01   3.7506999e-01
  -2.1814200e-03   4.3317199e-01
  -2.2114200e-01   3.7168499e-01
  -3.7845699e-01   2.0793500e-01
  -4.3095599e-01  -1.2619000e-02
  -3.6449499e-01  -2.2900300e-01
  -1.9776800e-01  -3.8158299e-01
   2.2951000e-02  -4.2849899e-01
   2.3665200e-01  -3.5715099e-01
   3.8444799e-01  -1.8757700e-01
   4.2580599e-01   3.3172199e-02
   3.4965899e-01   2.4408500e-01
   1.7736700e-01   3.8705299e-01
  -4.3277399e-02   4.2287999e-01
  -2.5130000e-01   3.4202599e-01
  -3.8939799e-01   1.6714500e-01
  -4.1972399e-01  -5.3261499e-02
  -3.3425599e-01  -2.5829500e-01
  -1.5691800e-01  -3.9148499e-01
   6.3119699e-02  -4.1634299e-01
   2.6506800e-01  -3.2635699e-01
   3.9331499e-01  -1.4669100e-01
   4.1274199e-01   7.2846999e-02
   3.1833299e-01   2.7161600e-01
   1.3647100e-01   3.9488999e-01
  -8.2438999e-02   4.0892399e-01
  -2.7793800e-01   3.1019200e-01
  -3.9620899e-01   1.2626500e-01
  -4.0489299e-01  -9.1890899e-02
  -3.0193900e-01  -2.8403200e-01
  -1.1607700e-01  -3.9727599e-01
   1.0119800e-01  -4.0065499e-01
   2.8989700e-01  -2.9358000e-01
   3.9809299e-01  -1.0591500e-01
   3.9621299e-01   1.1035700e-01
   2.8512200e-01   2.9553100e-01
   9.5783898e-02   3.9865899e-01
  -1.1936300e-01   3.9157199e-01
  -3.0093200e-01   2.7656900e-01
  -3.9897899e-01   8.5689499e-02
  -3.8673799e-01  -1.2821200e-01
  -2.6793000e-01  -3.0610100e-01
  -7.5637899e-02  -3.9905399e-01
   1.3690000e-01  -3.8171399e-01
   3.1103499e-01  -2.5920800e-01
   3.9888499e-01  -6.5634699e-02
   3.7650599e-01   1.4542400e-01
   2.5041100e-01   3.1573399e-01
   5.5685399e-02   3.9847699e-01
  -1.5378000e-01   3.7111799e-01
  -3.2019799e-01   2.4154500e-01
  -3.9782999e-01   4.5795799e-02
  -3.6555499e-01  -1.6196300e-01
  -2.3261500e-01  -3.2442499e-01
  -3.5971099e-02  -3.9694799e-01
   1.6997200e-01  -3.5982299e-01
   3.2841599e-01  -2.2362800e-01
   3.9583299e-01  -2.6216700e-02
   3.5392699e-01   1.7780300e-01
   2.1459000e-01   3.3216999e-01
   1.6537900e-02   3.9448899e-01
  -1.8545200e-01   3.4786999e-01
  -3.3568699e-01   2.0550600e-01
  -3.9291799e-01   6.9398999e-03
  -3.4165999e-01  -1.9291700e-01
  -1.9638300e-01  -3.3896799e-01
   2.5722900e-03  -3.9112299e-01
   2.0019400e-01  -3.3530099e-01
   3.4201199e-01  -1.8722600e-01
   3.8910799e-01   1.1993700e-02
   3.2879699e-01   2.0728200e-01
   1.7804100e-01   3.4481999e-01
  -2.1319400e-02   3.8687599e-01
  -2.1417800e-01   3.2215599e-01
  -3.4739299e-01   1.6883500e-01
  -3.8442999e-01  -3.0544799e-02
  -3.1538099e-01  -2.2087900e-01
  -1.5961200e-01  -3.4973099e-01
   3.9664999e-02  -3.8177299e-01
   2.2738400e-01  -3.0847799e-01
   3.5183399e-01  -1.5038000e-01
   3.7890999e-01   4.8675699e-02
   3.0145299e-01   2.3368900e-01
   1.4114200e-01   3.5370499e-01
  -5.7572299e-02   3.7584399e-01
  -2.3979300e-01   2.9431099e-01
  -3.5534299e-01   1.3190600e-01
  -3.7257799e-01  -6.6350399e-02
  -2.8705700e-01  -2.4569500e-01
  -1.2267600e-01  -3.5674999e-01
   7.5005999e-02  -3.6911699e-01
   2.5139200e-01  -2.7969700e-01
   3.5792799e-01  -1.1345800e-01
   3.6546499e-01   8.3534899e-02
   2.7223700e-01   2.5688300e-01
   1.0425800e-01   3.5887699e-01
  -9.1933098e-02   3.6162499e-01
  -2.6216700e-01   2.6468100e-01
  -3.5959999e-01   9.5080798e-02
  -3.5760199e-01  -1.0019700e-01
  -2.5703600e-01  -2.6724200e-01
  -8.5932198e-02  -3.6009699e-01
   1.0832200e-01  -3.5339899e-01
   2.7210800e-01  -2.4930600e-01
   3.6037199e-01  -7.6817199e-02
   3.4902099e-01   1.1630500e-01
   2.4149800e-01   2.7676200e-01
   6.7741099e-02   3.6042499e-01
  -1.2414300e-01   3.4447299e-01
  -2.8120499e-01   2.3361600e-01
  -3.6025899e-01   5.8708999e-02
  -3.3975899e-01  -1.3183200e-01
  -2.2566600e-01  -2.8543599e-01
  -4.9726099e-02  -3.5987699e-01
   1.3936900e-01  -3.3488199e-01
   2.8945399e-01  -2.1765400e-01
   3.5927899e-01  -4.0797199e-02
   3.2984799e-01   1.4675100e-01
   2.0958600e-01   2.9325899e-01
   3.1927399e-02   3.5846899e-01
  -1.5397500e-01   3.2466099e-01
  -2.9684999e-01   2.0146500e-01
  -3.5744899e-01   2.3121300e-02
  -3.1932599e-01  -1.6103700e-01
  -1.9329900e-01  -3.0022699e-01
  -1.4383900e-02  -3.5622199e-01
   1.6793500e-01  -3.1384699e-01
   3.0338999e-01  -1.8509200e-01
   3.5478999e-01  -5.7196899e-03
   3.0822899e-01   1.7466700e-01
   1.7685000e-01   3.0633999e-01
  -2.8667199e-03   3.5315599e-01
  -1.8122900e-01   3.0247699e-01
  -3.0907599e-01   1.6857700e-01
  -3.5132299e-01  -1.1370800e-02
  -2.9659499e-01  -1.8762000e-01
  -1.6028000e-01  -3.1159899e-01
   1.9788300e-02  -3.4929499e-01
   1.9383700e-01  -2.9058799e-01
   3.1390899e-01  -1.5196400e-01
   3.4707299e-01   2.8114799e-02
   2.8446199e-01   1.9987900e-01
   1.4363300e-01   3.1600699e-01
  -3.6346099e-02   3.4466199e-01
  -2.0574200e-01   2.7821999e-01
  -3.1789299e-01   1.3529400e-01
  -3.4206399e-01  -4.4478199e-02
  -2.7186799e-01  -2.1142600e-01
  -1.2695000e-01  -3.1956899e-01
   5.2506899e-02  -3.3928299e-01
   2.1692800e-01  -2.6540999e-01
   3.2103599e-01  -1.1860800e-01
   3.3632199e-01   6.0428599e-02
   2.5885300e-01   2.2224600e-01
   1.1027200e-01   3.2229299e-01
  -6.8239199e-02   3.3318499e-01
  -2.2738000e-01   2.5219900e-01
  -3.2334399e-01   1.0194700e-01
  -3.2987499e-01  -7.5935199e-02
  -2.4545500e-01  -2.3232800e-01
  -9.3638998e-02  -3.2418799e-01
   8.3512898e-02  -3.2639699e-01
   2.3708800e-01  -2.3862500e-01
   3.2482799e-01  -8.5351698e-02
   3.2275199e-01   9.0968798e-02
   2.3171500e-01   2.4166000e-01
   7.7090398e-02   3.2526499e-01
  -9.8299598e-02   3.1894599e-01
  -2.4604300e-01   2.2472900e-01
  -3.2549999e-01   6.8859699e-02
  -3.1498199e-01  -1.0550200e-01
  -2.1767200e-01  -2.5023500e-01
  -6.0664499e-02  -3.2553499e-01
   1.1257300e-01  -3.1086499e-01
   2.5423599e-01  -2.1054900e-01
   3.2537299e-01  -5.2509399e-02
   3.0659699e-01   1.1950900e-01
   2.0336500e-01   2.5804499e-01
   4.4398899e-02   3.2501499e-01
  -1.2630800e-01   3.0218299e-01
  -2.6166199e-01   1.9612500e-01
  -3.2446299e-01   3.6337499e-02
  -2.9762799e-01  -1.3296600e-01
  -1.8883500e-01  -2.6508599e-01
  -2.8329699e-02  -3.2371899e-01
   1.3948100e-01  -2.9293399e-01
   2.6831699e-01  -1.8149800e-01
   3.2278599e-01  -2.0379800e-02
   2.8810699e-01   1.4585000e-01
   1.7411900e-01   2.7135499e-01
   1.2492200e-02   3.2166599e-01
  -1.5207100e-01   2.8314999e-01
  -2.7419999e-01   1.6670400e-01
  -3.2036099e-01   4.6709499e-03
  -2.7806799e-01  -1.5814200e-01
  -1.5925800e-01  -2.7685099e-01
   3.0797599e-03  -3.1887399e-01
   1.6405900e-01  -2.7286499e-01
   2.7930999e-01  -1.5178500e-01
   3.1720699e-01   1.0755900e-02
   2.6754499e-01   1.6982200e-01
   1.4429000e-01   2.8157699e-01
  -1.8353500e-02   3.1536299e-01
  -1.7542700e-01   2.6211299e-01
  -2.8365099e-01   1.3677700e-01
  -3.1334599e-01  -2.5868699e-02
  -2.5657299e-01  -1.8087400e-01
  -1.2925200e-01  -2.8553399e-01
   3.3297699e-02  -3.1115699e-01
   1.8615900e-01  -2.5092899e-01
   2.8722599e-01  -1.2171900e-01
   3.0879999e-01   4.0636799e-02
   2.4518499e-01   1.9128200e-01
   1.1418400e-01   2.8872699e-01
  -4.7882399e-02   3.0627799e-01
  -1.9624100e-01   2.3934699e-01
  -2.9003999e-01   1.0664900e-01
  -3.0359399e-01  -5.5030999e-02
  -2.3341800e-01  -2.0103400e-01
  -9.9120398e-02  -2.9116399e-01
   6.2079199e-02  -3.0074999e-01
   2.0566100e-01  -2.2740400e-01
   2.9210099e-01  -9.1602298e-02
   2.9775099e-01   6.9023499e-02
   2.2130700e-01   2.1011900e-01
   8.4099098e-02   2.9285199e-01
  -7.5860898e-02   2.9459899e-01
  -2.1440800e-01   2.1513400e-01
  -2.9341799e-01   7.6615298e-02
  -2.9129799e-01  -8.2588098e-02
  -2.0888800e-01  -2.1852600e-01
  -6.9155199e-02  -2.9380099e-01
   8.9201998e-02  -2.8785099e-01
   2.2247400e-01  -2.0257400e-01
   2.9400199e-01  -6.1723099e-02
   2.8426199e-01   9.5699798e-02
   1.9619600e-01   2.2624900e-01
   5.4323299e-02   2.9402199e-01
  -1.0207900e-01   2.8053499e-01
  -2.2985200e-01   1.8975900e-01
  -2.9386399e-01   4.6959999e-02
  -2.7667099e-01  -1.0833600e-01
  -1.8326700e-01  -2.3328099e-01
  -3.9637199e-02  -2.9352999e-01
   1.1446800e-01  -2.7267699e-01
   2.3653699e-01  -1.7672500e-01
   2.9301999e-01  -3.2359099e-02
   2.6855399e-01   1.2047400e-01
   1.7013700e-01   2.3961799e-01
   2.5129599e-02   2.9233699e-01
  -1.2635000e-01   2.6430699e-01
  -2.4252499e-01   1.6350700e-01
  -2.9148399e-01   1.7952700e-02
  -2.5993899e-01  -1.3209400e-01
  -1.5684100e-01  -2.4525799e-01
  -1.0832200e-02  -2.9046099e-01
   1.3770500e-01  -2.5545499e-01
   2.4781699e-01  -1.5014200e-01
   2.8927199e-01  -3.7718999e-03
   2.5085799e-01   1.4317900e-01
   1.4341500e-01   2.5020099e-01
  -3.2244299e-03   2.8791799e-01
  -1.4851500e-01   2.4615199e-01
  -2.5241099e-01   1.3666300e-01
  -2.8640299e-01  -1.0153200e-02
  -2.4133999e-01  -1.5371100e-01
  -1.2989300e-01  -2.5444699e-01
   1.7010800e-02  -2.8472799e-01
   1.5876400e-01  -2.3642699e-01
   2.5630899e-01  -1.2310700e-01
   2.8289599e-01   2.3793699e-02
   2.3141699e-01   1.6367400e-01
   1.1630900e-01   2.5799899e-01
  -3.0498599e-02   2.8090899e-01
  -1.6843900e-01   2.2631399e-01
  -2.5951599e-01   1.0950500e-01
  -2.7877099e-01  -3.7122099e-02
  -2.2112099e-01  -1.7305700e-01
  -1.0269900e-01  -2.6086099e-01
   4.3660899e-02  -2.7648299e-01
   1.7752600e-01  -2.1584200e-01
   2.6203599e-01  -9.5893798e-02
   2.7404899e-01   5.0111899e-02
   2.1048200e-01   1.8184600e-01
   8.9094398e-02   2.6303999e-01
  -5.6471899e-02   2.7147199e-01
  -1.8601500e-01   2.0504500e-01
  -2.6387599e-01   8.2304698e-02
  -2.6875399e-01  -6.2738099e-02
  -1.9953400e-01  -1.9003200e-01
  -7.5528798e-02  -2.6454299e-01
   6.8907398e-02  -2.6589899e-01
   1.9389600e-01  -1.9395400e-01
   2.6504399e-01  -6.8770598e-02
   2.6290899e-01   7.4976998e-02
   1.8830800e-01   1.9760600e-01
   6.2034099e-02   2.6537999e-01
  -8.0944198e-02   2.5978799e-01
  -2.0116100e-01   1.8260200e-01
  -2.6555099e-01   5.5323099e-02
  -2.5653799e-01  -8.6806298e-02
  -1.7683800e-01  -2.0456100e-01
  -4.8641499e-02  -2.6555899e-01
   9.2560798e-02  -2.5316299e-01
   2.0780500e-01  -1.7102000e-01
   2.6540599e-01  -4.1993099e-02
   2.4966599e-01   9.8205098e-02
   1.6515400e-01   2.1089300e-01
   3.5381599e-02   2.6509399e-01
  -1.0373700e-01   2.4605099e-01
  -2.1382299e-01   1.5924200e-01
  -2.6462299e-01   2.8810599e-02
  -2.4231999e-01  -1.0915400e-01
  -1.5328900e-01  -2.1659699e-01
  -2.2283699e-02  -2.6399699e-01
   1.1445400e-01  -2.3847699e-01
   2.1921299e-01  -1.4729900e-01
   2.6321599e-01  -1.5804600e-02
   2.3452499e-01   1.1963400e-01
   1.4127600e-01   2.2167099e-01
   9.3766898e-03   2.6228299e-01
  -1.2469400e-01   2.3046799e-01
  -2.2397199e-01   1.3522400e-01
  -2.6119899e-01   3.0033699e-03
  -2.2630999e-01  -1.2963000e-01
  -1.2914600e-01  -2.2611499e-01
   3.3119899e-03  -2.5996699e-01
   1.3444200e-01  -2.2205299e-01
   2.2810099e-01  -1.2304700e-01
   2.5858899e-01   9.5660998e-03
   2.1770099e-01   1.3912700e-01
   1.1693100e-01   2.2992999e-01
  -1.5755700e-02   2.5706699e-01
  -1.4368300e-01   2.1325799e-01
  -2.3160199e-01   1.1080100e-01
  -2.5540399e-01  -2.1877799e-02
  -2.0872699e-01  -1.4810900e-01
  -1.0466100e-01  -2.3311799e-01
   2.7929099e-02  -2.5360099e-01
   1.5240500e-01  -2.0411299e-01
   2.3447899e-01  -9.8515398e-02
   2.5165999e-01   3.3906699e-02
   1.9941700e-01   1.5656700e-01
   9.2367598e-02   2.3568399e-01
  -3.9807599e-02   2.4958599e-01
  -1.6059500e-01   1.9464500e-01
  -2.3673499e-01   8.6221498e-02
  -2.4737899e-01  -4.5629099e-02
  -1.8979900e-01  -1.6448800e-01
  -8.0080598e-02  -2.3763299e-01
   5.1368199e-02  -2.4504299e-01
   1.6824500e-01  -1.8488400e-01
   2.3837799e-01  -7.3948798e-02
   2.4258099e-01   5.7022399e-02
   1.7990200e-01   1.7186400e-01
   6.7829698e-02   2.3897099e-01
  -6.2588898e-02   2.3999399e-01
  -1.7534600e-01   1.7485800e-01
  -2.3941399e-01   6.1726798e-02
  -2.3728599e-01  -6.8065198e-02
  -1.6975600e-01  -1.7868800e-01
  -5.5643599e-02  -2.3970699e-01
   7.3448898e-02  -2.3445899e-01
   1.8189000e-01  -1.6459800e-01
   2.3985199e-01  -4.9583799e-02
   2.3151699e-01   7.8737498e-02
   1.5938900e-01   1.8495200e-01
   4.3550799e-02   2.3985099e-01
  -8.3928698e-02   2.2846099e-01
  -1.8787300e-01   1.5413100e-01
  -2.3970299e-01   3.7547899e-02
  -2.2529599e-01  -8.9020298e-02
  -1.4883000e-01  -1.9065300e-01
  -3.1578499e-02  -2.3941199e-01
   9.4010098e-02  -2.2202399e-01
   1.9329000e-01  -1.4348800e-01
   2.3897799e-01  -2.5645999e-02
   2.1864699e-01   9.8895997e-02
   1.3810900e-01   1.9578599e-01
   1.9753599e-02   2.3840299e-01
  -1.0367600e-01   2.1516999e-01
  -1.9813999e-01   1.3269700e-01
  -2.3768899e-01   1.3904400e-02
  -2.1159499e-01  -1.0834900e-01
  -1.2725500e-01  -2.0035099e-01
  -8.1016898e-03  -2.3683799e-01
   1.1291100e-01  -2.0792499e-01
   2.0241999e-01  -1.2178700e-01
   2.3585099e-01  -2.3484899e-03
   2.0416299e-01   1.1736300e-01
   1.1629600e-01   2.0434699e-01
  -3.3521699e-03   2.3472999e-01
  -1.2170100e-01   2.0031299e-01
  -2.0613199e-01   1.1078700e-01
  -2.3347699e-01  -8.9973198e-03
  -1.9637699e-01  -1.2592500e-01
  -1.0526100e-01  -2.0777499e-01
   1.4584100e-02  -2.3209399e-01
   1.3003300e-01  -1.9235899e-01
   2.0927599e-01  -9.9723897e-02
   2.3058299e-01   2.0109499e-02
   1.8826199e-01   1.3402400e-01
   9.4177997e-02   2.1063699e-01
  -2.5570999e-02   2.2894599e-01
  -1.3789600e-01   1.8408900e-01
  -2.1185599e-01   8.8626998e-02
  -2.2718599e-01  -3.0965699e-02
  -1.7984300e-01  -1.4164700e-01
  -8.3074198e-02  -2.1293599e-01
   3.6290999e-02  -2.2530499e-01
   1.4527800e-01  -1.7552900e-01
   2.1387699e-01  -7.7523198e-02
   2.2330399e-01   4.1544299e-02
   1.7114800e-01   1.4878600e-01
   7.1977098e-02   2.1467899e-01
  -4.6723199e-02   2.2118699e-01
  -1.5217200e-01   1.6670400e-01
  -2.1534299e-01   6.6439498e-02
  -2.1895599e-01  -5.1825099e-02
  -1.6220100e-01  -1.5543300e-01
  -6.0913398e-02  -2.1586999e-01
   5.6847698e-02  -2.1661199e-01
   1.5856900e-01  -1.5764200e-01
   2.1626099e-01  -5.5402298e-02
   2.1415899e-01   6.1788698e-02
   1.5303000e-01   1.6158000e-01
   4.9909199e-02   2.1651799e-01
  -6.6645898e-02   2.1159999e-01
  -1.6446400e-01   1.4836800e-01
  -2.1663999e-01   4.4437399e-02
  -2.0893499e-01  -7.1416998e-02
  -1.4366100e-01  -1.6722200e-01
  -3.8989899e-02  -2.1662999e-01
   7.6100098e-02  -2.0616899e-01
   1.6985200e-01  -1.3891000e-01
   2.1648899e-01  -3.3569899e-02
   2.0330399e-01   8.0693098e-02
   1.3411900e-01   1.7235400e-01
   2.8180299e-02   2.1621799e-01
  -8.5193998e-02   2.0034299e-01
  -1.7472900e-01   1.2929200e-01
  -2.1581799e-01   2.2824199e-02
  -1.9728699e-01  -8.9600997e-02
  -1.2443200e-01  -1.7697500e-01
  -1.7504600e-02  -2.1529099e-01
   9.3912297e-02  -1.9414099e-01
   1.7909199e-01  -1.1954100e-01
   2.1463799e-01  -1.2224100e-02
   1.9090599e-01   9.8126197e-02
   1.1462500e-01   1.8108199e-01
   6.9858298e-03   2.1386099e-01
  -1.0224100e-01   1.8758599e-01
  -1.8294199e-01   1.0968400e-01
  -2.1296099e-01   1.7924299e-03
  -1.8418299e-01  -1.0625500e-01
  -1.0472400e-01  -1.8467399e-01
   3.3533399e-03  -2.1194099e-01
   1.1016700e-01  -1.8069999e-01
   1.8627799e-01  -9.9746497e-02
   2.1080199e-01   8.4488098e-03
   1.7714099e-01   1.1397600e-01
   9.4755197e-02   1.8775399e-01
  -1.3491300e-02   2.0954599e-01
  -1.1767900e-01   1.7350700e-01
  -1.8910199e-01   8.9753197e-02
  -2.0817399e-01  -1.8478399e-02
  -1.6980200e-01  -1.2127700e-01
  -8.4743698e-02  -1.9032299e-01
   2.3407499e-02  -2.0668799e-01
   1.2476700e-01  -1.6602900e-01
   1.9141599e-01  -7.9729798e-02
   2.0509199e-01   2.8276099e-02
   1.6219000e-01   1.2814900e-01
   7.4714498e-02   1.9238399e-01
  -3.3081899e-02   2.0338599e-01
  -1.3142100e-01   1.5828900e-01
  -1.9322499e-01   6.9700998e-02
  -2.0157199e-01  -3.7822499e-02
  -1.5432900e-01  -1.3458300e-01
  -6.4692198e-02  -1.9394099e-01
   4.2495799e-02  -1.9965299e-01
   1.3763300e-01  -1.5031200e-01
   1.9453299e-01  -5.9691098e-02
   1.9763099e-01   4.7099399e-02
   1.4624100e-01   1.4057200e-01
   5.4700698e-02   1.9500199e-01
  -5.1631198e-02   1.9550799e-01
  -1.4339700e-01   1.4212000e-01
  -1.9534699e-01   4.9723899e-02
  -1.9328599e-01  -5.6089198e-02
  -1.3795200e-01  -1.4610900e-01
  -4.4763599e-02  -1.9557099e-01
   6.0471398e-02  -1.9096799e-01
   1.4870700e-01  -1.3373800e-01
   1.9567399e-01  -3.9822799e-02
   1.8855599e-01   6.4775698e-02
   1.2948400e-01   1.5119000e-01
   3.4904099e-02   1.9565799e-01
  -6.9000398e-02   1.8605199e-01
  -1.5355900e-01   1.2519000e-01
  -1.9552299e-01   3.0010299e-02
  -1.8345899e-01  -7.3143598e-02
  -1.2086100e-01  -1.5581200e-01
  -2.5144299e-02  -1.9526999e-01
   7.7203498e-02  -1.8077799e-01
   1.5794900e-01  -1.1649900e-01
   1.9490199e-01  -2.0308599e-02
   1.7801299e-01   8.1178498e-02
   1.1210800e-01   1.5997000e-01
   1.5506000e-02   1.9441799e-01
  -8.5066997e-02   1.7516599e-01
  -1.6187500e-01   1.0768900e-01
  -1.9382099e-01   1.0739000e-02
  -1.7223999e-01  -8.8867297e-02
  -1.0324700e-01  -1.6366500e-01
  -6.0102498e-03  -1.9311299e-01
   9.2578097e-02  -1.6923599e-01
   1.6533799e-01  -9.8783597e-02
   1.9229299e-01  -1.3221900e-03
   1.6615799e-01   9.6197897e-02
   9.4302197e-02   1.6689499e-01
  -3.3226899e-03   1.9136499e-01
  -9.9725397e-02   1.6300799e-01
  -1.6833599e-01   8.9805597e-02
  -1.9032899e-01  -7.9219898e-03
  -1.5978800e-01  -1.0315900e-01
  -8.5296697e-02  -1.6966199e-01
   1.2473300e-02  -1.8918799e-01
   1.0649800e-01  -1.5650200e-01
   1.7087199e-01  -8.0778397e-02
   1.8794199e-01   1.6974399e-02
   1.5315200e-01   1.0974200e-01
   7.6253498e-02   1.7196699e-01
  -2.1422999e-02   1.8659399e-01
  -1.1288800e-01   1.4974000e-01
  -1.7294799e-01   7.1724698e-02
  -1.8514499e-01  -2.5816799e-02
  -1.4626900e-01  -1.1593600e-01
  -6.7194898e-02  -1.7381399e-01
   3.0153799e-02  -1.8359799e-01
   1.1888500e-01  -1.4274200e-01
   1.7456699e-01  -6.2666798e-02
   1.8195399e-01   3.4431799e-02
   1.3916200e-01   1.2173400e-01
   5.8143098e-02   1.7520699e-01
  -3.8648699e-02   1.8021499e-01
  -1.2448300e-01   1.3553000e-01
  -1.7573399e-01   5.3626598e-02
  -1.7838299e-01  -4.2802699e-02
  -1.3185100e-01  -1.2713100e-01
  -4.9119998e-02  -1.7614999e-01
   4.6891699e-02  -1.7645999e-01
   1.2967600e-01  -1.2812600e-01
   1.7645499e-01  -4.4625799e-02
   1.7444699e-01   5.0913898e-02
   1.2435800e-01   1.3211900e-01
   4.0146699e-02   1.7665099e-01
  -5.4867498e-02   1.7234799e-01
  -1.3445900e-01   1.2055100e-01
  -1.7673699e-01   3.5685199e-02
  -1.7016399e-01  -5.8750698e-02
  -1.1670500e-01  -1.3669500e-01
  -3.1243999e-02  -1.7671499e-01
   6.2561798e-02  -1.6789699e-01
   1.3882800e-01  -1.1282500e-01
   1.7658599e-01  -2.6825399e-02
   1.6554999e-01   6.6299198e-02
   1.0891300e-01   1.4085600e-01
   2.2431999e-02   1.7635199e-01
  -6.9961298e-02   1.6312399e-01
  -1.4278000e-01   1.0497200e-01
  -1.7601199e-01   1.8066299e-02
  -1.6062199e-01  -7.3546698e-02
  -1.0100400e-01  -1.4459900e-01
  -1.3730500e-02  -1.7556899e-01
   7.7053697e-02  -1.5804599e-01
   1.4631300e-01  -9.7011297e-02
   1.7502299e-01  -9.4270297e-03
   1.5539799e-01   8.0481197e-02
   9.2997697e-02   1.4792200e-01
   5.1582298e-03   1.7437699e-01
  -8.3827597e-02   1.5267999e-01
  -1.4942700e-01   8.8965297e-02
  -1.7362999e-01   9.2634797e-04
  -1.4989600e-01  -8.7091797e-02
  -8.4916697e-02  -1.5082700e-01
   3.2663999e-03  -1.7278599e-01
   9.0272497e-02  -1.4704700e-01
   1.5212199e-01  -8.0854597e-02
   1.7184399e-01   7.4178298e-03
   1.4413500e-01   9.3368597e-02
   7.6781497e-02   1.5331199e-01
  -1.1525800e-02   1.7080699e-01
  -9.6379097e-02   1.4116300e-01
  -1.5439899e-01   7.2700098e-02
  -1.6967599e-01  -1.5588299e-02
  -1.3813300e-01  -9.9302797e-02
  -6.8612798e-02  -1.5538099e-01
   1.9603199e-02  -1.6845299e-01
   1.0213900e-01  -1.3504800e-01
   1.5626099e-01  -6.4522198e-02
   1.6713899e-01   2.3568499e-02
   1.3191000e-01   1.0488600e-01
   6.0430898e-02   1.5703699e-01
  -2.7482399e-02   1.6573599e-01
  -1.0754400e-01   1.2872200e-01
  -1.5770999e-01   5.6341298e-02
  -1.6424499e-01  -3.1342799e-02
  -1.2548500e-01  -1.1011200e-01
  -5.2255798e-02  -1.5828099e-01
   3.5147999e-02  -1.6266899e-01
   1.1258900e-01  -1.2220200e-01
   1.5875199e-01  -4.8176998e-02
   1.6100899e-01   3.8896199e-02
   1.1887600e-01   1.1497400e-01
   4.4107198e-02   1.5912099e-01
  -4.2585699e-02   1.5926699e-01
  -1.1726800e-01   1.1550900e-01
  -1.5938999e-01   4.0048799e-02
  -1.5744399e-01  -4.6214698e-02
  -1.1210400e-01  -1.1946800e-01
  -3.6004099e-02  -1.5955999e-01
   4.9781598e-02  -1.5554299e-01
   1.2157600e-01  -1.0866200e-01
   1.5963199e-01  -3.1975599e-02
   1.5356599e-01   5.3284798e-02
   1.0518700e-01   1.2359000e-01
   2.7965499e-02   1.5960599e-01
  -5.6722898e-02   1.5151299e-01
  -1.2551000e-01   1.0168100e-01
  -1.5948399e-01   2.3975999e-02
  -1.4938899e-01  -6.0094298e-02
  -9.8145797e-02  -1.2733600e-01
  -2.0009399e-02  -1.5926599e-01
   6.3397598e-02  -1.4719299e-01
   1.2906700e-01  -9.4584197e-02
   1.5895299e-01  -1.6067799e-02
   1.4492899e-01   6.6631398e-02
   9.0998697e-02   1.3070400e-01
   1.2153500e-02   1.5854699e-01
  -6.9794498e-02   1.4259800e-01
  -1.3224600e-01   8.7391597e-02
  -1.5804799e-01   8.2685197e-03
  -1.4020200e-01  -7.2885597e-02
  -8.3765297e-02  -1.3369400e-01
  -4.4149698e-03  -1.5745799e-01
   7.5903397e-02  -1.3774400e-01
   1.3504700e-01  -8.0122097e-02
   1.5677899e-01  -5.9488898e-04
   1.3522500e-01   7.8846897e-02
   7.6464597e-02   1.3630500e-01
  -3.1897199e-03   1.5600999e-01
  -8.1714897e-02   1.3264800e-01
  -1.3746900e-01   7.2794997e-02
  -1.5515399e-01  -6.9368898e-03
  -1.3001500e-01  -8.4506497e-02
  -6.9115598e-02  -1.3853800e-01
   1.0644700e-02  -1.5421199e-01
   8.7220497e-02  -1.2732700e-01
   1.3951400e-01  -6.5428798e-02
   1.5318499e-01   1.4311299e-02
   1.2458800e-01   8.9856297e-02
   6.1736898e-02   1.4039499e-01
  -1.7934799e-02   1.5207499e-01
  -9.2412697e-02   1.2179800e-01
  -1.4118299e-01   5.8042098e-02
  -1.5088299e-01  -2.1513399e-02
  -1.1896100e-01  -9.4889097e-02
  -5.4346798e-02  -1.4187799e-01
   2.5045399e-02  -1.4960999e-01
   9.7284696e-02  -1.1607800e-01
   1.4248099e-01  -5.0653198e-02
   1.4825899e-01   2.8529099e-02
   1.1315200e-01   9.9598796e-02
   4.6963498e-02   1.4299099e-01
  -3.1962799e-02   1.4683099e-01
  -1.0183100e-01   1.1018400e-01
  -1.4340999e-01   4.3279898e-02
  -1.4532699e-01  -3.5344799e-02
  -1.0717800e-01  -1.0398000e-01
  -3.9604599e-02  -1.4373699e-01
   3.8673699e-02  -1.4374799e-01
   1.0604600e-01  -1.0413400e-01
   1.4397499e-01  -3.5939799e-02
   1.4209799e-01   4.1947998e-02
   1.0105700e-01   1.0802800e-01
   3.2287499e-02   1.4412299e-01
  -4.5165998e-02   1.4037599e-01
  -1.0992600e-01   9.7946096e-02
  -1.4418199e-01   2.8649899e-02
  -1.3858599e-01  -4.8326498e-02
  -9.4805496e-02  -1.1174000e-01
  -2.5028999e-02  -1.4415299e-01
   5.1427998e-02  -1.3672799e-01
   1.1346900e-01  -9.1636797e-02
   1.4403699e-01  -2.1426899e-02
   1.3480499e-01   5.4469198e-02
   8.8442197e-02   1.1511300e-01
   1.7845599e-02   1.4383499e-01
  -5.7448798e-02   1.3281800e-01
  -1.1667100e-01   8.5223997e-02
  -1.4354699e-01   1.4287099e-02
  -1.3076900e-01  -6.0365598e-02
  -8.1984197e-02  -1.1814400e-01
  -1.0753300e-02  -1.4317399e-01
   6.3218398e-02  -1.2866000e-01
   1.1953200e-01  -7.8725097e-02
   1.4271899e-01  -7.2460797e-03
   1.2649200e-01   6.6006098e-02
   7.5448697e-02   1.2083400e-01
   3.7673899e-03   1.4218099e-01
  -6.8727597e-02   1.2426900e-01
  -1.2205000e-01   7.2157297e-02
  -1.4156199e-01   3.1904499e-04
  -1.2199000e-01  -7.1381897e-02
  -6.8853097e-02  -1.2318100e-01
   3.0971499e-03  -1.4086299e-01
   7.3967897e-02  -1.1965900e-01
   1.2422700e-01  -6.5537998e-02
   1.4008499e-01   6.4794198e-03
   1.1727800e-01   7.6484897e-02
   6.2214298e-02   1.2518700e-01
  -9.8260296e-03   1.3922899e-01
  -7.8931797e-02   1.1484700e-01
  -1.2606300e-01   5.8883898e-02
  -1.3829599e-01  -1.3135299e-02
  -1.1237000e-01  -8.1307797e-02
  -5.5549198e-02  -1.2685400e-01
   1.6405499e-02  -1.3728899e-01
   8.3612297e-02  -1.0984700e-01
   1.2756000e-01  -5.2211898e-02
   1.3620799e-01   1.9635099e-02
   1.0728200e-01   8.5844297e-02
   4.8874298e-02   1.2818300e-01
  -2.2822499e-02   1.3505399e-01
  -8.8003397e-02   1.0467600e-01
  -1.2872100e-01   4.5538398e-02
  -1.3382899e-01  -2.5966199e-02
  -1.0203000e-01  -9.0088797e-02
  -4.2206098e-02  -1.2917699e-01
   2.9064599e-02  -1.3253399e-01
   9.2099996e-02  -9.9347696e-02
   1.2954999e-01  -3.8879498e-02
   1.3117199e-01   3.2116299e-02
   9.6630096e-02   9.4036496e-02
   3.5560499e-02   1.2984099e-01
  -3.5119899e-02   1.2974199e-01
  -9.5897696e-02   9.3879296e-02
  -1.3004999e-01   3.2250999e-02
  -1.2824699e-01  -3.8073999e-02
  -9.1097296e-02  -9.7683196e-02
  -2.8953099e-02  -1.3017899e-01
   4.0977298e-02  -1.2668800e-01
   9.9392796e-02  -8.8286197e-02
   1.3022699e-01  -2.5668399e-02
   1.2506700e-01   4.3828498e-02
   8.5447897e-02   1.0102600e-01
   2.2399099e-02   1.3019599e-01
  -4.6626398e-02   1.2338500e-01
  -1.0258300e-01   8.2584397e-02
  -1.3008599e-01   1.9146799e-02
  -1.2164400e-01  -4.9369698e-02
  -7.9697597e-02  -1.0406200e-01
  -1.5913399e-02  -1.2989799e-01
   5.2057398e-02  -1.1984600e-01
   1.0546500e-01  -7.6789497e-02
   1.2963299e-01  -1.2700699e-02
   1.1799200e-01   5.4688198e-02
   7.3862197e-02   1.0679100e-01
   9.5103496e-03   1.2929199e-01
  -5.7261198e-02   1.1608400e-01
  -1.0803900e-01   7.0917397e-02
  -1.2887599e-01   6.3442097e-03
  -1.1412300e-01  -5.9775298e-02
  -6.7957297e-02  -1.0921000e-01
  -3.2039199e-03  -1.2838599e-01
   6.2229497e-02  -1.1211100e-01
   1.1030400e-01  -6.4983697e-02
   1.2782199e-01  -9.1144296e-05
   1.1005000e-01   6.4622997e-02
   6.1998597e-02   1.1132100e-01
  -2.9924899e-03   1.2718599e-01
  -6.6954797e-02   1.0794200e-01
  -1.1226000e-01   5.9003798e-02
  -1.2647799e-01  -6.0453798e-03
  -1.0578800e-01  -6.9224097e-02
  -5.6001398e-02  -1.1312300e-01
   9.0659696e-03  -1.2570099e-01
   7.1430097e-02  -1.0359000e-01
   1.1390900e-01  -5.2993098e-02
   1.2485499e-01   1.2052700e-02
   1.0135000e-01   7.3572097e-02
   4.9980898e-02   1.1461800e-01
  -1.5004099e-02   1.2393999e-01
  -7.5649397e-02   9.9068896e-02
  -1.1525100e-01   4.6966598e-02
  -1.2295999e-01  -1.7918799e-02
  -9.6749396e-02  -7.7661197e-02
  -4.3952098e-02  -1.1580900e-01
   2.0795199e-02  -1.2191299e-01
   7.9607097e-02  -9.4393096e-02
   1.1629100e-01  -4.0939198e-02
   1.2080300e-01   2.3631999e-02
   9.2001496e-02   8.1486397e-02
   3.7929798e-02   1.1669700e-01
  -2.6427899e-02   1.1963000e-01
  -8.3298697e-02   8.9576496e-02
  -1.1703000e-01   3.4925499e-02
  -1.1839500e-01  -2.9181499e-02
  -8.7119996e-02  -8.5043396e-02
  -3.1928199e-02  -1.1728800e-01
   3.1891499e-02  -1.1710000e-01
   8.6720096e-02  -8.4633596e-02
   1.1747200e-01  -2.8939699e-02
   1.1574600e-01   3.4556799e-02
   8.2119197e-02   8.8328496e-02
   2.5961699e-02   1.1758300e-01
