   2.6694800e+00  -3.4923200e-02
   2.2667800e+00   1.3471900e+00
   1.1702800e+00   2.2553300e+00
  -2.2047500e-01   2.3842100e+00
  -1.4067100e+00   1.7150000e+00
  -1.9736300e+00   5.1800300e-01
  -1.7403500e+00  -7.5038800e-01
  -8.2227900e-01  -1.6172600e+00
   4.1571600e-01  -1.7664100e+00
   1.4967200e+00  -1.1517700e+00
   2.0082400e+00  -1.0454800e-02
   1.7525900e+00   1.2280700e+00
   8.1669800e-01   2.1018800e+00
  -4.6329200e-01   2.2862400e+00
  -1.6280000e+00   1.7107100e+00
  -2.2641600e+00   5.8171700e-01
  -2.1547600e+00  -6.9640500e-01
  -1.3553000e+00  -1.6715200e+00
  -1.6951000e-01  -2.0090600e+00
   9.6530000e-01  -1.6119200e+00
   1.6397800e+00  -6.5190900e-01
   1.6214000e+00   4.9756300e-01
   9.3631400e-01   1.4013300e+00
  -1.4452600e-01   1.7226200e+00
  -1.2085600e+00   1.3447500e+00
  -1.8549100e+00   4.1038700e-01
  -1.8409400e+00  -7.3458100e-01
  -1.1687900e+00  -1.6705600e+00
  -8.0981800e-02  -2.0586900e+00
   1.0316100e+00  -1.7633600e+00
   1.7745400e+00  -8.9854000e-01
   1.8935100e+00   2.1774500e-01
   1.3645400e+00   1.1826000e+00
   3.9861700e-01   1.6563900e+00
  -6.3946800e-01   1.4852300e+00
  -1.3669100e+00   7.5353500e-01
  -1.5228600e+00  -2.5130700e-01
  -1.0613000e+00  -1.1476700e+00
  -1.6393100e-01  -1.6008800e+00
   8.3040900e-01  -1.4446600e+00
   1.5523400e+00  -7.3897600e-01
   1.7374300e+00   2.5582000e-01
   1.3209200e+00   1.1774600e+00
   4.5787500e-01   1.6956700e+00
  -5.3721000e-01   1.6318900e+00
  -1.3078300e+00   1.0215100e+00
  -1.5859500e+00   9.6833700e-02
  -1.2876700e+00  -8.0124800e-01
  -5.3997200e-01  -1.3495100e+00
   3.6991500e-01  -1.3596100e+00
   1.1025400e+00  -8.4376200e-01
   1.3909800e+00  -6.0056100e-03
   1.1366700e+00   8.3625500e-01
   4.4175000e-01   1.3704000e+00
  -4.3231700e-01   1.4025400e+00
  -1.1633700e+00   9.2577100e-01
  -1.4872100e+00   1.1885700e-01
  -1.2926500e+00  -7.2268500e-01
  -6.5873700e-01  -1.2965800e+00
   1.7805500e-01  -1.4038400e+00
   9.1323600e-01  -1.0187900e+00
   1.2864300e+00  -2.9442600e-01
   1.1749200e+00   4.9731300e-01
   6.3488800e-01   1.0671700e+00
  -1.2332800e-01   1.2140900e+00
  -8.1549000e-01   8.9613700e-01
  -1.1886500e+00   2.4181200e-01
  -1.1124100e+00  -5.0089300e-01
  -6.2333500e-01  -1.0576600e+00
   9.2449000e-02  -1.2283000e+00
   7.7060600e-01  -9.5773300e-01
   1.1666300e+00  -3.5240200e-01
   1.1441400e+00   3.6241300e-01
   7.2166400e-01   9.2742000e-01
   6.1853200e-02   1.1442500e+00
  -5.9132700e-01   9.4577100e-01
  -1.0032400e+00   4.1680900e-01
  -1.0333500e+00  -2.4081200e-01
  -6.8345400e-01  -7.8475000e-01
  -9.2958400e-02  -1.0211500e+00
   5.1572100e-01  -8.7350700e-01
   9.2023300e-01  -4.0693700e-01
   9.7893000e-01   1.9962500e-01
   6.7982200e-01   7.2172000e-01
   1.4103300e-01   9.7210900e-01
  -4.3595800e-01   8.6751800e-01
  -8.4186000e-01   4.5561000e-01
  -9.3558700e-01  -1.0633600e-01
  -6.9314500e-01  -6.1180400e-01
  -2.1253100e-01  -8.8129800e-01
   3.2570400e-01  -8.2631900e-01
   7.2645100e-01  -4.7826400e-01
   8.5099300e-01   2.7035300e-02
   6.6510300e-01   5.0201600e-01
   2.4766300e-01   7.7693600e-01
  -2.4191900e-01   7.6049400e-01
  -6.2421700e-01   4.6989800e-01
  -7.6530100e-01   2.0592600e-02
  -6.2334700e-01  -4.1912000e-01
  -2.6019900e-01  -6.9083700e-01
   1.8497300e-01  -7.0279700e-01
   5.4888500e-01  -4.6032700e-01
   7.0393100e-01  -6.0025300e-02
   6.0264200e-01   3.4874600e-01
   2.9140800e-01   6.1977600e-01
  -1.1020500e-01   6.6240100e-01
  -4.5559100e-01   4.7162200e-01
  -6.2491100e-01   1.2604200e-01
  -5.6683100e-01  -2.4416500e-01
  -3.1368200e-01  -5.0634000e-01
   3.4163100e-02  -5.7299300e-01
   3.4760300e-01  -4.3090200e-01
   5.1648600e-01  -1.4210400e-01
   4.8806000e-01   1.8218600e-01
   2.8283300e-01   4.2394900e-01
  -1.6688300e-02   5.0091700e-01
  -2.9886800e-01   3.9399800e-01
  -4.6439100e-01   1.5053700e-01
  -4.6093800e-01  -1.3636900e-01
  -2.9900300e-01  -3.6369300e-01
  -4.4335700e-02  -4.5566500e-01
   2.0885100e-01  -3.8890900e-01
   3.7308200e-01  -1.9730100e-01
   3.9808300e-01   4.3871600e-02
   2.8592200e-01   2.4738400e-01
   8.6486300e-02   3.4568900e-01
  -1.2367000e-01   3.1322800e-01
  -2.7031900e-01   1.7215900e-01
  -3.0744200e-01  -1.9252200e-02
  -2.3101300e-01  -1.9006400e-01
  -7.6789600e-02  -2.8255700e-01
   9.5719300e-02  -2.7117900e-01
   2.2614400e-01  -1.6842800e-01
   2.7423400e-01  -1.6817500e-02
   2.3166700e-01   1.2883000e-01
   1.2146900e-01   2.2150100e-01
  -1.3396900e-02   2.3712300e-01
  -1.2698500e-01   1.7995700e-01
  -1.8621500e-01   7.7525600e-02
  -1.8015800e-01  -3.1757300e-02
  -1.2041600e-01  -1.1291400e-01
  -3.3771800e-02  -1.4533500e-01
   4.9067100e-02  -1.2702300e-01
   1.0399200e-01  -7.1812500e-02
   1.1971400e-01  -1.8745800e-03
   9.8390500e-02   6.0866300e-02
   5.1729200e-02   1.0110400e-01
  -4.8525000e-03   1.1261300e-01
  -5.7303400e-02   9.7083500e-02
  -9.5619100e-02   6.1036400e-02
  -1.1406800e-01   1.2861200e-02
  -1.1015800e-01  -3.8726400e-02
  -8.3880300e-02  -8.4817900e-02
  -3.8115900e-02  -1.1611400e-01
   2.0097300e-02  -1.2374400e-01
   7.8761100e-02  -1.0173400e-01
   1.2211600e-01  -5.0511800e-02
   1.3456900e-01   2.0349600e-02
   1.0658100e-01   9.2225900e-02
   4.0271600e-02   1.4159800e-01
  -4.8117000e-02   1.4772900e-01
  -1.3099500e-01   1.0137600e-01
  -1.7761400e-01   1.0923300e-02
  -1.6536200e-01  -9.7358900e-02
  -9.0012000e-02  -1.8624200e-01
   2.9578400e-02  -2.2013000e-01
   1.5520100e-01  -1.7906500e-01
   2.4126700e-01  -6.8664300e-02
   2.5137300e-01   7.8636800e-02
   1.7342500e-01   2.1270200e-01
   2.7117400e-02   2.8283800e-01
  -1.4010700e-01   2.5713200e-01
  -2.6829500e-01   1.3658800e-01
  -3.0662800e-01  -4.2018900e-02
  -2.3363300e-01  -2.1682600e-01
  -6.7961100e-02  -3.2220000e-01
   1.3531600e-01  -3.1338100e-01
   3.0268200e-01  -1.8517300e-01
   3.6865500e-01   2.3015600e-02
   3.0121700e-01   2.3880800e-01
   1.1633500e-01   3.8191800e-01
  -1.2478400e-01   3.9399900e-01
  -3.3584400e-01   2.6216000e-01
  -4.3646400e-01   2.6729700e-02
  -3.8287900e-01  -2.3068800e-01
  -1.8662700e-01  -4.1554700e-01
   8.6627000e-02  -4.5525100e-01
   3.3882500e-01  -3.2773000e-01
   4.7469600e-01  -7.2462600e-02
   4.3775500e-01   2.2116300e-01
   2.3352700e-01   4.4494800e-01
  -6.9482100e-02   5.1163500e-01
  -3.6250100e-01   3.8870300e-01
  -5.3547000e-01   1.1313500e-01
  -5.1828800e-01  -2.1931300e-01
  -3.0887000e-01  -4.8743600e-01
   2.3156200e-02  -5.8892700e-01
   3.5955700e-01  -4.7949800e-01
   5.7580000e-01  -1.9181500e-01
   5.8743900e-01   1.7369800e-01
   3.8326100e-01   4.8385000e-01
   3.2232800e-02   6.2130200e-01
  -3.3936400e-01   5.2906200e-01
  -5.9312400e-01   2.3398100e-01
  -6.2986200e-01  -1.6033100e-01
  -4.2807000e-01  -5.0958900e-01
  -5.4598600e-02  -6.8139000e-01
   3.5737600e-01  -6.0507400e-01
   6.5591900e-01  -3.0012900e-01
   7.2644000e-01   1.2821800e-01
   5.3559900e-01   5.2558700e-01
   1.4618600e-01   7.4452600e-01
  -3.0345700e-01   6.9967300e-01
  -6.4883300e-01   4.0134800e-01
  -7.5986700e-01  -4.5615000e-02
  -5.9033200e-01  -4.7835600e-01
  -1.9734600e-01  -7.3513600e-01
   2.7717300e-01  -7.1567100e-01
   6.5718800e-01  -4.2014000e-01
   7.9727200e-01   4.8257300e-02
   6.3760000e-01   5.1909900e-01
   2.2841400e-01   8.1650900e-01
  -2.8591800e-01   8.2449100e-01
  -7.1830700e-01   5.3155300e-01
  -9.0747900e-01   3.7475600e-02
  -7.7850400e-01  -4.8118500e-01
  -3.7258000e-01  -8.3496500e-01
   1.6574200e-01  -8.9159300e-01
   6.4006700e-01  -6.2634700e-01
   8.7406400e-01  -1.3348100e-01
   7.7743800e-01   4.0637600e-01
   3.8126500e-01   7.9163700e-01
  -1.7109500e-01   8.7432800e-01
  -6.7504400e-01   6.1622700e-01
  -9.3960000e-01   1.0532300e-01
  -8.5867500e-01  -4.7433600e-01
  -4.5219900e-01  -9.0909500e-01
   1.3880200e-01  -1.0344200e+00
   7.0219700e-01  -7.9689800e-01
   1.0320800e+00  -2.7605300e-01
   1.0051800e+00   3.4272200e-01
   6.2796300e-01   8.3506700e-01
   3.6353200e-02   1.0201700e+00
  -5.5256100e-01   8.2848100e-01
  -9.1979600e-01   3.2932400e-01
  -9.2573200e-01  -2.9268300e-01
  -5.6324100e-01  -8.0433400e-01
   3.7516600e-02  -1.0097000e+00
   6.5519000e-01  -8.2350900e-01
   1.0579200e+00  -3.0467300e-01
   1.0892000e+00   3.6321600e-01
   7.2712000e-01   9.3790300e-01
   9.4596900e-02   1.2072600e+00
  -5.8389900e-01   1.0682500e+00
  -1.0639200e+00   5.6659600e-01
  -1.1711300e+00  -1.1811700e-01
  -8.6673800e-01  -7.3710400e-01
  -2.6348300e-01  -1.0636000e+00
   4.1422600e-01  -9.7710100e-01
   9.1214100e-01  -5.0935600e-01
   1.0401200e+00   1.6552300e-01
   7.4351200e-01   7.9383000e-01
   1.2528800e-01   1.1353700e+00
  -5.9003500e-01   1.0527700e+00
  -1.1379300e+00   5.6383500e-01
  -1.3112800e+00  -1.6292900e-01
  -1.0377600e+00  -8.6862000e-01
  -4.0824500e-01  -1.2984800e+00
   3.5479200e-01  -1.2959900e+00
   9.7797800e-01  -8.6174500e-01
   1.2374400e+00  -1.5478100e-01
   1.0419700e+00   5.6462200e-01
   4.6801600e-01   1.0302700e+00
  -2.6709400e-01   1.0685200e+00
  -8.8429400e-01   6.6358200e-01
  -1.1456600e+00  -3.5066100e-02
  -9.4312000e-01  -7.6628700e-01
  -3.4001300e-01  -1.2528700e+00
   4.5036200e-01  -1.3040500e+00
   1.1419200e+00  -8.8714800e-01
   1.4807000e+00  -1.4140700e-01
   1.3389200e+00   6.7151800e-01
   7.6334700e-01   1.2628600e+00
  -4.0417800e-02   1.4229100e+00
  -7.8246600e-01   1.0989200e+00
  -1.1949000e+00   4.1573000e-01
  -1.1309300e+00  -3.6919000e-01
  -6.1993100e-01  -9.5997800e-01
   1.4207300e-01  -1.1316800e+00
   8.6380000e-01  -8.1418600e-01
   1.2658600e+00  -1.1959200e-01
   1.1844600e+00   6.9762500e-01
   6.3322400e-01   1.3334400e+00
  -2.0001800e-01   1.5462600e+00
  -1.0209000e+00   1.2467300e+00
  -1.5360900e+00   5.3213100e-01
  -1.5612900e+00  -3.4797800e-01
  -1.0898700e+00  -1.0824800e+00
  -2.9633300e-01  -1.4128500e+00
   5.2698800e-01  -1.2286400e+00
   1.0772100e+00  -6.0889300e-01
   1.1527000e+00   2.0615100e-01
   7.2822700e-01   9.0311000e-01
  -3.4656900e-02   1.2111200e+00
  -8.4621200e-01   1.0025500e+00
  -1.3949000e+00   3.4143500e-01
  -1.4625800e+00  -5.3860700e-01
  -1.0060100e+00  -1.3192600e+00
  -1.7434400e-01  -1.7142900e+00
   7.4435400e-01  -1.5752600e+00
   1.4280800e+00  -9.4710500e-01
   1.6390800e+00  -5.2665300e-02
   1.3115700e+00   7.8839500e-01
   5.7658200e-01   1.2768400e+00
  -2.8582600e-01   1.2441400e+00
  -9.4942300e-01   7.1499900e-01
  -1.1622900e+00  -1.0112500e-01
  -8.4041200e-01  -8.8682600e-01
  -9.9684100e-02  -1.3338200e+00
   7.8575300e-01  -1.2572600e+00
   1.4839000e+00  -6.6512000e-01
   1.7272200e+00   2.4331100e-01
   1.4118500e+00   1.1494900e+00
   6.3697300e-01   1.7321100e+00
  -3.3045500e-01   1.7851900e+00
  -1.1529900e+00   1.2942000e+00
  -1.5463400e+00   4.4198300e-01
  -1.3839000e+00  -4.5802500e-01
  -7.4349800e-01  -1.0769500e+00
   1.2106200e-01  -1.1917000e+00
   8.7349300e-01  -7.6751400e-01
   1.2192800e+00   2.8691400e-02
   1.0149800e+00   8.8941100e-01
   3.2212300e-01   1.4798300e+00
  -6.1431500e-01   1.5616600e+00
  -1.4552700e+00   1.0818800e+00
  -1.8920700e+00   1.9353500e-01
  -1.7602300e+00  -7.9935800e-01
  -1.1005400e+00  -1.5527500e+00
  -1.4484500e-01  -1.8086200e+00
   7.6865200e-01  -1.4897300e+00
   1.3193700e+00  -7.2808800e-01
   1.3221600e+00   1.8365300e-01
   7.9541500e-01   9.0000300e-01
  -4.5746300e-02   1.1501900e+00
  -8.6885100e-01   8.3837000e-01
  -1.3469800e+00   7.9575400e-02
  -1.2799500e+00  -8.4217200e-01
  -6.6907100e-01  -1.5782000e+00
   2.8216600e-01  -1.8437300e+00
   1.2420100e+00  -1.5233100e+00
   1.8718400e+00  -7.1419300e-01
   1.9504300e+00   3.0855400e-01
   1.4553300e+00   1.1923800e+00
   5.7125900e-01   1.6363200e+00
  -3.7773300e-01   1.5012900e+00
  -1.0474000e+00   8.6080700e-01
  -1.1999900e+00  -2.6375400e-02
  -7.9176900e-01  -8.1204600e-01
   1.0903700e-02  -1.1873000e+00
   8.9299200e-01  -9.9698200e-01
   1.5071600e+00  -2.9756000e-01
   1.6022900e+00   6.6295900e-01
   1.1167800e+00   1.5358300e+00
   2.0225700e-01   1.9996800e+00
  -8.3131900e-01   1.8789100e+00
  -1.6288100e+00   1.2085200e+00
  -1.9199000e+00   2.2170800e-01
  -1.6180300e+00  -7.3551600e-01
  -8.5175600e-01  -1.3311700e+00
   8.2969300e-02  -1.3689800e+00
   8.3209200e-01  -8.6009800e-01
   1.1141100e+00  -1.8378400e-02
   8.2397100e-01   8.1901400e-01
   7.1855800e-02   1.3164700e+00
  -8.5732200e-01   1.2642900e+00
  -1.6089700e+00   6.5671500e-01
  -1.8896700e+00  -3.0518400e-01
  -1.5756500e+00  -1.2867800e+00
  -7.5893300e-01  -1.9424800e+00
   2.8583000e-01  -2.0424500e+00
   1.2017500e+00  -1.5568400e+00
   1.6802400e+00  -6.6652800e-01
   1.5738000e+00   3.0358900e-01
   9.4936900e-01   1.0041400e+00
   6.2863400e-02   1.1896600e+00
  -7.3586500e-01   8.0859200e-01
  -1.1325100e+00   2.1646200e-02
  -9.6454900e-01  -8.5796100e-01
  -2.8149100e-01  -1.4805400e+00
   6.7311300e-01  -1.5893700e+00
   1.5511500e+00  -1.1158900e+00
   2.0280000e+00  -2.0560300e-01
   1.9219600e+00   8.3474400e-01
   1.2611900e+00   1.6493700e+00
   2.7339800e-01   1.9636100e+00
  -6.9763700e-01   1.6841100e+00
  -1.3181300e+00   9.3235800e-01
  -1.3864000e+00  -8.0134100e-04
  -9.0609000e-01  -7.6280200e-01
  -8.3800700e-02  -1.0693900e+00
   7.4807400e-01  -8.0919800e-01
   1.2546300e+00  -8.4478800e-02
   1.2224700e+00   8.2701800e-01
   6.3881700e-01   1.5747500e+00
  -3.0338500e-01   1.8648800e+00
  -1.2761100e+00   1.5687500e+00
  -1.9365800e+00   7.7060600e-01
  -2.0528700e+00  -2.6304300e-01
  -1.5887500e+00  -1.1809800e+00
  -7.1637400e-01  -1.6757400e+00
   2.4739300e-01  -1.5957100e+00
   9.5769700e-01  -9.9968500e-01
   1.1682500e+00  -1.3398600e-01
   8.2126400e-01   6.5930300e-01
   6.7677100e-02   1.0689900e+00
  -7.8943500e-01   9.2967100e-01
  -1.4074000e+00   2.8264600e-01
  -1.5308300e+00  -6.3947000e-01
  -1.0860800e+00  -1.4985600e+00
  -2.0875500e-01  -1.9755200e+00
   8.0588600e-01  -1.8876700e+00
   1.6110600e+00  -1.2557000e+00
   1.9353200e+00  -2.9598200e-01
   1.6814000e+00   6.5910200e-01
   9.6090200e-01   1.2829900e+00
   5.2122700e-02   1.3742200e+00
  -7.0304600e-01   9.2934800e-01
  -1.0251700e+00   1.4268700e-01
  -7.9982400e-01  -6.6654100e-01
  -1.1897700e-01  -1.1727800e+00
   7.5370000e-01  -1.1646100e+00
   1.4806900e+00  -6.2278400e-01
   1.7753700e+00   2.7266400e-01
   1.5077700e+00   1.2086800e+00
   7.5244700e-01   1.8542200e+00
  -2.3891500e-01   1.9815900e+00
  -1.1298100e+00   1.5494900e+00
  -1.6220300e+00   7.1738800e-01
  -1.5642500e+00  -2.1373700e-01
  -1.0062300e+00  -9.1236200e-01
  -1.7895100e-01  -1.1379600e+00
   5.9162400e-01  -8.2850900e-01
   1.0052900e+00  -1.2198500e-01
   8.9822000e-01   6.9584500e-01
   3.0293700e-01   1.2977300e+00
  -5.6426700e-01   1.4360900e+00
  -1.3834700e+00   1.0344000e+00
  -1.8491000e+00   2.1534000e-01
  -1.7823300e+00  -7.4437600e-01
  -1.1964000e+00  -1.5155700e+00
  -2.9136400e-01  -1.8370900e+00
   6.1976800e-01  -1.6107500e+00
   1.2258600e+00  -9.3615700e-01
   1.3311800e+00  -7.2790100e-02
   9.2598400e-01   6.5631700e-01
   1.8833300e-01   9.8360000e-01
  -5.8297400e-01   7.9489000e-01
  -1.0794900e+00   1.7038800e-01
  -1.0971300e+00  -6.4607100e-01
  -6.1119300e-01  -1.3377900e+00
   2.1495700e-01  -1.6323500e+00
   1.0903700e+00  -1.4019700e+00
   1.7036400e+00  -7.1028900e-01
   1.8370900e+00   2.1134900e-01
   1.4460200e+00   1.0490000e+00
   6.7410800e-01   1.5211000e+00
  -2.0023600e-01   1.4808400e+00
  -8.6661200e-01   9.6862800e-01
  -1.0963600e+00   1.9547900e-01
  -8.2550800e-01  -5.3598800e-01
  -1.7673100e-01  -9.4362100e-01
   5.8744700e-01  -8.6951200e-01
   1.1625000e+00  -3.3743100e-01
   1.3145900e+00   4.5689100e-01
   9.6663700e-01   1.2186400e+00
   2.2630800e-01   1.6628300e+00
  -6.5403100e-01   1.6190200e+00
  -1.3702200e+00   1.0934300e+00
  -1.6776800e+00   2.6593500e-01
  -1.4803400e+00  -5.7658300e-01
  -8.6445500e-01  -1.1456000e+00
  -6.5522100e-02  -1.2562100e+00
   6.1929500e-01  -8.9354100e-01
   9.4061400e-01  -2.1640400e-01
   7.8788100e-01   5.0284700e-01
   2.2874200e-01   9.7962800e-01
  -5.1733900e-01   1.0221600e+00
  -1.1610400e+00   6.0163800e-01
  -1.4502700e+00  -1.3793100e-01
  -1.2628600e+00  -9.3348500e-01
  -6.5097600e-01  -1.4999900e+00
   1.7869900e-01  -1.6350100e+00
   9.4131600e-01  -1.2922100e+00
   1.3783000e+00  -5.9729800e-01
   1.3513600e+00   1.9929500e-01
   8.9173100e-01   8.1492000e-01
   1.8686400e-01   1.0382500e+00
  -4.8992500e-01   8.0574300e-01
  -8.8068600e-01   2.2329000e-01
  -8.3750400e-01  -4.7453300e-01
  -3.7596000e-01  -1.0120400e+00
   3.3187700e-01  -1.1744200e+00
   1.0218800e+00  -8.8647700e-01
   1.4355800e+00  -2.3961100e-01
   1.4150800e+00   5.4262600e-01
   9.6039600e-01   1.1871300e+00
   2.2843100e-01   1.4713800e+00
  -5.2543700e-01   1.3042400e+00
  -1.0413400e+00   7.5793800e-01
  -1.1496900e+00   4.0030500e-02
  -8.3194800e-01  -5.8394800e-01
  -2.2558800e-01  -8.8825500e-01
   4.2824500e-01  -7.6916300e-01
   8.7447600e-01  -2.8162900e-01
   9.3809100e-01   3.8259400e-01
   5.8785900e-01   9.6682400e-01
  -5.3305800e-02   1.2444800e+00
  -7.5461800e-01   1.1022300e+00
  -1.2628600e+00   5.8084200e-01
  -1.3953000e+00  -1.4073600e-01
  -1.1059300e+00  -8.1185700e-01
  -5.0109800e-01  -1.2022200e+00
   2.0082800e-01  -1.1855800e+00
   7.5029500e-01  -7.8458500e-01
   9.5798200e-01  -1.6059900e-01
   7.6314900e-01   4.4705400e-01
   2.5416000e-01   8.0973500e-01
  -3.6583200e-01   7.9321500e-01
  -8.5488900e-01   4.0588000e-01
  -1.0216900e+00  -2.0587400e-01
  -7.9540700e-01  -8.1279400e-01
  -2.5074100e-01  -1.1877400e+00
   4.2070600e-01  -1.1890200e+00
   9.8154200e-01  -8.1156700e-01
   1.2357500e+00  -1.8759700e-01
   1.0997800e+00   4.6300100e-01
   6.3174400e-01   9.1377100e-01
   8.4837000e-03   1.0142700e+00
  -5.4052500e-01   7.4389400e-01
  -8.1766200e-01   2.1753000e-01
  -7.2897500e-01  -3.5837400e-01
  -3.1714200e-01  -7.6273600e-01
   2.5599200e-01  -8.4115000e-01
   7.7031900e-01  -5.6178300e-01
   1.0289800e+00  -2.5699700e-02
   9.3041300e-01   5.7162300e-01
   5.0463300e-01   1.0129100e+00
  -9.9049100e-02   1.1388400e+00
  -6.6783100e-01   9.0565100e-01
  -1.0037600e+00   3.9978700e-01
  -9.9569900e-01  -1.9521200e-01
  -6.5858400e-01  -6.6689300e-01
  -1.2617600e-01  -8.5172200e-01
   3.9956500e-01  -6.9398200e-01
   7.2330600e-01  -2.6445200e-01
   7.2770300e-01   2.6743300e-01
   4.1524900e-01   6.9711500e-01
  -9.4321200e-02   8.6042500e-01
  -6.0948400e-01   6.9328300e-01
  -9.3805200e-01   2.5395700e-01
  -9.5759400e-01  -2.9973600e-01
  -6.5938600e-01  -7.6935300e-01
  -1.5020900e-01  -9.8879900e-01
   3.8810300e-01  -8.8448000e-01
   7.6595000e-01  -5.0082400e-01
   8.5512600e-01   1.7669400e-02
   6.3453200e-01   4.8064600e-01
   1.9608300e-01   7.2203700e-01
  -2.9073600e-01   6.6023600e-01
  -6.4210800e-01   3.2649400e-01
  -7.2736000e-01  -1.4837600e-01
  -5.1596200e-01  -5.8347800e-01
  -8.7190800e-02  -8.1485200e-01
   4.0050700e-01  -7.5526900e-01
   7.6861800e-01  -4.2506400e-01
   8.8409600e-01   5.6819100e-02
   7.0727200e-01   5.1766600e-01
   3.0491500e-01   7.9476100e-01
  -1.7577000e-01   7.9449000e-01
  -5.6206000e-01   5.2526000e-01
  -7.1903300e-01   9.2646800e-02
  -5.9800500e-01  -3.4081700e-01
  -2.5266500e-01  -6.1593300e-01
   1.8242100e-01  -6.3485100e-01
   5.4245100e-01  -3.9566800e-01
   6.9316400e-01   8.6165300e-03
   5.7939000e-01   4.2577200e-01
   2.4386400e-01   7.0101300e-01
  -1.9003600e-01   7.3359800e-01
  -5.6469100e-01   5.1271100e-01
  -7.4630700e-01   1.1987800e-01
  -6.7323900e-01  -3.0234600e-01
  -3.7712600e-01  -6.0336300e-01
   3.0376700e-02  -6.7946600e-01
   3.9977200e-01  -5.1063500e-01
   5.9886900e-01  -1.6612300e-01
   5.6052600e-01   2.2259800e-01
   3.0574500e-01   5.1101900e-01
  -6.5829900e-02   5.9453900e-01
  -4.1389100e-01   4.4578200e-01
  -6.0948700e-01   1.2300600e-01
  -5.8184800e-01  -2.5288200e-01
  -3.4304200e-01  -5.4368300e-01
   1.8083600e-02  -6.4463100e-01
   3.6979800e-01  -5.2188600e-01
   5.8631300e-01  -2.2339500e-01
   5.9339300e-01   1.4025700e-01
   3.9422300e-01   4.3739100e-01
   6.6514600e-02   5.6353500e-01
  -2.6742400e-01   4.7875300e-01
  -4.8617600e-01   2.2063200e-01
  -5.1332400e-01  -1.1121900e-01
  -3.4415700e-01  -3.9288800e-01
  -4.5656500e-02  -5.2182500e-01
   2.6960000e-01  -4.5365200e-01
   4.8550900e-01  -2.1692200e-01
   5.2478100e-01   9.9006700e-02
   3.7613400e-01   3.7793800e-01
   9.6805500e-02   5.1972900e-01
  -2.0991000e-01   4.7628700e-01
  -4.3331100e-01   2.6774100e-01
  -4.9564200e-01  -2.6595000e-02
  -3.7943900e-01  -2.9852600e-01
  -1.3225200e-01  -4.5096900e-01
   1.5236200e-01  -4.3284600e-01
   3.7003300e-01  -2.5632700e-01
   4.4372900e-01   9.3668400e-03
   3.5092200e-01   2.6468700e-01
   1.3019600e-01   4.1674900e-01
  -1.3450700e-01   4.1283600e-01
  -3.4566200e-01   2.5837500e-01
  -4.2793000e-01   1.3267600e-02
  -3.5483000e-01  -2.3142100e-01
  -1.5689100e-01  -3.8739700e-01
   9.1125400e-02  -4.0103300e-01
   2.9863700e-01  -2.7171900e-01
   3.9250600e-01  -5.0424500e-02
   3.4292300e-01   1.8037500e-01
   1.7276200e-01   3.3753100e-01
  -5.2433200e-02   3.6728800e-01
  -2.4958200e-01   2.6369900e-01
  -3.4868200e-01   6.9124700e-02
  -3.1763700e-01  -1.4277000e-01
  -1.7250500e-01  -2.9473700e-01
   3.0039700e-02  -3.3398400e-01
   2.1465400e-01  -2.5035300e-01
   3.1522600e-01  -7.8414600e-02
   2.9839400e-01   1.1667900e-01
   1.7433800e-01   2.6385700e-01
  -8.5624900e-03   3.1198100e-01
  -1.8266100e-01   2.4747800e-01
  -2.8615900e-01   9.7723800e-02
  -2.8509200e-01  -8.0488300e-02
  -1.8436200e-01  -2.2258900e-01
  -2.4303000e-02  -2.7976000e-01
   1.3536100e-01  -2.3576000e-01
   2.3782300e-01  -1.1128500e-01
   2.4944000e-01   4.5164200e-02
   1.7071300e-01   1.7598700e-01
   3.4462100e-02   2.3558000e-01
  -1.0751600e-01   2.0609800e-01
  -2.0395700e-01   1.0246900e-01
  -2.2246100e-01  -3.4620400e-02
  -1.6010100e-01  -1.5461100e-01
  -4.2911400e-02  -2.1566300e-01
   8.4977400e-02  -1.9911500e-01
   1.7807600e-01  -1.1483400e-01
   2.0579700e-01   3.9321700e-03
   1.6244000e-01   1.1375500e-01
   6.7688400e-02   1.7706100e-01
  -4.1975700e-02   1.7507600e-01
  -1.2728700e-01   1.1324400e-01
  -1.6027700e-01   1.7662900e-02
  -1.3336900e-01  -7.5580700e-02
  -6.0588400e-02  -1.3387100e-01
   2.8988200e-02  -1.3930800e-01
   1.0262100e-01  -9.3884800e-02
   1.3570500e-01  -1.7213500e-02
   1.1972400e-01   6.1790000e-02
   6.3867600e-02   1.1580200e-01
  -9.7393000e-03   1.2846900e-01
  -7.4906000e-02   9.9065500e-02
  -1.1082000e-01   4.1234900e-02
  -1.0866000e-01  -2.3169200e-02
  -7.3330200e-02  -7.2448200e-02
  -2.0229300e-02  -9.2437300e-02
   3.1230500e-02  -8.0403500e-02
   6.4683000e-02  -4.4508800e-02
   7.1877000e-02   4.0110200e-04
   5.4246500e-02   3.8698900e-02
   2.0940600e-02   5.9240800e-02
  -1.5433000e-02   5.8246200e-02
  -4.3464200e-02   3.9187600e-02
  -5.6285200e-02   1.0287200e-02
  -5.2695300e-02  -1.9005600e-02
  -3.6177500e-02  -4.1081500e-02
  -1.2694800e-02  -5.1809900e-02
   1.1579900e-02  -5.0579200e-02
   3.1742500e-02  -3.9269300e-02
   4.4590700e-02  -2.0995400e-02
   4.8356700e-02   7.1065500e-04
   4.2366100e-02   2.2102100e-02
   2.7106000e-02   3.9131800e-02
   4.7386400e-03   4.7646100e-02
  -2.0388800e-02   4.4257700e-02
  -4.1907500e-02   2.7809400e-02
  -5.2732500e-02   8.0313700e-04
  -4.7406000e-02  -3.0110700e-02
  -2.4708300e-02  -5.5284600e-02
   1.0656600e-02  -6.4922900e-02
   4.8380700e-02  -5.2832400e-02
   7.5283100e-02  -1.9637400e-02
   7.9836100e-02   2.6073900e-02
   5.6937500e-02   6.9601000e-02
   1.0974500e-02   9.4779400e-02
  -4.4385200e-02   8.9990000e-02
  -9.0113600e-02   5.3291700e-02
  -1.0841200e-01  -5.5286900e-03
  -8.9694600e-02  -6.7236700e-02
  -3.7223000e-02  -1.0940300e-01
   3.2715300e-02  -1.1462400e-01
   9.5668700e-02  -7.7698500e-02
   1.2754200e-01  -8.8110500e-03
   1.1381400e-01   6.8901400e-02
   5.5918000e-02   1.2700300e-01
  -2.7938800e-02   1.4212600e-01
  -1.0833000e-01   1.0525700e-01
  -1.5490400e-01   2.6285600e-02
  -1.4781900e-01  -6.8332100e-02
  -8.6019500e-02  -1.4440300e-01
   1.1065900e-02  -1.7240100e-01
   1.0950700e-01  -1.3893600e-01
   1.7275900e-01  -5.2853600e-02
   1.7529100e-01   5.6735000e-02
   1.1288100e-01   1.5021900e-01
   5.4322200e-03   1.9181900e-01
  -1.0917400e-01   1.6327600e-01
  -1.8837000e-01   7.1683300e-02
  -2.0067700e-01  -5.1852900e-02
  -1.3810900e-01  -1.6269000e-01
  -2.0343700e-02  -2.1875900e-01
   1.1134500e-01  -1.9649100e-01
   2.0856900e-01  -1.0053300e-01
   2.3366400e-01   3.6717500e-02
   1.7428300e-01   1.6604100e-01
   4.9112900e-02   2.3912300e-01
  -9.7836399e-02   2.2669900e-01
  -2.1269100e-01   1.3029300e-01
  -2.5150200e-01  -1.7135300e-02
  -1.9708700e-01  -1.6231200e-01
  -6.6480100e-02  -2.5082800e-01
   9.4172499e-02  -2.4746100e-01
   2.2582000e-01  -1.5005400e-01
   2.7813300e-01   8.5009800e-03
   2.2861700e-01   1.7133300e-01
   9.1970799e-02   2.7802200e-01
  -8.4168300e-02   2.8704400e-01
  -2.3593700e-01   1.9187800e-01
  -3.0655900e-01   2.4545000e-02
  -2.6773700e-01  -1.5515300e-01
  -1.3106400e-01  -2.8110300e-01
   5.5137900e-02  -3.0534700e-01
   2.2278100e-01  -2.1649500e-01
   3.0884800e-01  -4.5003300e-02
   2.7904400e-01   1.4701900e-01
   1.4137300e-01   2.8810600e-01
  -5.5694700e-02   3.2382400e-01
  -2.4019900e-01   2.3752900e-01
  -3.4288500e-01   5.7559500e-02
  -3.2305600e-01  -1.5214100e-01
  -1.8444900e-01  -3.1491800e-01
   2.5062000e-02  -3.6960300e-01
   2.3019900e-01  -2.9362400e-01
   3.5562300e-01  -1.1229700e-01
   3.5393100e-01   1.0949700e-01
   2.2389800e-01   2.9055400e-01
   1.1932200e-02   3.6318600e-01
  -2.0416500e-01   2.9868700e-01
  -3.4347500e-01   1.1884100e-01
  -3.5200900e-01  -1.1111100e-01
  -2.2336500e-01  -3.0582900e-01
  -2.1185100e-03  -3.9119000e-01
   2.3168600e-01  -3.3209200e-01
   3.9154000e-01  -1.4629700e-01
   4.1646500e-01   1.0108800e-01
   2.9413600e-01   3.2083700e-01
   6.6380200e-02   4.3223500e-01
  -1.8533400e-01   3.9315600e-01
  -3.6939700e-01   2.1635800e-01
  -4.1785500e-01  -3.4303800e-02
  -3.1200400e-01  -2.6670900e-01
  -9.0155899e-02  -3.9419600e-01
   1.6565300e-01  -3.6783200e-01
   3.5940600e-01  -1.9522100e-01
   4.1655300e-01   6.1368600e-02
   3.1206400e-01   3.0720800e-01
   8.0575299e-02   4.4972900e-01
  -1.9545200e-01   4.3291000e-01
  -4.1550400e-01   2.5864900e-01
  -4.9795400e-01  -1.2995800e-02
  -4.1056400e-01  -2.8514200e-01
  -1.8313800e-01  -4.5937300e-01
   1.0262800e-01  -4.7212700e-01
   3.4268300e-01  -3.1867500e-01
   4.4885100e-01  -5.5641200e-02
   3.8170000e-01   2.1919800e-01
   1.6579000e-01   4.0263500e-01
  -1.1859700e-01   4.2425900e-01
  -3.6451000e-01   2.7303200e-01
  -4.7765700e-01   2.2085900e-03
  -4.1156600e-01  -2.8951100e-01
  -1.8549300e-01  -4.9392700e-01
   1.2178800e-01  -5.3327400e-01
   4.0031600e-01  -3.8940200e-01
   5.4918000e-01  -1.1124600e-01
   5.1389200e-01   2.0243400e-01
   3.0702700e-01   4.3896100e-01
   4.2792800e-03   5.1320700e-01
  -2.8288100e-01   3.9933000e-01
  -4.4809500e-01   1.4091000e-01
  -4.2955500e-01  -1.6450800e-01
  -2.3336900e-01  -4.0101500e-01
   6.7975600e-02  -4.7714100e-01
   3.6174800e-01  -3.6005700e-01
   5.3630500e-01  -8.8445399e-02
   5.2246300e-01   2.4097200e-01
   3.1961400e-01   5.0853000e-01
  -3.2654700e-03   6.1557500e-01
  -3.3231100e-01   5.2110900e-01
  -5.5031600e-01   2.5747500e-01
  -5.7990900e-01  -8.0904699e-02
  -4.1239800e-01  -3.7183700e-01
  -1.1149800e-01  -5.1023900e-01
   2.0969000e-01  -4.4708100e-01
   4.3015000e-01  -2.0793100e-01
   4.6571200e-01   1.1593500e-01
   3.0056500e-01   4.0081800e-01
  -6.2506400e-03   5.3616500e-01
  -3.4199400e-01   4.6568100e-01
  -5.8142300e-01   2.0874000e-01
  -6.3299000e-01  -1.4599800e-01
  -4.7298100e-01  -4.7263900e-01
  -1.5489000e-01  -6.5412500e-01
   2.0965000e-01  -6.2542100e-01
   4.9153400e-01  -3.9782700e-01
   5.9161600e-01  -5.5286900e-02
   4.7739300e-01   2.7614900e-01
   1.9533500e-01   4.7461400e-01
  -1.4588700e-01   4.6748000e-01
  -4.1526400e-01   2.5850900e-01
  -5.0785600e-01  -7.3047099e-02
  -3.8387700e-01  -4.0127900e-01
  -8.3984199e-02  -5.9990100e-01
   2.8507300e-01  -5.8901000e-01
   5.8932900e-01  -3.6505100e-01
   7.1680199e-01  -2.7868200e-03
   6.1893300e-01   3.7161500e-01
   3.2888100e-01   6.2665100e-01
  -5.0201500e-02   6.7379000e-01
  -3.8277500e-01   5.0021800e-01
  -5.5066800e-01   1.7382100e-01
  -4.9667200e-01  -1.8157600e-01
  -2.4585200e-01  -4.3174200e-01
   1.0341900e-01  -4.8163900e-01
   4.1556200e-01  -3.1080600e-01
   5.6782700e-01   1.8641900e-02
   4.9587500e-01   3.8447500e-01
   2.1804000e-01   6.4915600e-01
  -1.7080400e-01   7.1056499e-01
  -5.3365700e-01   5.3994600e-01
  -7.4154299e-01   1.9299400e-01
  -7.2096699e-01  -2.1012300e-01
  -4.8114000e-01  -5.2861200e-01
  -1.1085600e-01  -6.5268200e-01
   2.5397200e-01  -5.4395000e-01
   4.8027300e-01  -2.4967000e-01
   4.8688600e-01   1.1457400e-01
   2.7465700e-01   4.0745100e-01
  -7.3634599e-02   5.1412700e-01
  -4.2361700e-01   3.8892900e-01
  -6.3884400e-01   7.2640599e-02
  -6.3130300e-01  -3.2204900e-01
  -3.9428200e-01  -6.5171199e-01
  -5.3848100e-03  -7.9487599e-01
   4.0152100e-01  -6.9685499e-01
   6.8519899e-01  -3.9015600e-01
   7.4883099e-01   1.7159200e-02
   5.7560600e-01   3.8096200e-01
   2.3494100e-01   5.7392700e-01
  -1.4304500e-01   5.3234000e-01
  -4.1547800e-01   2.7955700e-01
  -4.7948600e-01  -8.2593999e-02
  -3.1032000e-01  -4.1138400e-01
   2.9271100e-02  -5.7595300e-01
   4.1192900e-01  -5.0585200e-01
   6.9251299e-01  -2.1744500e-01
   7.6164099e-01   1.9163100e-01
   5.8623800e-01   5.7799600e-01
   2.2209100e-01   8.0503399e-01
  -2.0626900e-01   7.9306099e-01
  -5.5105300e-01   5.4866500e-01
  -6.9532799e-01   1.6236100e-01
  -5.9587500e-01  -2.2463700e-01
  -2.9894500e-01  -4.7234400e-01
   7.6903499e-02  -4.9352500e-01
   3.8464300e-01  -2.8582200e-01
   5.0315200e-01   6.7384699e-02
   3.8211500e-01   4.2774000e-01
   6.0867199e-02   6.5302899e-01
  -3.4579300e-01   6.4981999e-01
  -6.8966899e-01   4.0824300e-01
  -8.4363899e-01   6.0482499e-03
  -7.4850099e-01  -4.1959800e-01
  -4.3489800e-01  -7.2224199e-01
  -1.2244400e-02  -7.9976399e-01
   3.7133800e-01  -6.3174599e-01
   5.8332400e-01  -2.8681700e-01
   5.5535800e-01   1.0276000e-01
   3.0819500e-01   3.8991000e-01
  -5.6172600e-02   4.6700900e-01
  -3.9234100e-01   3.0561100e-01
  -5.6532900e-01  -3.3017100e-02
  -5.0060800e-01  -4.2044700e-01
  -2.1188800e-01  -7.0843099e-01
   2.0359100e-01  -7.8362499e-01
   6.0056099e-01  -6.0952499e-01
   8.3895499e-01  -2.4017500e-01
   8.3528199e-01   1.9943100e-01
   5.9322899e-01   5.5903500e-01
   2.0222300e-01   7.1809099e-01
  -1.9550600e-01   6.2979199e-01
  -4.5724800e-01   3.3794300e-01
  -4.9223800e-01  -3.9506900e-02
  -2.9490000e-01  -3.5420100e-01
   5.3333300e-02  -4.8226600e-01
   4.1426400e-01  -3.7012900e-01
   6.4409299e-01  -5.4401600e-02
   6.4665499e-01   3.5149100e-01
   4.0911500e-01   6.9899499e-01
   6.9862999e-03   8.5908099e-01
  -4.2336300e-01   7.6973099e-01
  -7.3459299e-01   4.5879300e-01
  -8.2228499e-01   3.3805200e-02
  -6.6302699e-01  -3.5744900e-01
  -3.2268800e-01  -5.8109999e-01
   6.8119299e-02  -5.6613799e-01
   3.6231900e-01  -3.3014700e-01
   4.5059200e-01   2.7616200e-02
   3.0158700e-01   3.6318400e-01
  -2.6677600e-02   5.4125400e-01
  -4.0835200e-01   4.8528400e-01
  -6.9627899e-01   2.0589800e-01
  -7.7634499e-01  -2.0285900e-01
  -6.0963499e-01  -5.9796899e-01
  -2.4690800e-01  -8.3990399e-01
   1.8990800e-01  -8.4376199e-01
   5.5234099e-01  -6.1028199e-01
   7.1966699e-01  -2.2536100e-01
   6.4288899e-01   1.7168700e-01
   3.6225900e-01   4.3939500e-01
  -8.0472599e-03   4.8603100e-01
  -3.2237000e-01   3.0303600e-01
  -4.5746500e-01  -3.2250700e-02
  -3.5798900e-01  -3.8549500e-01
  -5.6863499e-02  -6.1520099e-01
   3.3691100e-01  -6.2508399e-01
   6.7845599e-01  -3.9971000e-01
   8.4035999e-01  -1.0332700e-02
   7.5953699e-01   4.1117600e-01
   4.6036600e-01   7.2061699e-01
   4.5671100e-02   8.1419399e-01
  -3.4106300e-01   6.6627999e-01
  -5.6827699e-01   3.3837300e-01
  -5.6434699e-01  -4.3935500e-02
  -3.4339500e-01  -3.3744700e-01
   5.0907900e-04  -4.3409800e-01
   3.2852600e-01  -3.0057800e-01
   5.0855700e-01   9.7245799e-03
   4.6410500e-01   3.7672700e-01
   2.0251100e-01   6.5816599e-01
  -1.8774200e-01   7.4216399e-01
  -5.6958299e-01   5.8849899e-01
  -8.0769799e-01   2.4342700e-01
  -8.1810899e-01  -1.7728800e-01
  -5.9876499e-01  -5.3082699e-01
  -2.2997700e-01  -6.9952899e-01
   1.5535500e-01  -6.3368599e-01
   4.2066600e-01  -3.6920500e-01
   4.7575400e-01  -1.3777900e-02
   3.0952500e-01   2.9324300e-01
  -6.5017499e-03   4.3239900e-01
  -3.4508400e-01   3.4811000e-01
  -5.7053699e-01   6.8968899e-02
  -5.8893899e-01  -3.0303200e-01
  -3.8278700e-01  -6.3024999e-01
  -1.7434000e-02  -7.9012699e-01
   3.8295000e-01  -7.2023099e-01
   6.8093599e-01  -4.4105800e-01
   7.7609899e-01  -4.8323000e-02
   6.4148199e-01   3.2230100e-01
   3.3296400e-01   5.4492099e-01
  -3.1794800e-02   5.4930199e-01
  -3.1694600e-01   3.4607400e-01
  -4.1845100e-01   2.2105600e-02
  -3.0210200e-01  -2.9209700e-01
  -1.5647700e-02  -4.7083700e-01
   3.2927600e-01  -4.3964700e-01
   5.9864199e-01  -2.0263600e-01
   6.8556899e-01   1.5919300e-01
   5.4967599e-01   5.1789099e-01
   2.3183700e-01   7.4564099e-01
  -1.6096100e-01   7.6158299e-01
  -4.9493299e-01   5.6120099e-01
  -6.5844499e-01   2.1757400e-01
  -6.0255499e-01  -1.4581700e-01
  -3.5833500e-01  -4.0057800e-01
  -2.4747000e-02  -4.6038900e-01
   2.6830500e-01  -3.1223100e-01
   4.0801200e-01  -2.0490700e-02
   3.4010100e-01   2.9739200e-01
   8.8494799e-02   5.1462899e-01
  -2.5389900e-01   5.4195699e-01
  -5.5970699e-01   3.6046400e-01
  -7.1409899e-01   2.8379200e-02
  -6.5695099e-01  -3.4049900e-01
  -4.0470600e-01  -6.1865999e-01
  -4.4041200e-02  -7.1153299e-01
   3.0016900e-01  -5.9178799e-01
   5.1066699e-01  -3.0877600e-01
   5.2050799e-01   3.0180700e-02
   3.3700400e-01   2.9959600e-01
   3.8252700e-02   4.0197600e-01
  -2.5626900e-01   3.0333400e-01
  -4.3007100e-01   4.5129500e-02
  -4.1259700e-01  -2.7160700e-01
  -2.0498400e-01  -5.2391899e-01
   1.2068800e-01  -6.1237999e-01
   4.4820400e-01  -4.9761799e-01
   6.6005899e-01  -2.1457100e-01
   6.8051199e-01   1.4062100e-01
   5.0304599e-01   4.4605900e-01
   1.9227300e-01   5.9872299e-01
  -1.4021600e-01   5.5186499e-01
  -3.7700300e-01   3.3148700e-01
  -4.3778600e-01   2.6050700e-02
  -3.0834200e-01  -2.4661600e-01
  -4.5006300e-02  -3.8287700e-01
   2.4676900e-01  -3.3125700e-01
   4.5170200e-01  -1.1094600e-01
   4.8726299e-01   1.9579600e-01
   3.3389500e-01   4.7434199e-01
   4.1887600e-02   6.2005199e-01
  -2.8742600e-01   5.7664799e-01
  -5.3905899e-01   3.5658100e-01
  -6.2646899e-01   3.6047300e-02
  -5.2291199e-01  -2.7329300e-01
  -2.7063300e-01  -4.6533799e-01
   3.5268800e-02  -4.7815599e-01
   2.8217300e-01  -3.1607700e-01
   3.8133200e-01  -4.7286899e-02
   3.0011400e-01   2.2192900e-01
   7.3353899e-02   3.8667100e-01
  -2.1015000e-01   3.8201100e-01
  -4.4081800e-01   2.0655800e-01
  -5.2879299e-01  -7.7509299e-02
  -4.3686600e-01  -3.6773000e-01
  -1.9379900e-01  -5.5922799e-01
   1.1663800e-01  -5.8313899e-01
   3.8669000e-01  -4.3150500e-01
   5.2412699e-01  -1.5964500e-01
   4.8569999e-01   1.3464100e-01
   2.9233800e-01   3.4720600e-01
   2.0704600e-02   4.0562600e-01
  -2.2554200e-01   2.9524900e-01
  -3.5406300e-01   6.3802099e-02
  -3.1757600e-01  -1.9689900e-01
  -1.3071900e-01  -3.8520200e-01
   1.3597200e-01  -4.2711100e-01
   3.8251600e-01  -3.0325900e-01
   5.1647899e-01  -5.5574599e-02
   4.8682399e-01   2.2858900e-01
   3.0226500e-01   4.4879699e-01
   2.7563300e-02   5.2834999e-01
  -2.4065500e-01   4.4202399e-01
  -4.0946000e-01   2.2468700e-01
  -4.2343600e-01  -4.2151700e-02
  -2.8437800e-01  -2.6068900e-01
  -4.9833599e-02  -3.5276900e-01
   1.8873500e-01  -2.8819100e-01
   3.3993400e-01  -9.5122099e-02
   3.4598400e-01   1.5099300e-01
   2.0354700e-01   3.5571000e-01
  -3.5638700e-02   4.4049099e-01
  -2.8430100e-01   3.7137900e-01
  -4.5198099e-01   1.7102200e-01
  -4.7816799e-01  -9.0169699e-02
  -3.5409900e-01  -3.2023700e-01
  -1.2537100e-01  -4.3945499e-01
   1.2534300e-01  -4.0922900e-01
   3.0891500e-01  -2.4560100e-01
   3.6233400e-01  -1.2606000e-02
   2.7130300e-01   2.0181400e-01
   7.4713099e-02   3.1830900e-01
  -1.5038600e-01   2.9503700e-01
  -3.1757900e-01   1.4245100e-01
  -3.6290700e-01  -8.1236699e-02
  -2.6805500e-01  -2.9202800e-01
  -6.6517799e-02  -4.1124799e-01
   1.6926900e-01  -3.9431000e-01
   3.5488300e-01  -2.4662400e-01
   4.2488499e-01  -2.1020400e-02
   3.5644400e-01   2.0212400e-01
   1.7706400e-01   3.4455200e-01
  -4.6180899e-02   3.5859100e-01
  -2.3170000e-01   2.4403500e-01
  -3.1336900e-01   4.7442999e-02
  -2.6440400e-01  -1.5563500e-01
  -1.0650100e-01  -2.8874900e-01
   9.8888499e-02  -3.0253800e-01
   2.7367400e-01  -1.9238900e-01
   3.5198700e-01   5.3551999e-04
   3.0412700e-01   2.0502500e-01
   1.4693100e-01   3.4629300e-01
  -6.3021499e-02   3.7336500e-01
  -2.5062500e-01   2.7734600e-01
  -3.4989900e-01   9.4045699e-02
  -3.2787800e-01  -1.0976500e-01
  -1.9606600e-01  -2.6116600e-01
  -5.4780699e-03  -3.0774000e-01
   1.7264800e-01  -2.3629400e-01
   2.7319000e-01  -7.6955399e-02
   2.6079400e-01   1.0862400e-01
   1.4224800e-01   2.5035500e-01
  -3.6743100e-02   2.9548300e-01
  -2.0894200e-01   2.2758600e-01
  -3.1052600e-01   7.1970399e-02
  -3.0435400e-01  -1.1426400e-01
  -1.9309200e-01  -2.6359100e-01
  -1.7582800e-02  -3.2286100e-01
   1.5869100e-01  -2.7241900e-01
   2.7311400e-01  -1.3266600e-01
   2.8670200e-01   4.4107399e-02
   1.9782600e-01   1.9335500e-01
   4.2060699e-02   2.6200000e-01
  -1.2152200e-01   2.2752800e-01
  -2.3235600e-01   1.0555300e-01
  -2.5048900e-01  -5.6648499e-02
  -1.7074800e-01  -1.9803200e-01
  -2.3922400e-02  -2.6633800e-01
   1.3517300e-01  -2.3699300e-01
   2.4816800e-01  -1.2153400e-01
   2.7449200e-01   3.7296200e-02
   2.0579900e-01   1.8173500e-01
   6.8369399e-02   2.6032400e-01
  -8.7165799e-02   2.4649600e-01
  -2.0473800e-01   1.4769900e-01
  -2.4333500e-01   1.9530000e-03
  -1.9155900e-01  -1.3665600e-01
  -7.1094599e-02  -2.1799800e-01
   7.1953599e-02  -2.1403400e-01
   1.8440100e-01  -1.2849700e-01
   2.2550600e-01   5.2162699e-03
   1.8151500e-01   1.3689300e-01
   7.0038099e-02   2.1818400e-01
  -6.7089599e-02   2.2016200e-01
  -1.7959400e-01   1.4339700e-01
  -2.2724600e-01   1.7058100e-02
  -1.9424400e-01  -1.1236300e-01
  -9.4361699e-02  -1.9835800e-01
   3.4779700e-02  -2.1128100e-01
   1.4596600e-01  -1.4867600e-01
   1.9976200e-01  -3.5461200e-02
   1.7860300e-01   8.5834199e-02
   9.2575899e-02   1.7097000e-01
  -2.4998300e-02   1.9008900e-01
  -1.3029900e-01   1.3815800e-01
  -1.8520200e-01   3.6098299e-02
  -1.7096400e-01  -7.7532399e-02
  -9.4478399e-02  -1.6103100e-01
   1.4946200e-02  -1.8477600e-01
   1.1685700e-01  -1.4163000e-01
   1.7464700e-01  -4.8879699e-02
   1.6870500e-01   5.8734999e-02
   1.0301500e-01   1.4212300e-01
   3.0010400e-03   1.7211900e-01
  -9.4334299e-02   1.3972600e-01
  -1.5415300e-01   5.8728899e-02
  -1.5630600e-01  -4.0022499e-02
  -1.0212900e-01  -1.2032600e-01
  -1.3244700e-02  -1.5389200e-01
   7.6945999e-02  -1.3030000e-01
   1.3574200e-01  -6.0150499e-02
   1.4294100e-01   2.9495900e-02
   9.7701699e-02   1.0548100e-01
   1.8162900e-02   1.4074800e-01
  -6.5792899e-02   1.2389700e-01
  -1.2375500e-01   6.2729599e-02
  -1.3577500e-01  -1.9276700e-02
  -9.9163999e-02  -9.2021599e-02
  -2.8793500e-02  -1.2987900e-01
   4.8945999e-02  -1.2074400e-01
   1.0610300e-01  -6.9839799e-02
   1.2327700e-01   2.8777000e-03
   9.6225299e-02   7.0511799e-02
   3.6734899e-02   1.0918900e-01
  -3.2323100e-02   1.0650200e-01
  -8.5705399e-02   6.5446199e-02
  -1.0497100e-01   2.6423700e-03
  -8.4784799e-02  -5.8268799e-02
  -3.4211099e-02  -9.5441799e-02
   2.7231500e-02  -9.6573799e-02
   7.7076999e-02  -6.2843999e-02
   9.8099499e-02  -7.8139999e-03
   8.4200899e-02   4.8055199e-02
   4.1999499e-02   8.5070199e-02
  -1.2219800e-02   9.1283099e-02
  -5.8843399e-02   6.6310299e-02
  -8.2095999e-02   2.0800800e-02
  -7.5415299e-02  -2.8004900e-02
  -4.3214699e-02  -6.2799499e-02
   1.3778100e-03  -7.2352899e-02
   4.1741799e-02  -5.5096699e-02
   6.3886099e-02  -1.9031400e-02
   6.1218399e-02   2.1764500e-02
   3.6350499e-02   5.2540499e-02
  -4.9540999e-04   6.3126799e-02
  -3.5657699e-02   5.1169299e-02
  -5.7099799e-02   2.2346800e-02
  -5.8491699e-02  -1.2266300e-02
  -4.0938199e-02  -4.0517999e-02
  -1.1940000e-02  -5.3499099e-02
   1.7794300e-02  -4.8330699e-02
   3.8355899e-02  -2.8574600e-02
   4.3963199e-02  -2.3524800e-03
   3.4500799e-02   2.0926300e-02
   1.4919300e-02   3.3921999e-02
  -7.0509099e-03   3.3612099e-02
  -2.3862200e-02   2.1769200e-02
  -3.0659200e-02   3.7264099e-03
  -2.6514700e-02  -1.3902400e-02
  -1.4141000e-02  -2.5596000e-02
   1.5818300e-03  -2.8543600e-02
   1.5545500e-02  -2.3070000e-02
   2.4056400e-02  -1.1937200e-02
   2.5665500e-02   1.0040200e-03
   2.1077900e-02   1.2196100e-02
   1.2403700e-02   1.9292900e-02
   2.2078200e-03   2.1422400e-02
  -7.2314599e-03   1.8915000e-02
  -1.4254600e-02   1.2815600e-02
  -1.7809000e-02   4.4894699e-03
  -1.7323700e-02  -4.5314299e-03
  -1.2703400e-02  -1.2534700e-02
  -4.5192199e-03  -1.7665400e-02
   5.7341999e-03  -1.8218300e-02
   1.5585500e-02  -1.3219100e-02
   2.1980500e-02  -3.0939900e-03
   2.2168200e-02   9.9366498e-03
   1.4839200e-02   2.2090300e-02
   1.0482800e-03   2.9011700e-02
  -1.5581300e-02   2.7302000e-02
  -2.9666300e-02   1.6052700e-02
  -3.5778699e-02  -2.2880600e-03
  -3.0532900e-02  -2.2228400e-02
  -1.4242300e-02  -3.6826299e-02
   8.6167499e-03  -4.0132199e-02
   3.0515900e-02  -2.9619200e-02
   4.3348999e-02  -7.6169799e-03
   4.1463699e-02   1.8966300e-02
   2.4115000e-02   4.0744699e-02
  -3.7036499e-03   4.9166099e-02
  -3.2563899e-02   3.9864599e-02
  -5.1757499e-02   1.4742900e-02
  -5.3255999e-02  -1.8160300e-02
  -3.5008199e-02  -4.7178499e-02
  -2.2337300e-03  -6.1141299e-02
   3.3962099e-02  -5.3658999e-02
   6.0338599e-02  -2.5922700e-02
   6.6376999e-02   1.3174500e-02
   4.8460899e-02   4.9846799e-02
   1.1724300e-02   7.0289799e-02
  -3.1301699e-02   6.5896399e-02
  -6.4944299e-02   3.6843499e-02
  -7.6108499e-02  -7.4283599e-03
  -5.9370499e-02  -5.1218699e-02
  -1.9468500e-02  -7.8121299e-02
   2.9911900e-02  -7.7164999e-02
   7.0802399e-02  -4.7239399e-02
   8.7486699e-02   1.9669800e-03
   7.2525199e-02   5.3057799e-02
   2.9961100e-02   8.7083899e-02
  -2.5645000e-02   9.0585198e-02
  -7.4189699e-02   6.0900799e-02
  -9.7317598e-02   7.6577699e-03
  -8.5384399e-02  -5.0295899e-02
  -4.1447499e-02  -9.1561698e-02
   1.9346000e-02  -1.0010500e-01
   7.4939599e-02  -7.1481999e-02
   1.0435400e-01  -1.4972100e-02
   9.5584798e-02   4.9362899e-02
   5.0440599e-02   9.7774198e-02
  -1.5618000e-02   1.1157400e-01
  -7.8760599e-02   8.4309399e-02
  -1.1539700e-01   2.4609500e-02
  -1.1099700e-01  -4.6513299e-02
  -6.5825999e-02  -1.0309200e-01
   4.6685299e-03  -1.2373300e-01
   7.5132499e-02  -9.9752898e-02
   1.1945600e-01  -3.8812099e-02
   1.2049300e-01   3.7436499e-02
   7.6731099e-02   1.0100700e-01
   3.3171199e-03   1.2783800e-01
  -7.3105799e-02   1.0688000e-01
  -1.2400900e-01   4.4597599e-02
  -1.2956300e-01  -3.6945599e-02
  -8.6276299e-02  -1.0788000e-01
  -8.7441798e-03  -1.4144300e-01
   7.5301999e-02  -1.2403200e-01
   1.3497100e-01  -6.0614299e-02
   1.4762600e-01   2.6647100e-02
   1.0750900e-01   1.0620800e-01
   2.8291600e-02   1.4864600e-01
  -6.1550999e-02   1.3765300e-01
  -1.2898600e-01   7.6400399e-02
  -1.4861000e-01  -1.3193800e-02
  -1.1227100e-01  -9.8203698e-02
  -3.2485599e-02  -1.4670300e-01
   6.1760599e-02  -1.3966700e-01
   1.3543900e-01  -7.8342999e-02
   1.6037400e-01   1.5779000e-02
   1.2587300e-01   1.0851200e-01
   4.3065299e-02   1.6541000e-01
  -5.8769799e-02   1.6455000e-01
  -1.4270700e-01   1.0492600e-01
  -1.7771900e-01   7.2301499e-03
  -1.5030000e-01  -9.3411098e-02
  -6.9790599e-02  -1.6019800e-01
   3.4676899e-02  -1.6828100e-01
   1.2464400e-01  -1.1418800e-01
   1.6644200e-01  -1.7487200e-02
   1.4378600e-01   8.6085398e-02
   6.4120599e-02   1.5762300e-01
  -4.3725499e-02   1.6944900e-01
  -1.3987600e-01   1.1559800e-01
  -1.8802000e-01   1.4407400e-02
  -1.6894400e-01  -9.7856598e-02
  -8.7948298e-02  -1.8014500e-01
   2.6711400e-02  -2.0174900e-01
   1.3392200e-01  -1.5383600e-01
   1.9473100e-01  -5.3046899e-02
   1.8679400e-01   6.4293599e-02
   1.1287600e-01   1.5534600e-01
   1.6851700e-04   1.8653800e-01
  -1.0946400e-01   1.4612700e-01
  -1.7480900e-01   4.8855299e-02
  -1.7061300e-01  -6.9163099e-02
  -9.7178298e-02  -1.6354400e-01
   1.9384800e-02  -1.9799100e-01
   1.3646600e-01  -1.5787600e-01
   2.1051300e-01  -5.5973999e-02
   2.1314000e-01   7.1870299e-02
   1.4184600e-01   1.7969000e-01
   2.1268500e-02   2.2825200e-01
  -1.0557800e-01   1.9963100e-01
  -1.9297900e-01   1.0407600e-01
  -2.0938200e-01  -2.3467100e-02
  -1.4921000e-01  -1.3602300e-01
  -3.5189699e-02  -1.9184500e-01
   8.9769198e-02  -1.6993200e-01
   1.7826900e-01  -7.8042399e-02
   1.9595300e-01   4.9865699e-02
   1.3440100e-01   1.6591900e-01
   1.4569600e-02   2.2591200e-01
  -1.2061200e-01   2.0572500e-01
  -2.2185700e-01   1.1049400e-01
  -2.5166100e-01  -2.6945199e-02
  -1.9827500e-01  -1.5787400e-01
  -8.0294298e-02  -2.3550000e-01
   5.9912299e-02  -2.3222700e-01
   1.7163600e-01  -1.5000100e-01
   2.1448000e-01  -1.9814900e-02
   1.7336700e-01   1.0951300e-01
   6.4314099e-02   1.8927200e-01
  -7.1240999e-02   1.8890000e-01
  -1.8157800e-01   1.0747300e-01
  -2.2377100e-01  -2.5660800e-02
  -1.7968900e-01  -1.6145900e-01
  -6.2970299e-02  -2.4913100e-01
   8.5688598e-02  -2.5490500e-01
   2.1328600e-01  -1.7466800e-01
   2.7394499e-01  -3.5755399e-02
   2.4587000e-01   1.1285000e-01
   1.3954600e-01   2.1840000e-01
  -5.9114199e-03   2.4378300e-01
  -1.3701900e-01   1.8129100e-01
  -2.0558200e-01   5.5624999e-02
  -1.8654300e-01  -8.5057598e-02
  -8.7391798e-02  -1.8682600e-01
   5.4380399e-02  -2.0991900e-01
   1.8495200e-01  -1.4359600e-01
   2.5397300e-01  -1.0363100e-02
   2.3324100e-01   1.4206000e-01
   1.2732100e-01   2.5814799e-01
  -2.7845599e-02   2.9499199e-01
  -1.7793600e-01   2.3820800e-01
  -2.7010399e-01   1.0742400e-01
  -2.7242199e-01  -5.0739899e-02
  -1.8571900e-01  -1.7969400e-01
  -4.3400799e-02  -2.3366800e-01
   1.0075200e-01  -1.9462600e-01
   1.9237100e-01  -7.9019198e-02
   1.9661100e-01   6.8153799e-02
   1.1115200e-01   1.8987200e-01
  -3.2741299e-02   2.3815300e-01
  -1.8157200e-01   1.9189500e-01
  -2.7923699e-01   6.4896099e-02
  -2.8774699e-01  -9.8968298e-02
  -2.0137000e-01  -2.4169800e-01
  -4.8966599e-02  -3.1242199e-01
   1.1642000e-01  -2.8613999e-01
   2.3694000e-01  -1.7301600e-01
   2.7116899e-01  -1.4758700e-02
   2.0937300e-01   1.3064300e-01
   7.7144898e-02   2.1024400e-01
  -7.3973498e-02   1.9568300e-01
  -1.8548500e-01   9.3726298e-02
  -2.1357100e-01  -5.6121399e-02
  -1.4539700e-01  -1.9610800e-01
  -4.0413799e-03  -2.7152699e-01
   1.5980900e-01  -2.5098999e-01
   2.8640099e-01  -1.3818700e-01
   3.2888299e-01   2.9242699e-02
   2.7062299e-01   1.9335300e-01
   1.3145700e-01   2.9708099e-01
  -3.9468499e-02   3.0518199e-01
  -1.8167000e-01   2.1720100e-01
  -2.4552399e-01   6.7668799e-02
  -2.1052300e-01  -8.6595798e-02
  -9.2834298e-02  -1.8742200e-01
   6.0644399e-02  -1.9677700e-01
   1.8958600e-01  -1.1087600e-01
   2.4254499e-01   3.8309699e-02
   1.9605500e-01   1.9473800e-01
   6.3473199e-02   2.9891199e-01
  -1.0974000e-01   3.0984499e-01
  -2.6258999e-01   2.2027600e-01
  -3.4089999e-01   5.9510399e-02
  -3.1721999e-01  -1.1718900e-01
  -2.0095000e-01  -2.4880499e-01
  -3.4925499e-02  -2.9091399e-01
   1.2031000e-01  -2.3197700e-01
   2.0876900e-01  -9.7532998e-02
   1.9963000e-01   5.9253699e-02
   9.8593998e-02   1.7724000e-01
  -5.4209299e-02   2.0991800e-01
  -1.9902900e-01   1.4267300e-01
  -2.7856699e-01  -1.7053700e-03
  -2.5919899e-01  -1.7129000e-01
  -1.4352000e-01  -3.0405699e-01
   3.0430699e-02  -3.5069899e-01
   2.0299700e-01  -2.9280099e-01
   3.1472599e-01  -1.4969700e-01
   3.2813699e-01   2.8561999e-02
   2.4144199e-01   1.7953500e-01
   8.9142098e-02   2.5128799e-01
  -7.0724998e-02   2.2142200e-01
  -1.7799900e-01   1.0524200e-01
  -1.9259500e-01  -4.9977199e-02
  -1.0929800e-01  -1.8250200e-01
   4.0282199e-02  -2.3899299e-01
   1.9935300e-01  -1.9428400e-01
   3.0687499e-01  -6.0794599e-02
   3.2009899e-01   1.1590300e-01
   2.3039899e-01   2.7373799e-01
   6.6569699e-02   3.5689399e-01
  -1.1564600e-01   3.3628799e-01
  -2.5393999e-01   2.2023100e-01
  -3.0223399e-01   5.1349699e-02
  -2.4750399e-01  -1.0910600e-01
  -1.1443500e-01  -2.0378700e-01
   4.3801699e-02  -2.0030500e-01
   1.6524300e-01  -1.0308800e-01
   2.0205300e-01   4.8347099e-02
   1.3822100e-01   1.9404800e-01
  -4.4797999e-03   2.7581499e-01
  -1.7446600e-01   2.5875499e-01
  -3.0930099e-01   1.4424600e-01
  -3.5867399e-01  -3.0442699e-02
  -3.0291799e-01  -2.0573800e-01
  -1.6027100e-01  -3.2156299e-01
   1.9797600e-02  -3.3930999e-01
   1.7472600e-01  -2.5591099e-01
   2.5178499e-01  -1.0483700e-01
   2.2734399e-01   5.6335399e-02
   1.1540400e-01   1.6718500e-01
  -3.7738299e-02   1.8671600e-01
  -1.7070100e-01   1.0842300e-01
  -2.2976199e-01  -3.7368399e-02
  -1.8875000e-01  -1.9474000e-01
  -5.8767699e-02  -3.0284799e-01
   1.1581800e-01  -3.1839099e-01
   2.7364299e-01  -2.3161599e-01
   3.5885099e-01  -6.9976198e-02
   3.4156799e-01   1.1189200e-01
   2.2880099e-01   2.5216599e-01
   6.1787799e-02   3.0443599e-01
  -9.9223598e-02   2.5459599e-01
  -1.9712800e-01   1.2582900e-01
  -1.9889500e-01  -3.0130099e-02
  -1.0758600e-01  -1.5219500e-01
   3.8951899e-02  -1.9251700e-01
   1.8218900e-01  -1.3413700e-01
   2.6461399e-01   2.7774999e-03
   2.5101299e-01   1.6838900e-01
   1.4151600e-01   3.0155699e-01
  -2.8389299e-02   3.5235499e-01
  -2.0084200e-01   3.0042399e-01
  -3.1679999e-01   1.6244200e-01
  -3.3761999e-01  -1.4023800e-02
  -2.5909899e-01  -1.6798800e-01
  -1.1283300e-01  -2.4737999e-01
   4.5565499e-02  -2.2803199e-01
   1.5702500e-01  -1.2233700e-01
   1.8075600e-01   2.5551699e-02
   1.0918500e-01   1.5619600e-01
  -2.9391699e-02   2.1690399e-01
  -1.8136800e-01   1.8120900e-01
  -2.8768199e-01   5.8642099e-02
  -3.0563499e-01  -1.0877500e-01
  -2.2463799e-01  -2.6198599e-01
  -7.0121698e-02  -3.4658399e-01
   1.0579100e-01  -3.3273899e-01
   2.4338999e-01  -2.2604399e-01
   2.9719899e-01  -6.5338398e-02
   2.5248599e-01   9.1665198e-02
   1.3043100e-01   1.8960100e-01
  -1.9920500e-02   1.9571500e-01
  -1.3989200e-01   1.1171700e-01
  -1.8286100e-01  -2.7088499e-02
  -1.3141200e-01  -1.6502300e-01
  -3.6706999e-03  -2.4670199e-01
   1.5347300e-01  -2.3751799e-01
   2.8169899e-01  -1.3640600e-01
   3.3274599e-01   2.3767499e-02
   2.8614199e-01   1.8828200e-01
   1.5666300e-01   3.0063699e-01
  -1.1161500e-02   3.2319499e-01
  -1.5943200e-01   2.5082999e-01
  -2.3808599e-01   1.1258400e-01
  -2.2312299e-01  -3.9208599e-02
  -1.2515500e-01  -1.4827800e-01
   1.4787700e-02  -1.7510700e-01
   1.4060300e-01  -1.1134600e-01
   2.0192100e-01   1.7314300e-02
   1.7269100e-01   1.6080000e-01
   6.0730599e-02   2.6324099e-01
  -9.5218898e-02   2.8360999e-01
  -2.3980099e-01   2.1081799e-01
  -3.2139699e-01   6.7750098e-02
  -3.1102499e-01  -9.7183298e-02
  -2.1284499e-01  -2.2782499e-01
  -6.2466698e-02  -2.8079599e-01
   8.6259098e-02  -2.4122499e-01
   1.8105600e-01  -1.2792700e-01
   1.9032400e-01   1.3793500e-02
   1.1453200e-01   1.2901400e-01
  -1.4245000e-02   1.7347900e-01
  -1.4439300e-01   1.2983500e-01
  -2.2393699e-01   1.3874100e-02
  -2.1973999e-01  -1.3144500e-01
  -1.2967600e-01  -2.5193099e-01
   1.6660100e-02  -3.0214499e-01
   1.6889200e-01  -2.6206899e-01
   2.7437499e-01  -1.4435900e-01
   2.9743899e-01   1.0415500e-02
   2.3229499e-01   1.4874400e-01
   1.0491300e-01   2.2378199e-01
  -3.6748999e-02   2.1237699e-01
  -1.4049600e-01   1.2329200e-01
  -1.6906800e-01  -6.3380298e-03
  -1.1368000e-01  -1.2493700e-01
   2.9913599e-03  -1.8560600e-01
   1.3540200e-01  -1.6339300e-01
   2.3208099e-01  -6.4378898e-02
   2.5463899e-01   7.6703198e-02
   1.9185500e-01   2.0935299e-01
   6.3700898e-02   2.8590299e-01
  -8.6092298e-02   2.7896499e-01
  -2.0614199e-01   1.9132800e-01
  -2.5620399e-01   5.4733199e-02
  -2.2174699e-01  -8.1938198e-02
  -1.1899600e-01  -1.7066700e-01
   1.1329100e-02  -1.8182500e-01
   1.1920100e-01  -1.1481700e-01
   1.6374700e-01   2.0200299e-03
   1.2819700e-01   1.2212500e-01
   2.5857199e-02   1.9802699e-01
  -1.0500400e-01   1.9886099e-01
  -2.1540699e-01   1.2164100e-01
  -2.6373199e-01  -7.7740198e-03
  -2.3096699e-01  -1.4430800e-01
  -1.2755200e-01  -2.4027599e-01
   1.0618200e-02  -2.6282499e-01
   1.3548700e-01  -2.0579499e-01
   2.0445799e-01  -9.1722998e-02
   1.9587199e-01   3.6685499e-02
   1.1666500e-01   1.3238000e-01
  -5.1097999e-04   1.6123000e-01
  -1.0956800e-01   1.1438900e-01
  -1.6806500e-01   1.1265400e-02
  -1.5279600e-01  -1.0789800e-01
  -6.8176098e-02  -1.9702299e-01
   5.5583999e-02  -2.2120199e-01
   1.7375100e-01  -1.6947000e-01
   2.4357699e-01  -5.8677298e-02
   2.3993499e-01   7.2858298e-02
   1.6437400e-01   1.7951000e-01
   4.4317799e-02   2.2504699e-01
  -7.7191898e-02   1.9574299e-01
  -1.5736100e-01   1.0512300e-01
  -1.6925700e-01  -1.1314700e-02
  -1.1144500e-01  -1.0935800e-01
  -8.1918098e-03  -1.5238500e-01
   9.9759397e-02  -1.2471700e-01
   1.7034800e-01  -3.7148399e-02
   1.7568300e-01   7.7286998e-02
   1.1218100e-01   1.7566300e-01
   1.6872400e-03   2.2101399e-01
  -1.1673300e-01   1.9584799e-01
  -2.0122999e-01   1.0840000e-01
  -2.2248499e-01  -1.0606500e-02
  -1.7427800e-01  -1.1938100e-01
  -7.5501198e-02  -1.8042200e-01
   3.7042299e-02  -1.7412800e-01
   1.2229400e-01  -1.0570700e-01
   1.4999900e-01  -2.9324299e-03
   1.1162400e-01   9.4336397e-02
   2.3196899e-02   1.4892500e-01
  -8.0887898e-02   1.3995800e-01
  -1.6071500e-01   7.0343498e-02
  -1.8557600e-01  -3.4544699e-02
  -1.4514900e-01  -1.3640400e-01
  -5.3095599e-02  -1.9816299e-01
   5.8168998e-02  -1.9754099e-01
   1.4950900e-01  -1.3503000e-01
   1.8941399e-01  -3.3466399e-02
   1.6538900e-01   7.0567098e-02
   8.8250898e-02   1.4025300e-01
  -1.2150200e-02   1.5196500e-01
  -9.8107897e-02   1.0369000e-01
  -1.3796000e-01   1.5440700e-02
  -1.1758900e-01  -7.8395198e-02
  -4.5355099e-02  -1.4186400e-01
   5.1274499e-02  -1.5065700e-01
   1.3603500e-01  -1.0089000e-01
   1.7727000e-01  -1.0282200e-02
   1.5947300e-01   8.8570998e-02
   8.8779398e-02   1.6029600e-01
  -9.5372897e-03   1.7969100e-01
  -1.0051900e-01   1.4078300e-01
  -1.5239600e-01   5.8747998e-02
  -1.4810800e-01  -3.5934399e-02
  -9.1290897e-02  -1.0881800e-01
  -4.6186799e-03  -1.3411700e-01
   7.8788698e-02  -1.0397700e-01
   1.2764200e-01  -3.1054799e-02
   1.2390400e-01   5.6435398e-02
   6.9199598e-02   1.2529500e-01
  -1.6065500e-02   1.4957500e-01
  -1.0043900e-01   1.1998100e-01
  -1.5308000e-01   4.7047699e-02
  -1.5502400e-01  -4.2977699e-02
  -1.0594400e-01  -1.1793600e-01
  -2.3990999e-02  -1.5156500e-01
   6.1092598e-02  -1.3297400e-01
   1.1899400e-01  -7.0359698e-02
   1.2987600e-01   1.2303600e-02
   9.1415197e-02   8.4277498e-02
   1.9338799e-02   1.1938800e-01
  -5.8643498e-02   1.0549600e-01
  -1.1317600e-01   4.8686799e-02
  -1.2401800e-01  -2.9273299e-02
  -8.7296298e-02  -9.9159197e-02
  -1.6652700e-02  -1.3509800e-01
   6.2021998e-02  -1.2397000e-01
   1.2023900e-01  -6.9998998e-02
   1.3734400e-01   7.0753198e-03
   1.0791400e-01   7.9446198e-02
   4.3463099e-02   1.2150500e-01
  -3.2052999e-02   1.1911700e-01
  -9.1188997e-02   7.4550698e-02
  -1.1306500e-01   5.3259298e-03
  -9.0837097e-02  -6.2465198e-02
  -3.3911199e-02  -1.0384000e-01
   3.5815399e-02  -1.0401200e-01
   9.2190797e-02  -6.3587298e-02
   1.1443800e-01   1.9605399e-03
   9.4637297e-02   6.8222398e-02
   4.0369999e-02   1.1093200e-01
  -2.8338799e-02   1.1481100e-01
  -8.6556197e-02   7.8966498e-02
  -1.1361400e-01   1.6932800e-02
  -1.0054000e-01  -4.8540599e-02
  -5.3079798e-02  -9.3950197e-02
   1.0708700e-02  -1.0359600e-01
   6.7287098e-02  -7.5115398e-02
   9.6315897e-02  -2.0042399e-02
   8.7978797e-02   4.0703599e-02
   4.6312699e-02   8.4645098e-02
  -1.2579400e-02   9.5964997e-02
  -6.6668898e-02   7.1114298e-02
  -9.6158797e-02   1.9826299e-02
  -9.0643297e-02  -3.8729099e-02
  -5.2682698e-02  -8.3136898e-02
   3.4236299e-03  -9.7579497e-02
   5.7106598e-02  -7.7457898e-02
   8.9147497e-02  -3.0797999e-02
   8.8622797e-02   2.4966699e-02
   5.6662798e-02   6.9553698e-02
   5.7369298e-03   8.7261397e-02
  -4.5162799e-02   7.2545698e-02
  -7.7583498e-02   3.1764399e-02
  -8.0293298e-02  -1.9447999e-02
  -5.3163698e-02  -6.2105598e-02
  -6.9153298e-03  -8.0855398e-02
   4.1070499e-02  -6.9454398e-02
   7.3245998e-02  -3.2788099e-02
   7.8272698e-02   1.5208200e-02
   5.4966198e-02   5.6856798e-02
   1.2442500e-02   7.7254998e-02
  -3.3477299e-02   6.9598898e-02
  -6.6191798e-02   3.7416199e-02
  -7.4351998e-02  -7.0148998e-03
  -5.5811098e-02  -4.7369899e-02
  -1.8118399e-02  -6.9306998e-02
   2.4513699e-02  -6.5591498e-02
   5.6561798e-02  -3.8484399e-02
   6.6847198e-02   1.3827700e-03
   5.2436398e-02   3.9128799e-02
   1.9426899e-02   6.1147098e-02
  -1.9561599e-02   5.9985198e-02
  -5.0174098e-02   3.6831299e-02
  -6.1570798e-02   7.8891098e-04
  -5.0224498e-02  -3.4688399e-02
  -2.0938299e-02  -5.6809898e-02
   1.5185200e-02  -5.8042098e-02
   4.4976799e-02  -3.8634999e-02
   5.8023798e-02  -6.2446098e-03
   5.0315498e-02   2.7105499e-02
   2.5438299e-02   4.9520398e-02
  -7.0165198e-03   5.3507698e-02
  -3.5145999e-02   3.8492899e-02
  -4.9111698e-02   1.0738000e-02
  -4.4589199e-02  -1.9199499e-02
  -2.4085199e-02  -4.0448299e-02
   4.2635999e-03  -4.5745499e-02
   2.9865799e-02  -3.3886499e-02
   4.3592199e-02  -9.8844097e-03
   4.0986399e-02   1.7115899e-02
   2.3645599e-02   3.7311299e-02
  -1.6405499e-03   4.3784499e-02
  -2.5572599e-02   3.4839299e-02
  -3.9790699e-02   1.4345300e-02
  -3.9810399e-02  -9.9294797e-03
  -2.6415499e-02  -2.9294799e-02
  -5.0915298e-03  -3.7283899e-02
   1.6192099e-02  -3.1829699e-02
   2.9960699e-02  -1.5744400e-02
   3.1861899e-02   4.5711599e-03
   2.2021499e-02   2.1622499e-02
   4.7167999e-03   2.9551699e-02
  -1.3408700e-02   2.6110999e-02
  -2.5856199e-02   1.3221000e-02
  -2.8561999e-02  -3.9918699e-03
  -2.1162799e-02  -1.9228999e-02
  -6.8576598e-03  -2.7323799e-02
   8.9816197e-03  -2.5972699e-02
   2.0860799e-02  -1.6320699e-02
   2.5092499e-02  -2.2838399e-03
   2.0928599e-02   1.1048800e-02
   1.0561100e-02   1.9285799e-02
  -1.9088199e-03   2.0190299e-02
  -1.2071600e-02   1.4243800e-02
  -1.6759399e-02   4.2055199e-03
  -1.5001900e-02  -6.0775998e-03
  -8.1125997e-03  -1.3107200e-02
   1.0253500e-03  -1.4883200e-02
   9.1281397e-03  -1.1395800e-02
   1.3666000e-02  -4.3689899e-03
   1.3600200e-02   3.5522799e-03
   9.5047997e-03   9.8080997e-03
   3.1244099e-03   1.2740000e-02
  -3.3819199e-03   1.1965100e-02
  -8.1918997e-03   8.2580197e-03
  -1.0305000e-02   3.0792099e-03
  -9.6509997e-03  -2.0081499e-03
  -6.8776298e-03  -5.8014198e-03
  -2.9811799e-03  -7.6728498e-03
   1.0360000e-03  -7.5395598e-03
   4.3654499e-03  -5.6951698e-03
   6.4389998e-03  -2.6371299e-03
   6.8971798e-03   1.0247400e-03
   5.5793998e-03   4.5799499e-03
   2.5907299e-03   7.2247598e-03
  -1.5835699e-03   8.1566897e-03
  -6.0159398e-03   6.7955098e-03
  -9.4392997e-03   3.0758999e-03
  -1.0565200e-02  -2.3258799e-03
  -8.5543397e-03  -7.9899397e-03
  -3.4677899e-03  -1.2068600e-02
   3.5206099e-03  -1.2879500e-02
   1.0314200e-02  -9.5889597e-03
   1.4504800e-02  -2.7101299e-03
   1.4237700e-02   5.8378298e-03
   9.0198697e-03   1.3222400e-02
   1.2538000e-04   1.6638399e-02
  -9.6329497e-03   1.4386700e-02
  -1.6770599e-02   6.6754298e-03
  -1.8378799e-02  -4.2172399e-03
  -1.3305000e-02  -1.4567400e-02
  -2.7897199e-03  -2.0465499e-02
   9.7536997e-03  -1.9289199e-02
   1.9822399e-02  -1.0831600e-02
   2.3435299e-02   2.3895099e-03
   1.8694999e-02   1.5841699e-02
   6.6899798e-03   2.4525999e-02
  -8.6714497e-03   2.4835899e-02
  -2.1918699e-02   1.6035199e-02
  -2.7972399e-02   7.5551797e-04
  -2.4094699e-02  -1.5753399e-02
  -1.1089000e-02  -2.7424999e-02
   6.7649998e-03  -2.9612299e-02
   2.3101499e-02  -2.0934299e-02
   3.1738999e-02  -4.0004399e-03
   2.9021899e-02   1.5331899e-02
   1.5344799e-02   2.9975499e-02
  -4.7681198e-03   3.4212699e-02
  -2.4140999e-02   2.5921799e-02
  -3.5504899e-02   7.5649697e-03
  -3.4226199e-02  -1.4502400e-02
  -2.0179199e-02  -3.2225999e-02
   1.9891799e-03  -3.8795899e-02
   2.4378499e-02  -3.1261499e-02
   3.8650999e-02  -1.1815900e-02
   3.9139399e-02   1.2797200e-02
   2.5088099e-02   3.3613999e-02
   1.1447100e-03   4.2715899e-02
  -2.4158099e-02   3.6239399e-02
  -4.1440799e-02   1.5985799e-02
  -4.3954198e-02  -1.1030700e-02
  -3.0205299e-02  -3.5006999e-02
  -4.7113798e-03  -4.6913598e-02
   2.3470199e-02  -4.1897599e-02
   4.3965498e-02  -2.1244199e-02
   4.8913898e-02   7.8908997e-03
   3.5989199e-02   3.4956199e-02
   9.4509397e-03   4.9832398e-02
  -2.1232599e-02   4.6624798e-02
  -4.4754198e-02   2.5998699e-02
  -5.2131898e-02  -4.8648398e-03
  -4.0131799e-02  -3.4749299e-02
  -1.2648600e-02  -5.2466498e-02
   2.0536499e-02  -5.1031098e-02
   4.7231898e-02  -3.0386599e-02
   5.7310498e-02   2.3757699e-03
   4.6540198e-02   3.5459999e-02
   1.8319499e-02   5.6629698e-02
  -1.7384499e-02   5.7751598e-02
  -4.7576198e-02   3.7927899e-02
  -6.0989898e-02   4.0133199e-03
  -5.2325198e-02  -3.1744399e-02
  -2.4362899e-02  -5.6131698e-02
   1.2876900e-02  -5.9863598e-02
   4.5694598e-02  -4.1132399e-02
   6.1724998e-02  -6.4542698e-03
   5.4569998e-02   3.1563999e-02
   2.6316599e-02   5.8777298e-02
  -1.3048000e-02   6.4729298e-02
  -4.9173598e-02   4.6622298e-02
  -6.8584398e-02   1.0525300e-02
  -6.3702598e-02  -3.0691399e-02
  -3.5784699e-02  -6.1992098e-02
   5.3667798e-03  -7.1712197e-02
   4.4872998e-02  -5.5952098e-02
   6.8202998e-02  -2.0172499e-02
   6.6573398e-02   2.2658399e-02
   4.0314599e-02   5.6741898e-02
  -1.0867800e-03   6.9265098e-02
  -4.2346598e-02   5.5215298e-02
  -6.7957598e-02   1.9383799e-02
  -6.7946998e-02  -2.5236699e-02
  -4.1681599e-02  -6.2129198e-02
   1.7289399e-03  -7.7321097e-02
   4.6638598e-02  -6.4613798e-02
   7.6552097e-02  -2.8015599e-02
   8.0222097e-02   1.9570999e-02
   5.5899598e-02   6.0982998e-02
   1.2129500e-02   8.1084697e-02
  -3.5258699e-02   7.2401797e-02
  -6.8907798e-02   3.8000599e-02
  -7.6342197e-02  -9.4987297e-03
  -5.4662298e-02  -5.2466198e-02
  -1.1755400e-02  -7.4731497e-02
   3.6476599e-02  -6.7606198e-02
   7.1902697e-02  -3.3217499e-02
   8.0858197e-02   1.6121299e-02
   5.9279598e-02   6.2325598e-02
   1.4352399e-02   8.8157197e-02
  -3.7986199e-02   8.3619097e-02
  -7.8821097e-02   4.9755498e-02
  -9.3212097e-02  -1.5874199e-03
  -7.5765097e-02  -5.2002698e-02
  -3.2738699e-02  -8.3246797e-02
   2.0137499e-02  -8.3984497e-02
   6.3376998e-02  -5.4057998e-02
   8.0909897e-02  -4.6660298e-03
   6.6074498e-02   4.5660498e-02
   2.4193299e-02   7.7846497e-02
  -2.9260099e-02   7.9340897e-02
  -7.4276497e-02   4.8850798e-02
  -9.3671597e-02  -3.0389699e-03
  -7.9485497e-02  -5.7637498e-02
  -3.6041299e-02  -9.4962796e-02
   2.1507899e-02  -1.0111000e-01
   7.2652297e-02  -7.3453597e-02
   9.9037596e-02  -2.1729199e-02
   9.1255997e-02   3.5438099e-02
   5.2396598e-02   7.7330897e-02
  -2.9924799e-03   8.8772497e-02
  -5.4188598e-02   6.5783298e-02
  -8.1913197e-02   1.7146599e-02
  -7.5487097e-02  -3.8733399e-02
  -3.6868799e-02  -8.0564397e-02
   1.9944699e-02  -9.2029997e-02
   7.3979197e-02  -6.7888297e-02
   1.0497300e-01  -1.6030499e-02
   1.0087400e-01   4.5297298e-02
   6.2376298e-02   9.4126396e-02
   2.7786699e-03   1.1283100e-01
  -5.6805298e-02   9.4658196e-02
  -9.5167096e-02   4.6298598e-02
  -9.8816896e-02  -1.4492299e-02
  -6.7004697e-02  -6.5373398e-02
  -1.2071800e-02  -8.7640797e-02
   4.5033598e-02  -7.3165597e-02
   8.2455497e-02  -2.7472499e-02
   8.5521997e-02   3.2207799e-02
   5.2241198e-02   8.3229897e-02
  -5.8496398e-03   1.0587600e-01
  -6.7829697e-02   9.0680097e-02
  -1.1104000e-01   4.2020098e-02
  -1.1942800e-01  -2.3375699e-02
  -8.9513697e-02  -8.2493097e-02
  -3.1758599e-02  -1.1445700e-01
   3.3202499e-02  -1.0822400e-01
   8.2103697e-02  -6.6689497e-02
   9.7605196e-02  -5.6829598e-03
   7.4711097e-02   5.1823198e-02
   2.2663899e-02   8.4170297e-02
  -3.8409699e-02   7.9032897e-02
  -8.4894597e-02   3.8034899e-02
  -9.8415696e-02  -2.3762599e-02
  -7.2682997e-02  -8.3342297e-02
  -1.5914799e-02  -1.1818600e-01
   5.2082998e-02  -1.1459800e-01
   1.0713200e-01  -7.2821597e-02
   1.2954999e-01  -7.0475597e-03
   1.1141600e-01   5.9726098e-02
   5.9528298e-02   1.0410200e-01
  -7.0433097e-03   1.1088000e-01
  -6.3940598e-02   7.8666597e-02
  -9.0479996e-02   2.0417799e-02
  -7.7293797e-02  -4.1312898e-02
  -2.9825399e-02  -8.2685697e-02
   3.3630399e-02  -8.7397397e-02
   8.8642797e-02  -5.2758698e-02
   1.1365800e-01   9.2280396e-03
   9.7996396e-02   7.6212097e-02
   4.5869498e-02   1.2367800e-01
  -2.5069399e-02   1.3396899e-01
  -9.0142296e-02   1.0282000e-01
  -1.2667800e-01   4.0991198e-02
  -1.2233700e-01  -2.9636599e-02
  -7.9660397e-02  -8.4066797e-02
  -1.5152599e-02  -1.0336700e-01
   4.6788298e-02  -8.1638697e-02
   8.2861197e-02  -2.8197499e-02
   7.9473297e-02   3.5850099e-02
   3.7793099e-02   8.5393997e-02
  -2.6631099e-02   1.0060800e-01
  -8.9562896e-02   7.4320297e-02
  -1.2699799e-01   1.4736899e-02
  -1.2403100e-01  -5.7494698e-02
  -8.0401897e-02  -1.1682400e-01
  -1.0666300e-02  -1.4216499e-01
   6.1093198e-02  -1.2465500e-01
   1.1007300e-01  -7.0929197e-02
   1.1984000e-01  -6.9975997e-04
   8.8358896e-02   6.0479098e-02
   2.8725399e-02   9.0610796e-02
  -3.5672999e-02   7.9356297e-02
  -7.9797397e-02   3.1847299e-02
  -8.6219597e-02  -3.3200599e-02
  -5.1594398e-02  -9.0390996e-02
   1.2051800e-02  -1.1703000e-01
   8.1700397e-02  -1.0153900e-01
   1.3178599e-01  -4.7785998e-02
   1.4360499e-01   2.6260999e-02
   1.1221700e-01   9.5077096e-02
   4.8297198e-02   1.3492099e-01
  -2.5749299e-02   1.3253399e-01
  -8.3998497e-02   8.9992096e-02
  -1.0651300e-01   2.3921099e-02
  -8.6647696e-02  -4.0639298e-02
  -3.3466299e-02  -7.9472897e-02
   3.1633299e-02  -7.8121497e-02
   8.2839197e-02  -3.7225298e-02
   9.9480096e-02   2.7701099e-02
   7.3694497e-02   9.1980096e-02
   1.3386299e-02   1.3086999e-01
  -6.0626698e-02   1.2870499e-01
  -1.2222800e-01   8.4702497e-02
  -1.4958099e-01   1.3307199e-02
  -1.3313899e-01  -6.1073797e-02
  -7.9152897e-02  -1.1299700e-01
  -7.3594397e-03  -1.2529399e-01
   5.6274998e-02  -9.5333796e-02
   8.9102796e-02  -3.5941699e-02
   8.0110797e-02   2.9376999e-02
   3.3945299e-02   7.5135297e-02
  -3.0836299e-02   8.3289597e-02
  -8.8639796e-02   4.9916098e-02
  -1.1630500e-01  -1.3317699e-02
  -1.0168500e-01  -8.3430797e-02
  -4.8164998e-02  -1.3457799e-01
   2.6523599e-02  -1.4756199e-01
   9.6781296e-02  -1.1690200e-01
   1.3850699e-01  -5.2868098e-02
   1.3791499e-01   2.2284899e-02
   9.6551496e-02   8.2472197e-02
   3.0680099e-02   1.0733600e-01
  -3.4748799e-02   8.9681096e-02
  -7.5304397e-02   3.8052898e-02
  -7.6075197e-02  -2.6477199e-02
  -3.7147198e-02  -7.8136397e-02
   2.6452099e-02  -9.5995296e-02
   9.0316496e-02  -7.1718397e-02
