   3.7364500e+00  -8.1749500e-03
   3.6906900e+00   4.5716100e-01
   3.5736500e+00   9.0779300e-01
   3.3890000e+00   1.3322200e+00
   3.1423000e+00   1.7197600e+00
   2.8408200e+00   2.0608900e+00
   2.4932900e+00   2.3474700e+00
   2.1096500e+00   2.5730200e+00
   1.7007500e+00   2.7328600e+00
   1.2779900e+00   2.8242200e+00
   8.5303100e-01   2.8463500e+00
   4.3739700e-01   2.8004600e+00
   4.2166300e-02   2.6897100e+00
  -3.2235900e-01   2.5190600e+00
  -6.4694700e-01   2.2951000e+00
  -9.2369600e-01   2.0258500e+00
  -1.1462500e+00   1.7205000e+00
  -1.3099500e+00   1.3890800e+00
  -1.4119800e+00   1.0421900e+00
  -1.4513800e+00   6.9065500e-01
  -1.4290700e+00   3.4521400e-01
  -1.3477900e+00   1.6165500e-02
  -1.2119600e+00  -2.8690800e-01
  -1.0275600e+00  -5.5542600e-01
  -8.0185000e-01  -7.8205300e-01
  -5.4320500e-01  -9.6089300e-01
  -2.6077800e-01  -1.0876500e+00
   3.5769300e-02  -1.1597100e+00
   3.3658100e-01  -1.1762100e+00
   6.3191500e-01  -1.1380100e+00
   9.1243900e-01  -1.0476600e+00
   1.1695100e+00  -9.0922800e-01
   1.3954500e+00  -7.2820600e-01
   1.5837200e+00  -5.1126700e-01
   1.7291600e+00  -2.6604200e-01
   1.8280600e+00  -8.6220600e-04
   1.8782900e+00   2.7552700e-01
   1.8793400e+00   5.5424600e-01
   1.8322400e+00   8.2657300e-01
   1.7395700e+00   1.0842100e+00
   1.6052800e+00   1.3195600e+00
   1.4345900e+00   1.5259300e+00
   1.2337200e+00   1.6977400e+00
   1.0097500e+00   1.8306900e+00
   7.7032600e-01   1.9218600e+00
   5.2338100e-01   1.9697800e+00
   2.7690800e-01   1.9744600e+00
   3.8673800e-02   1.9373200e+00
  -1.8402900e-01   1.8611800e+00
  -3.8461500e-01   1.7500700e+00
  -5.5741300e-01   1.6091200e+00
  -6.9783500e-01   1.4443600e+00
  -8.0251500e-01   1.2624700e+00
  -8.6939700e-01   1.0705900e+00
  -8.9778200e-01   8.7603200e-01
  -8.8833200e-01   6.8606800e-01
  -8.4302500e-01   5.0764900e-01
  -7.6506700e-01   3.4719000e-01
  -6.5876700e-01   2.1036300e-01
  -5.2937900e-01   1.0190700e-01
  -3.8290300e-01   2.5481600e-02
  -2.2588000e-01  -1.6446700e-02
  -6.5158400e-02  -2.2674200e-02
   9.2339400e-02   6.7104200e-03
   2.3985600e-01   7.0341900e-02
   3.7102800e-01   1.6563500e-01
   4.8009600e-01   2.8888200e-01
   5.6210000e-01   4.3538600e-01
   6.1303900e-01   5.9962500e-01
   6.3000500e-01   7.7544700e-01
   6.1127100e-01   9.5627400e-01
   5.5635100e-01   1.1353300e+00
   4.6600500e-01   1.3058700e+00
   3.4221400e-01   1.4614000e+00
   1.8811000e-01   1.5958900e+00
   7.8700800e-03   1.7039900e+00
  -1.9342500e-01   1.7811800e+00
  -4.0995800e-01   1.8239500e+00
  -6.3536600e-01   1.8298800e+00
  -8.6295200e-01   1.7977300e+00
  -1.0859000e+00   1.7274900e+00
  -1.2974900e+00   1.6203800e+00
  -1.4913400e+00   1.4787800e+00
  -1.6615600e+00   1.3062000e+00
  -1.8030100e+00   1.1071000e+00
  -1.9113800e+00   8.8682400e-01
  -1.9834200e+00   6.5137700e-01
  -2.0169400e+00   4.0724800e-01
  -2.0109600e+00   1.6120900e-01
  -1.9657000e+00  -7.9903800e-02
  -1.8825600e+00  -3.0940000e-01
  -1.7641200e+00  -5.2094400e-01
  -1.6139800e+00  -7.0875100e-01
  -1.4367300e+00  -8.6776700e-01
  -1.2377500e+00  -9.9381400e-01
  -1.0230500e+00  -1.0837300e+00
  -7.9907900e-01  -1.1354300e+00
  -5.7255700e-01  -1.1480100e+00
  -3.5022600e-01  -1.1217400e+00
  -1.3866800e-01  -1.0580400e+00
   5.5900500e-02  -9.5944400e-01
   2.2781700e-01  -8.2952200e-01
   3.7213800e-01  -6.7274900e-01
   4.8478200e-01  -4.9436800e-01
   5.6265000e-01  -3.0022800e-01
   6.0370800e-01  -9.6594800e-02
   6.0703800e-01   1.1003500e-01
   5.7285700e-01   3.1313500e-01
   5.0249600e-01   5.0634600e-01
   3.9835200e-01   6.8366600e-01
   2.6380100e-01   8.3962500e-01
   1.0308700e-01   9.6944400e-01
  -7.8817700e-02   1.0691700e+00
  -2.7636700e-01   1.1357800e+00
  -4.8361800e-01   1.1672800e+00
  -6.9441400e-01   1.1627000e+00
  -9.0256800e-01   1.1221900e+00
  -1.1020500e+00   1.0469000e+00
  -1.2871800e+00   9.3903700e-01
  -1.4527600e+00   8.0168600e-01
  -1.5942400e+00   6.3876600e-01
  -1.7078600e+00   4.5487500e-01
  -1.7907300e+00   2.5514500e-01
  -1.8408800e+00   4.5079700e-02
  -1.8573400e+00  -1.6961800e-01
  -1.8401600e+00  -3.8321900e-01
  -1.7903200e+00  -5.9014400e-01
  -1.7097600e+00  -7.8512300e-01
  -1.6012600e+00  -9.6335000e-01
  -1.4683400e+00  -1.1206200e+00
  -1.3151500e+00  -1.2534300e+00
  -1.1463400e+00  -1.3591000e+00
  -9.6686600e-01  -1.4357900e+00
  -7.8189000e-01  -1.4825800e+00
  -5.9657600e-01  -1.4994400e+00
  -4.1595200e-01  -1.4872600e+00
  -2.4475200e-01  -1.4477200e+00
  -8.7284600e-02  -1.3833000e+00
   5.2693300e-02  -1.2971500e+00
   1.7207400e-01  -1.1929600e+00
   2.6848200e-01  -1.0748500e+00
   3.4032200e-01  -9.4725100e-01
   3.8681500e-01  -8.1471000e-01
   4.0799600e-01  -6.8179000e-01
   4.0469200e-01  -5.5290600e-01
   3.7847400e-01  -4.3219500e-01
   3.3158900e-01  -3.2339700e-01
   2.6687000e-01  -2.2974000e-01
   1.8762800e-01  -1.5386000e-01
   9.7538400e-02  -9.7729900e-02
   5.0869200e-04  -6.2615700e-02
  -9.9448300e-02  -4.9055300e-02
  -1.9834800e-01  -5.6861700e-02
  -2.9235900e-01  -8.5148900e-02
  -3.7792600e-01  -1.3237900e-01
  -4.5187200e-01  -1.9643000e-01
  -5.1149500e-01  -2.7468000e-01
  -5.5463900e-01  -3.6410500e-01
  -5.7975200e-01  -4.6138900e-01
  -5.8592000e-01  -5.6303800e-01
  -5.7287700e-01  -6.6550000e-01
  -5.4100200e-01  -7.6528100e-01
  -4.9128300e-01  -8.5905700e-01
  -4.2527600e-01  -9.4378000e-01
  -3.4503400e-01  -1.0167700e+00
  -2.5302800e-01  -1.0757900e+00
  -1.5205800e-01  -1.1191100e+00
  -4.5149300e-02  -1.1455600e+00
   6.4549000e-02  -1.1545300e+00
   1.7387400e-01  -1.1460100e+00
   2.7974900e-01  -1.1205400e+00
   3.7928800e-01  -1.0792000e+00
   4.6988000e-01  -1.0235500e+00
   5.4927000e-01  -9.5557400e-01
   6.1562500e-01  -8.7761300e-01
   6.6758400e-01  -7.9225300e-01
   7.0428700e-01  -7.0225100e-01
   7.2539400e-01  -6.1043800e-01
   7.3108200e-01  -5.1962300e-01
   7.2202500e-01  -4.3249900e-01
   6.9936000e-01  -3.5155800e-01
   6.6463700e-01  -2.7901800e-01
   6.1975600e-01  -2.1675000e-01
   5.6689800e-01  -1.6623100e-01
   5.0844200e-01  -1.2850100e-01
   4.4688400e-01  -1.0414500e-01
   3.8475100e-01  -9.3281900e-02
   3.2451500e-01  -9.5572800e-02
   2.6851400e-01  -1.1024700e-01
   2.1887900e-01  -1.3613600e-01
   1.7746800e-01  -1.7172400e-01
   1.4581000e-01  -2.1521000e-01
   1.2506900e-01  -2.6456800e-01
   1.1600900e-01  -3.1762800e-01
   1.1898300e-01  -3.7214500e-01
   1.3393300e-01  -4.2587900e-01
   1.6040200e-01  -4.7666700e-01
   1.9756000e-01  -5.2249400e-01
   2.4424300e-01  -5.6155100e-01
   2.9900100e-01  -5.9229400e-01
   3.6015300e-01  -6.1348100e-01
   4.2584800e-01  -6.2420900e-01
   4.9413300e-01  -6.2393000e-01
   5.6302100e-01  -6.1245800e-01
   6.3055000e-01  -5.8996800e-01
   6.9485700e-01  -5.5697000e-01
   7.5422600e-01  -5.1429100e-01
   8.0714400e-01  -4.6302900e-01
   8.5234300e-01  -4.0451500e-01
   8.8883100e-01  -3.4025300e-01
   9.1591300e-01  -2.7187200e-01
   9.3320600e-01  -2.0106400e-01
   9.4063700e-01  -1.2952700e-01
   9.3843300e-01  -5.8906600e-02
   9.2710000e-01   9.2500100e-03
   9.0739500e-01   7.3546400e-02
   8.8029100e-01   1.3277400e-01
   8.4693200e-01   1.8594200e-01
   8.0858800e-01   2.3230500e-01
   7.6660800e-01   2.7137000e-01
   7.2236500e-01   3.0290400e-01
   6.7721500e-01   3.2692500e-01
   6.3244700e-01   3.4369300e-01
   5.8924400e-01   3.5368200e-01
   5.4864600e-01   3.5755500e-01
   5.1152500e-01   3.5612700e-01
   4.7856200e-01   3.5032900e-01
   4.5023500e-01   3.4116700e-01
   4.2681300e-01   3.2968000e-01
   4.0836300e-01   3.1690000e-01
   3.9475700e-01   3.0381200e-01
   3.8569400e-01   2.9132700e-01
   3.8072100e-01   2.8024100e-01
   3.7926100e-01   2.7122300e-01
   3.8064500e-01   2.6479000e-01
   3.8414800e-01   2.6130100e-01
   3.8902000e-01   2.6095300e-01
   3.9452000e-01   2.6378400e-01
   3.9994900e-01   2.6968400e-01
   4.0467500e-01   2.7841100e-01
   4.0815600e-01   2.8961100e-01
   4.0996000e-01   3.0284500e-01
   4.0977700e-01   3.1761300e-01
   4.0742100e-01   3.3338600e-01
   4.0283500e-01   3.4963100e-01
   3.9608200e-01   3.6584000e-01
   3.8733300e-01   3.8155500e-01
   3.7685100e-01   3.9639200e-01
   3.6497200e-01   4.1005000e-01
   3.5207900e-01   4.2233300e-01
   3.3857900e-01   4.3314900e-01
   3.2487700e-01   4.4251500e-01
   3.1134900e-01   4.5054900e-01
   2.9832200e-01   4.5746400e-01
   2.8605400e-01   4.6354800e-01
   2.7471100e-01   4.6914800e-01
   2.6436700e-01   4.7464800e-01
   2.5498500e-01   4.8044400e-01
   2.4642500e-01   4.8691800e-01
   2.3844500e-01   4.9441400e-01
   2.3071200e-01   5.0321400e-01
   2.2281600e-01   5.1351800e-01
   2.1429200e-01   5.2542500e-01
   2.0464000e-01   5.3892300e-01
   1.9335400e-01   5.5387800e-01
   1.7994500e-01   5.7003400e-01
   1.6397400e-01   5.8701700e-01
   1.4507500e-01   6.0434300e-01
   1.2297700e-01   6.2143800e-01
   9.7531100e-02   6.3765400e-01
   6.8721000e-02   6.5229400e-01
   3.6677200e-02   6.6464400e-01
   1.6809600e-03   6.7400100e-01
  -3.5836300e-02   6.7970500e-01
  -7.5301300e-02   6.8117100e-01
  -1.1601300e-01   6.7791800e-01
  -1.5716200e-01   6.6959700e-01
  -1.9786000e-01   6.5601200e-01
  -2.3716400e-01   6.3714000e-01
  -2.7411800e-01   6.1313900e-01
  -3.0778200e-01   5.8435600e-01
  -3.3727400e-01   5.5132200e-01
  -3.6180600e-01   5.1474300e-01
  -3.8071900e-01   4.7548100e-01
  -3.9351000e-01   4.3453100e-01
  -3.9986500e-01   3.9299000e-01
  -3.9967600e-01   3.5202100e-01
  -3.9305300e-01   3.1281400e-01
  -3.8033500e-01   2.7654200e-01
  -3.6208100e-01   2.4431900e-01
  -3.3906300e-01   2.1715900e-01
  -3.1224600e-01   1.9592900e-01
  -2.8276200e-01   1.8131900e-01
  -2.5187400e-01   1.7380500e-01
  -2.2093400e-01   1.7362700e-01
  -1.9134300e-01   1.8077100e-01
  -1.6450100e-01   1.9495700e-01
  -1.4175200e-01   2.1564600e-01
  -1.2434400e-01   2.4204300e-01
  -1.1337000e-01   2.7312200e-01
  -1.0973700e-01   3.0764900e-01
  -1.1411400e-01   3.4422500e-01
  -1.2691400e-01   3.8132300e-01
  -1.4826000e-01   4.1734300e-01
  -1.7797800e-01   4.5066100e-01
  -2.1559200e-01   4.7968900e-01
  -2.6033200e-01   5.0292800e-01
  -3.1115000e-01   5.1902800e-01
  -3.6674900e-01   5.2683000e-01
  -4.2562000e-01   5.2542300e-01
  -4.8609000e-01   5.1417300e-01
  -5.4637000e-01   4.9275800e-01
  -6.0462100e-01   4.6118700e-01
  -6.5900700e-01   4.1980700e-01
  -7.0776400e-01   3.6930000e-01
  -7.4925900e-01   3.1067400e-01
  -7.8204900e-01   2.4522800e-01
  -8.0493600e-01   1.7452300e-01
  -8.1701500e-01   1.0033100e-01
  -8.1770800e-01   2.4583100e-02
  -8.0679200e-01  -5.0695500e-02
  -7.8441900e-01  -1.2344900e-01
  -7.5111300e-01  -1.9166200e-01
  -7.0776600e-01  -2.5342500e-01
  -6.5561100e-01  -3.0700600e-01
  -5.9619100e-01  -3.5090700e-01
  -5.3131300e-01  -3.8392600e-01
  -4.6298900e-01  -4.0519700e-01
  -3.9337900e-01  -4.1423000e-01
  -3.2471300e-01  -4.1093300e-01
  -2.5922400e-01  -3.9562400e-01
  -1.9906700e-01  -3.6902700e-01
  -1.4624900e-01  -3.3225800e-01
  -1.0255900e-01  -2.8679000e-01
  -6.9496800e-02  -2.3441300e-01
  -4.8225900e-02  -1.7718000e-01
  -3.9521800e-02  -1.1734100e-01
  -4.3740900e-02  -5.7270600e-02
  -6.0800300e-02   6.0876500e-04
  -9.0172800e-02   5.3908700e-02
  -1.3089600e-01   1.0035600e-01
  -1.8159700e-01   1.3787000e-01
  -2.4053000e-01   1.6464000e-01
  -3.0563200e-01   1.7918600e-01
  -3.7457900e-01   1.8042000e-01
  -4.4486700e-01   1.6768700e-01
  -5.1388700e-01   1.4079400e-01
  -5.7901600e-01   1.0002900e-01
  -6.3769700e-01   4.6157400e-02
  -6.8753400e-01  -1.9592600e-02
  -7.2636700e-01  -9.5564200e-02
  -7.5235700e-01  -1.7971800e-01
  -7.6404500e-01  -2.6969100e-01
  -7.6041300e-01  -3.6287300e-01
  -7.4092300e-01  -4.5648400e-01
  -7.0554500e-01  -5.4766500e-01
  -6.5476800e-01  -6.3357000e-01
  -5.8959300e-01  -7.1146300e-01
  -5.1150700e-01  -7.7880300e-01
  -4.2244800e-01  -8.3333700e-01
  -3.2474500e-01  -8.7317700e-01
  -2.2105100e-01  -8.9686700e-01
  -1.1426400e-01  -9.0343900e-01
  -7.4325800e-03  -8.9245000e-01
   9.6334800e-02  -8.6401100e-01
   1.9397400e-01  -8.1878700e-01
   2.8256200e-01  -7.5798800e-01
   3.5941600e-01  -6.8333800e-01
   4.2218100e-01  -5.9702700e-01
   4.6891000e-01  -5.0164700e-01
   4.9813900e-01  -4.0012100e-01
   5.0893100e-01  -2.9560500e-01
   5.0092400e-01  -1.9139900e-01
   4.7434500e-01  -9.0839800e-02
   4.3001200e-01   2.8047100e-03
   3.6931900e-01   8.6439400e-02
   2.9419600e-01   1.5724300e-01
   2.0705900e-01   2.1276300e-01
   1.1073600e-01   2.5099500e-01
   8.3881200e-03   2.7045300e-01
  -9.6591400e-02   2.7022800e-01
  -2.0067700e-01   2.5001600e-01
  -3.0032400e-01   2.1014000e-01
  -3.9207400e-01   1.5154800e-01
  -4.7267000e-01   7.5786500e-02
  -5.3915900e-01  -1.5035600e-02
  -5.8898800e-01  -1.1831100e-01
  -6.2008500e-01  -2.3100700e-01
  -6.3093400e-01  -3.4975700e-01
  -6.2062400e-01  -4.7096200e-01
  -5.8888400e-01  -5.9090000e-01
  -5.3610100e-01  -7.0583700e-01
  -4.6330900e-01  -8.1214900e-01
  -3.7216500e-01  -9.0642900e-01
  -2.6490500e-01  -9.8559700e-01
  -1.4427700e-01  -1.0470000e+00
  -1.3462700e-02  -1.0884900e+00
   1.2402100e-01  -1.1084900e+00
   2.6442200e-01  -1.1060800e+00
   4.0387400e-01  -1.0809900e+00
   5.3850800e-01  -1.0336000e+00
   6.6457400e-01  -9.6500100e-01
   7.7855500e-01  -8.7689500e-01
   8.7727700e-01  -7.7158000e-01
   9.5800900e-01  -6.5187400e-01
   1.0185400e+00  -5.2103100e-01
   1.0572700e+00  -3.8264100e-01
   1.0732200e+00  -2.4052500e-01
   1.0661000e+00  -9.8615700e-02
   1.0363200e+00   3.9162900e-02
   9.8495100e-01   1.6901400e-01
   9.1370300e-01   2.8738500e-01
   8.2488500e-01   3.9107800e-01
   7.2132200e-01   4.7734400e-01
   6.0627300e-01   5.4397300e-01
   4.8332700e-01   5.8935400e-01
   3.5629400e-01   6.1253100e-01
   2.2908700e-01   6.1322700e-01
   1.0560100e-01   5.9185100e-01
  -1.0409000e-02   5.4948500e-01
  -1.1544100e-01   4.8785000e-01
  -2.0635600e-01   4.0924800e-01
  -2.8047400e-01   3.1648800e-01
  -3.3565600e-01   2.1280100e-01
  -3.7036700e-01   1.0173300e-01
  -3.8372300e-01  -1.2964400e-02
  -3.7551700e-01  -1.2745300e-01
  -3.4622100e-01  -2.3792900e-01
  -2.9696800e-01  -3.4074200e-01
  -2.2951300e-01  -4.3250900e-01
  -1.4617900e-01  -5.1022200e-01
  -4.9773100e-02  -5.7133700e-01
   5.6497100e-02  -6.1385800e-01
   1.6913200e-01  -6.3639300e-01
   2.8444900e-01  -6.3819700e-01
   3.9870700e-01  -6.1919400e-01
   5.0821700e-01  -5.7997400e-01
   6.0946800e-01  -5.2177400e-01
   6.9923500e-01  -4.4643000e-01
   7.7468100e-01  -3.5632200e-01
   8.3344800e-01  -2.5429000e-01
   8.7373000e-01  -1.4354200e-01
   8.9432800e-01  -2.7549700e-02
   8.9468900e-01   9.0065500e-02
   8.7492000e-01   2.0565100e-01
   8.3577900e-01   3.1564200e-01
   7.7865500e-01   4.1667400e-01
   7.0551400e-01   5.0569600e-01
   6.1883500e-01   5.8006800e-01
   5.2153000e-01   6.3764300e-01
   4.1684500e-01   6.7683800e-01
   3.0825400e-01   6.9668800e-01
   1.9934400e-01   6.9687100e-01
   9.3696000e-02   6.7772000e-01
  -5.2292200e-03   6.4021200e-01
  -9.4209000e-02   5.8593500e-01
  -1.7036300e-01   5.1703400e-01
  -2.3124800e-01   4.3614100e-01
  -2.7494000e-01   3.4629100e-01
  -3.0009700e-01   2.5081700e-01
  -3.0600500e-01   1.5324600e-01
  -2.9260300e-01   5.7177300e-02
  -2.6048500e-01  -3.3831200e-02
  -2.1088400e-01  -1.1638400e-01
  -1.4563300e-01  -1.8736000e-01
  -6.7105900e-02  -2.4401500e-01
   2.1857300e-02  -2.8407600e-01
   1.1804200e-01  -3.0581600e-01
   2.1796400e-01  -3.0811600e-01
   3.1798100e-01  -2.9050300e-01
   4.1441000e-01  -2.5317200e-01
   5.0365200e-01  -1.9698000e-01
   5.8230400e-01  -1.2342600e-01
   6.4727800e-01  -3.4606200e-02
   6.9589700e-01   6.6850900e-02
   7.2599200e-01   1.7786500e-01
   7.3596800e-01   2.9500200e-01
   7.2486900e-01   4.1457600e-01
   6.9240700e-01   5.3277500e-01
   6.3898300e-01   6.4577400e-01
   5.6567200e-01   7.4986100e-01
   4.7420400e-01   8.4155700e-01
   3.6690700e-01   9.1772600e-01
   2.4664300e-01   9.7568100e-01
   1.1672100e-01   1.0132700e+00
  -1.9207200e-02   1.0289500e+00
  -1.5725200e-01   1.0218400e+00
  -2.9341300e-01   9.9175000e-01
  -4.2369700e-01   9.3920900e-01
  -5.4424700e-01   8.6543100e-01
  -6.5146400e-01   7.7229800e-01
  -7.4211500e-01   6.6230400e-01
  -8.1344100e-01   5.3848000e-01
  -8.6324500e-01   4.0430400e-01
  -8.8996000e-01   2.6360100e-01
  -8.9270600e-01   1.2042500e-01
  -8.7131800e-01  -2.1066500e-02
  -8.2635900e-01  -1.5673300e-01
  -7.5910200e-01  -2.8258400e-01
  -6.7149900e-01  -3.9489500e-01
  -5.6612500e-01  -4.9033000e-01
  -4.4609900e-01  -5.6603700e-01
  -3.1499600e-01  -6.1974300e-01
  -1.7673900e-01  -6.4982100e-01
  -3.5480900e-02  -6.5534300e-01
   1.0452000e-01  -6.3611200e-01
   2.3902700e-01  -5.9266900e-01
   3.6395600e-01  -5.2627700e-01
   4.7549300e-01  -4.3888800e-01
   5.7021800e-01  -3.3308300e-01
   6.4520000e-01  -2.1199700e-01
   6.9809000e-01  -7.9223600e-02
   7.2719400e-01   6.1290800e-02
   7.3151800e-01   2.0536600e-01
   7.1080500e-01   3.4871300e-01
   6.6553600e-01   4.8706200e-01
   5.9692000e-01   6.1629400e-01
   5.0685400e-01   7.3255900e-01
   3.9786800e-01   8.3239300e-01
   2.7304500e-01   9.1282300e-01
   1.3592900e-01   9.7145200e-01
  -9.5827200e-03   1.0065300e+00
  -1.5935700e-01   1.0170100e+00
  -3.0914900e-01   1.0025600e+00
  -4.5473100e-01   9.6359200e-01
  -5.9202100e-01   9.0123800e-01
  -7.1719800e-01   8.1730600e-01
  -8.2682200e-01   7.1422800e-01
  -9.1793400e-01   5.9498400e-01
  -9.8813900e-01   4.6301100e-01
  -1.0356800e+00   3.2208900e-01
  -1.0594700e+00   1.7623300e-01
  -1.0591600e+00   2.9566200e-02
  -1.0351000e+00  -1.1380400e-01
  -9.8833200e-01  -2.4991300e-01
  -9.2058300e-01  -3.7505400e-01
  -8.3417200e-01  -4.8589100e-01
  -7.3195300e-01  -5.7955600e-01
  -6.1721400e-01  -6.5373600e-01
  -4.9358200e-01  -7.0673000e-01
  -3.6489700e-01  -7.3750600e-01
  -2.3510400e-01  -7.4571800e-01
  -1.0812100e-01  -7.3171400e-01
   1.2275100e-02  -6.9651700e-01
   1.2256900e-01  -6.4178500e-01
   2.1960800e-01  -5.6975700e-01
   3.0070200e-01  -4.8317500e-01
   3.6369500e-01  -3.8519000e-01
   4.0703700e-01  -2.7926600e-01
   4.2981400e-01  -1.6906300e-01
   4.3178200e-01  -5.8320600e-02
   4.1335800e-01   4.9257800e-02
   3.7560600e-01   1.5012500e-01
   3.2019300e-01   2.4099800e-01
   2.4933200e-01   3.1896200e-01
   1.6570500e-01   3.8155800e-01
   7.2374100e-02   4.2685600e-01
  -2.7323000e-02   4.5351200e-01
  -1.2987900e-01   4.6080800e-01
  -2.3173500e-01   4.4866400e-01
  -3.2939100e-01   4.1764100e-01
  -4.1952200e-01   3.6891200e-01
  -4.9908300e-01   3.0422100e-01
  -5.6540300e-01   2.2582300e-01
  -6.1627400e-01   1.3640500e-01
  -6.5001000e-01   3.8997100e-02
  -6.6551000e-01  -6.3130300e-02
  -6.6227800e-01  -1.6657300e-01
  -6.4044300e-01  -2.6790400e-01
  -6.0074800e-01  -3.6378800e-01
  -5.4452400e-01  -4.5108700e-01
  -4.7364000e-01  -5.2696500e-01
  -3.9044300e-01  -5.8897300e-01
  -2.9767600e-01  -6.3513400e-01
  -1.9839000e-01  -6.6400100e-01
  -9.5839600e-02  -6.7470500e-01
   6.6219800e-03  -6.6697900e-01
   1.0565300e-01  -6.4116700e-01
   1.9803300e-01  -5.9820800e-01
   2.8076700e-01  -5.3960600e-01
   3.5118300e-01  -4.6738100e-01
   4.0701700e-01  -3.8399800e-01
   4.4649100e-01  -2.9229000e-01
   4.6836300e-01  -1.9536300e-01
   4.7197400e-01  -9.6493900e-02
   4.5726200e-01   9.7211500e-04
   4.2477100e-01   9.3734600e-02
   3.7562600e-01   1.7864300e-01
   3.1150500e-01   2.5279700e-01
   2.3457500e-01   3.1364500e-01
   1.4743000e-01   3.5906100e-01
   5.3005300e-02   3.8741800e-01
  -4.5517600e-02   3.9763600e-01
  -1.4481200e-01   3.8922400e-01
  -2.4151300e-01   3.6228800e-01
  -3.3232400e-01   3.1753500e-01
  -4.1412300e-01   2.5624900e-01
  -4.8406200e-01   1.8025100e-01
  -5.3965800e-01   9.1839100e-02
  -5.7887200e-01  -6.2784800e-03
  -6.0017400e-01  -1.1107200e-01
  -6.0259200e-01  -2.1928700e-01
  -5.8574400e-01  -3.2753900e-01
  -5.4985000e-01  -4.3243100e-01
  -4.9572600e-01  -5.3064900e-01
  -4.2476100e-01  -6.1907400e-01
  -3.3886800e-01  -6.9487400e-01
  -2.4043300e-01  -7.5559500e-01
  -1.3223500e-01  -7.9923800e-01
  -1.7363300e-02  -8.2431900e-01
   1.0088100e-01  -8.2991700e-01
   2.1908500e-01  -8.1570000e-01
   3.3382800e-01  -7.8193800e-01
   4.4179100e-01  -7.2949100e-01
   5.3985400e-01  -6.5978400e-01
   6.2519500e-01  -5.7476300e-01
   6.9537300e-01  -4.7683100e-01
   7.4840400e-01  -3.6877900e-01
   7.8281900e-01  -2.5369500e-01
   7.9770700e-01  -1.3487100e-01
   7.9274500e-01  -1.5703700e-02
   7.6819900e-01   1.0041300e-01
   7.2491900e-01   2.1018700e-01
   6.6431100e-01   3.1053000e-01
   5.8828600e-01   3.9865100e-01
   4.9920700e-01   4.7213700e-01
   3.9980800e-01   5.2902400e-01
   2.9311500e-01   5.6785800e-01
   1.8235000e-01   5.8773100e-01
   7.0830000e-02   5.8830800e-01
  -3.8128700e-02   5.6983000e-01
  -1.4131600e-01   5.3311000e-01
  -2.3572100e-01   4.7949300e-01
  -3.1862200e-01   4.1082100e-01
  -3.8767100e-01   3.2936900e-01
  -4.4095200e-01   2.3777100e-01
  -4.7704500e-01   1.3894100e-01
  -4.9505800e-01   3.5979500e-02
  -4.9465500e-01  -6.7921700e-02
  -4.7605200e-01  -1.6957600e-01
  -4.4001400e-01  -2.6590100e-01
  -3.8782100e-01  -3.5400500e-01
  -3.2122500e-01  -4.3128200e-01
  -2.4239100e-01  -4.9547900e-01
  -1.5383000e-01  -5.4476400e-01
  -5.8313400e-02  -5.7777900e-01
   4.1209700e-02  -5.9367000e-01
   1.4170600e-01  -5.9211400e-01
   2.4015300e-01  -5.7331800e-01
   3.3362500e-01  -5.3800500e-01
   4.1939000e-01  -4.8739000e-01
   4.9498200e-01  -4.2313300e-01
   5.5827800e-01  -3.4728500e-01
   6.0755700e-01  -2.6221900e-01
   6.4154500e-01  -1.7055100e-01
   6.5945200e-01  -7.5063400e-02
   6.6098600e-01   2.1390800e-02
   6.4635700e-01   1.1597000e-01
   6.1626200e-01   2.0593500e-01
   5.7185900e-01   2.8872900e-01
   5.1472300e-01   3.6205500e-01
   4.4678900e-01   4.2394000e-01
   3.7029500e-01   4.7279700e-01
   2.8769800e-01   5.0746000e-01
   2.0160600e-01   5.2722300e-01
   1.1468600e-01   5.3184500e-01
   2.9585600e-02   5.2155800e-01
  -5.1149800e-02   4.9705000e-01
  -1.2515400e-01   4.5943700e-01
  -1.9031200e-01   4.1022000e-01
  -2.4482000e-01   3.5123700e-01
  -2.8723700e-01   2.8459700e-01
  -3.1652500e-01   2.1261000e-01
  -3.3207500e-01   1.3771600e-01
  -3.3372000e-01   6.2403000e-02
  -3.2173200e-01  -1.0869700e-02
  -2.9680800e-01  -7.9747500e-02
  -2.6004100e-01  -1.4205300e-01
  -2.1288100e-01  -1.9585100e-01
  -1.5708600e-01  -2.3950700e-01
  -9.4657300e-02  -2.7173000e-01
  -2.7779600e-02  -2.9161400e-01
   4.1254300e-02  -2.9865300e-01
   1.1011500e-01  -2.9276000e-01
   1.7651100e-01  -2.7425700e-01
   2.3825800e-01  -2.4386100e-01
   2.9334700e-01  -2.0265700e-01
   3.4000700e-01  -1.5206100e-01
   3.7675200e-01  -9.3765700e-02
   4.0242800e-01  -2.9688600e-02
   4.1624200e-01   3.8092700e-02
   4.1778500e-01   1.0740700e-01
   4.0703700e-01   1.7605900e-01
   3.8436100e-01   2.4189800e-01
   3.5049400e-01   3.0288200e-01
   3.0651000e-01   3.5714500e-01
   2.5378900e-01   4.0304800e-01
   1.9396900e-01   4.3922700e-01
   1.2888800e-01   4.6463700e-01
   6.0529700e-02   4.7857400e-01
  -9.0421400e-03   4.8069600e-01
  -7.7748700e-02   4.7102900e-01
  -1.4356000e-01   4.4996000e-01
  -2.0455600e-01   4.1822300e-01
  -2.5898700e-01   3.7686800e-01
  -3.0532100e-01   3.2722900e-01
  -3.4229300e-01   2.7087700e-01
  -3.6893700e-01   2.0956900e-01
  -3.8461100e-01   1.4519400e-01
  -3.8901700e-01   7.9709000e-02
  -3.8220100e-01   1.5082700e-02
  -3.6455000e-01  -4.6766900e-02
  -3.3677300e-01  -1.0403000e-01
  -2.9987900e-01  -1.5505800e-01
  -2.5514000e-01  -1.9841200e-01
  -2.0404700e-01  -2.3290600e-01
  -1.4826600e-01  -2.5763300e-01
  -8.9583100e-02  -2.7199800e-01
  -2.9847600e-02  -2.7572400e-01
   2.9082900e-02  -2.6885800e-01
   8.5399600e-02  -2.5176800e-01
   1.3739600e-01  -2.2512600e-01
   1.8351900e-01  -1.8988000e-01
   2.2241200e-01  -1.4722600e-01
   2.5295300e-01  -9.8569599e-02
   2.7428600e-01  -4.5474000e-02
   2.8584400e-01   1.0382400e-02
   2.8735900e-01   6.7261100e-02
   2.7886500e-01   1.2341600e-01
   2.6069800e-01   1.7714500e-01
   2.3347600e-01   2.2684100e-01
   1.9807900e-01   2.7103900e-01
   1.5561600e-01   3.0845500e-01
   1.0739500e-01   3.3802600e-01
   5.4871700e-02   3.5893300e-01
  -3.8695400e-04   3.7062400e-01
  -5.6757200e-02   3.7283000e-01
  -1.1260500e-01   3.6555900e-01
  -1.6633400e-01   3.4910300e-01
  -2.1643500e-01   3.2401500e-01
  -2.6152500e-01   2.9109400e-01
  -3.0038900e-01   2.5135600e-01
  -3.3201400e-01   2.0600000e-01
  -3.5561100e-01   1.5637000e-01
  -3.7063800e-01   1.0391200e-01
  -3.7681300e-01   5.0131100e-02
  -3.7411200e-01  -3.4529500e-03
  -3.6277400e-01  -5.5353500e-02
  -3.4327900e-01  -1.0415800e-01
  -3.1633800e-01  -1.4856900e-01
  -2.8286600e-01  -1.8743900e-01
  -2.4394900e-01  -2.1980300e-01
  -2.0081000e-01  -2.4490200e-01
  -1.5477400e-01  -2.6220400e-01
  -1.0722300e-01  -2.7141100e-01
  -5.9555200e-02  -2.7246600e-01
  -1.3147500e-02  -2.6555400e-01
   3.0688700e-02  -2.5108300e-01
   7.0742500e-02  -2.2967700e-01
   1.0593700e-01  -2.0214700e-01
   1.3536000e-01  -1.6946900e-01
   1.5828500e-01  -1.3274800e-01
   1.7418900e-01  -9.3187299e-02
   1.8276800e-01  -5.2046700e-02
   1.8393500e-01  -1.0609100e-02
   1.7782500e-01   2.9859600e-02
   1.6478200e-01   6.8146600e-02
   1.4534800e-01   1.0312700e-01
   1.2024100e-01   1.3379300e-01
   9.0331599e-02   1.5928500e-01
   5.6617100e-02   1.7890900e-01
   2.0186400e-02   1.9215800e-01
  -1.7811400e-02   1.9871900e-01
  -5.6201900e-02   1.9848200e-01
  -9.3820099e-02   1.9153700e-01
  -1.2954400e-01   1.7817000e-01
  -1.6232500e-01   1.5884800e-01
  -1.9122100e-01   1.3420400e-01
  -2.1541600e-01   1.0501600e-01
  -2.3424500e-01   7.2179900e-02
  -2.4721100e-01   3.6683600e-02
  -2.5399200e-01  -4.2508400e-04
  -2.5445200e-01  -3.8068500e-02
  -2.4863900e-01  -7.5171100e-02
  -2.3677900e-01  -1.1069000e-01
  -2.1927000e-01  -1.4364600e-01
  -1.9666300e-01  -1.7314700e-01
  -1.6964700e-01  -1.9841600e-01
  -1.3902500e-01  -2.1880700e-01
  -1.0568900e-01  -2.3382500e-01
  -7.0593700e-02  -2.4313600e-01
  -3.4728500e-02  -2.4657000e-01
   9.1306499e-04  -2.4413100e-01
   3.5359700e-02  -2.3598300e-01
   6.7690500e-02  -2.2245300e-01
   9.7059399e-02  -2.0401100e-01
   1.2271800e-01  -1.8125800e-01
   1.4403600e-01  -1.5490600e-01
   1.6051500e-01  -1.2575500e-01
   1.7179900e-01  -9.4669999e-02
   1.7768700e-01  -6.2554500e-02
   1.7813000e-01  -3.0325700e-02
   1.7323300e-01   1.1122700e-03
   1.6324900e-01   3.0893200e-02
   1.4856700e-01   5.8212300e-02
   1.2970100e-01   8.2347199e-02
   1.0727400e-01   1.0267700e-01
   8.1994799e-02   1.1869700e-01
   5.4642200e-02   1.3003300e-01
   2.6038100e-02   1.3644400e-01
  -2.9742000e-03   1.3783200e-01
  -3.1554100e-02   1.3424200e-01
  -5.8886800e-02   1.2585100e-01
  -8.4204899e-02   1.1297200e-01
  -1.0680900e-01   9.6032499e-02
  -1.2608600e-01   7.5568199e-02
  -1.4152300e-01   5.2202500e-02
  -1.5272200e-01   2.6629400e-02
  -1.5940500e-01  -4.0668300e-04
  -1.6142300e-01  -2.8132400e-02
  -1.5875800e-01  -5.5766500e-02
  -1.5151800e-01  -8.2541499e-02
  -1.3993400e-01  -1.0772400e-01
  -1.2435300e-01  -1.3063300e-01
  -1.0522300e-01  -1.5066100e-01
  -8.3084999e-02  -1.6728200e-01
  -5.8550700e-02  -1.8007300e-01
  -3.2289500e-02  -1.8871700e-01
  -5.0079100e-03  -1.9301100e-01
   2.2569600e-02  -1.9287400e-01
   4.9720000e-02  -1.8834000e-01
   7.5740899e-02  -1.7956200e-01
   9.9968599e-02  -1.6680300e-01
   1.2179600e-01  -1.5042600e-01
   1.4068500e-01  -1.3088600e-01
   1.5618400e-01  -1.0871500e-01
   1.6793500e-01  -8.4506299e-02
   1.7568100e-01  -5.8900200e-02
   1.7927700e-01  -3.2564500e-02
   1.7868300e-01  -6.1777200e-03
   1.7397100e-01   1.9589000e-02
   1.6532100e-01   4.4089400e-02
   1.5301000e-01   6.6718000e-02
   1.3740800e-01   8.6925899e-02
   1.1896400e-01   1.0423400e-01
   9.8198699e-02   1.1824400e-01
   7.5682699e-02   1.2864800e-01
   5.2026800e-02   1.3523700e-01
   2.7863600e-02   1.3790100e-01
   3.8311800e-03   1.3663500e-01
  -1.9443300e-02   1.3153500e-01
  -4.1359400e-02   1.2279700e-01
  -6.1359100e-02   1.1070600e-01
  -7.8940099e-02   9.5634199e-02
  -9.3668199e-02   7.8026699e-02
  -1.0518800e-01   5.8389400e-02
  -1.1323200e-01   3.7276500e-02
  -1.1762500e-01   1.5275600e-02
  -1.1828900e-01  -7.0081299e-03
  -1.1524500e-01  -2.8966900e-02
  -1.0860800e-01  -5.0006400e-02
  -9.8590299e-02  -6.9560799e-02
  -8.5488599e-02  -8.7107099e-02
  -6.9679599e-02  -1.0217800e-01
  -5.1609000e-02  -1.1437500e-01
  -3.1779300e-02  -1.2337600e-01
  -1.0737500e-02  -1.2894500e-01
   1.0940200e-02  -1.3093600e-01
   3.2662400e-02  -1.2930100e-01
   5.3838300e-02  -1.2408300e-01
   7.3892799e-02  -1.1542500e-01
   9.2281299e-02  -1.0355500e-01
   1.0850400e-01  -8.8789499e-02
   1.2211800e-01  -7.1519699e-02
   1.3275000e-01  -5.2203200e-02
   1.4010400e-01  -3.1352100e-02
   1.4397300e-01  -9.5193799e-03
   1.4424000e-01   1.2714900e-02
   1.4088200e-01   3.4759000e-02
   1.3397600e-01   5.6024800e-02
   1.2368900e-01   7.5943399e-02
   1.1028100e-01   9.3979599e-02
   9.4094099e-02   1.0964600e-01
   7.5547399e-02   1.2251800e-01
   5.5123100e-02   1.3224100e-01
   3.3356300e-02   1.3854500e-01
   1.0819900e-02   1.4124900e-01
  -1.1889300e-02   1.4026700e-01
  -3.4166900e-02   1.3561200e-01
  -5.5416900e-02   1.2739400e-01
  -7.5067299e-02   1.1582200e-01
  -9.2585899e-02   1.0119300e-01
  -1.0749500e-01   8.3891299e-02
  -1.1938300e-01   6.4374299e-02
  -1.2792000e-01   4.3162600e-02
  -1.3286200e-01   2.0826200e-02
  -1.3406300e-01  -2.0301000e-03
  -1.3147800e-01  -2.4783300e-02
  -1.2516300e-01  -4.6808700e-02
  -1.1528000e-01  -6.7496699e-02
  -1.0208800e-01  -8.6269899e-02
  -8.5940799e-02  -1.0259900e-01
  -6.7274599e-02  -1.1601900e-01
  -4.6601000e-02  -1.2613900e-01
  -2.4491100e-02  -1.3266100e-01
  -1.5610800e-03  -1.3537900e-01
   2.1544500e-02  -1.3419700e-01
   4.4170300e-02  -1.2912400e-01
   6.5667899e-02  -1.2028000e-01
   8.5414899e-02  -1.0789100e-01
   1.0283200e-01  -9.2286399e-02
   1.1740000e-01  -7.3890099e-02
   1.2867400e-01  -5.3209300e-02
   1.3630100e-01  -3.0821500e-02
   1.4002500e-01  -7.3593199e-03
   1.3970000e-01   1.6507000e-02
   1.3529500e-01   4.0088100e-02
   1.2689400e-01   6.2694899e-02
   1.1469800e-01   8.3657999e-02
   9.9018299e-02   1.0234800e-01
   8.0271999e-02   1.1819200e-01
   5.8968399e-02   1.3069400e-01
   3.5697300e-02   1.3944700e-01
   1.1112800e-02   1.4414800e-01
  -1.4084600e-02   1.4460800e-01
  -3.9168200e-02   1.4075700e-01
  -6.3405099e-02   1.3265100e-01
  -8.6077799e-02   1.2046800e-01
  -1.0650500e-01   1.0450900e-01
  -1.2406200e-01   8.5188099e-02
  -1.3820000e-01   6.3021499e-02
  -1.4846300e-01   3.8615700e-02
  -1.5450100e-01   1.2650100e-02
  -1.5608500e-01  -1.4142000e-02
  -1.5311100e-01  -4.0994100e-02
  -1.4561000e-01  -6.7128399e-02
  -1.3374200e-01  -9.1778599e-02
  -1.1779900e-01  -1.1421300e-01
  -9.8196999e-02  -1.3375500e-01
  -7.5462099e-02  -1.4980600e-01
  -5.0219800e-02  -1.6186300e-01
  -2.3176400e-02  -1.6953400e-01
   4.9009200e-03  -1.7255300e-01
   3.3205900e-02  -1.7078600e-01
   6.0916499e-02  -1.6424100e-01
   8.7219399e-02  -1.5306700e-01
   1.1133400e-01  -1.3755000e-01
   1.3253800e-01  -1.1811000e-01
   1.5018400e-01  -9.5286499e-02
   1.6372900e-01  -6.9725699e-02
   1.7274200e-01  -4.2161900e-02
   1.7692500e-01  -1.3396600e-02
   1.7612100e-01   1.5724900e-02
   1.7032100e-01   4.4338000e-02
   1.5966600e-01   7.1584899e-02
   1.4444100e-01   9.6640399e-02
   1.2507600e-01   1.1873700e-01
   1.0212500e-01   1.3718800e-01
   7.6258899e-02   1.5141200e-01
   4.8241300e-02   1.6094700e-01
   1.8908500e-02   1.6546800e-01
  -1.0854900e-02   1.6480100e-01
  -4.0143200e-02   1.5892500e-01
  -6.8055999e-02   1.4797700e-01
  -9.3725699e-02   1.3224800e-01
  -1.1634400e-01   1.1218000e-01
  -1.3518900e-01   8.8346599e-02
  -1.4964400e-01   6.1444199e-02
  -1.5921900e-01   3.2267800e-02
  -1.6357200e-01   1.6894200e-03
  -1.6251000e-01  -2.9368100e-02
  -1.5600700e-01  -5.9958599e-02
  -1.4420000e-01  -8.9140999e-02
  -1.2738800e-01  -1.1600800e-01
  -1.0602600e-01  -1.3971500e-01
  -8.0709699e-02  -1.5950400e-01
  -5.2160600e-02  -1.7473000e-01
  -2.1204500e-02  -1.8488100e-01
   1.1252700e-02  -1.8959300e-01
   4.4252000e-02  -1.8866500e-01
   7.6810199e-02  -1.8206400e-01
   1.0795000e-01  -1.6993000e-01
   1.3672800e-01  -1.5256900e-01
   1.6226600e-01  -1.3044900e-01
   1.8377900e-01  -1.0418700e-01
   2.0059700e-01  -7.4526999e-02
   2.1218600e-01  -4.2321800e-02
   2.1817100e-01  -8.5067299e-03
   2.1834000e-01   2.5928500e-02
   2.1265800e-01   5.9969599e-02
   2.0126800e-01   9.2608999e-02
   1.8448600e-01   1.2287600e-01
   1.6279200e-01   1.4986700e-01
   1.3681800e-01   1.7277500e-01
   1.0733100e-01   1.9091100e-01
   7.5204799e-02   2.0373100e-01
   4.1398900e-02   2.1084900e-01
   6.9270599e-03   2.1205100e-01
  -2.7173100e-02   2.0730500e-01
  -5.9871799e-02   1.9675900e-01
  -9.0178899e-02   1.8073800e-01
  -1.1717500e-01   1.5973800e-01
  -1.4003800e-01   1.3440800e-01
  -1.5807200e-01   1.0552900e-01
  -1.7072700e-01   7.3997899e-02
  -1.7761600e-01   4.0792300e-02
  -1.7853100e-01   6.9447699e-03
  -1.7344500e-01  -2.6489700e-02
  -1.6251700e-01  -5.8466299e-02
  -1.4608700e-01  -8.7982699e-02
  -1.2466500e-01  -1.1411000e-01
  -9.8917499e-02  -1.3602100e-01
  -6.9645199e-02  -1.5301900e-01
  -3.7760400e-02  -1.6455500e-01
  -4.2585700e-03  -1.7025000e-01
   2.9812600e-02  -1.6990200e-01
   6.3385299e-02  -1.6349700e-01
   9.5404399e-02  -1.5121000e-01
   1.2486100e-01  -1.3339600e-01
   1.5082200e-01  -1.1058300e-01
   1.7246100e-01  -8.3453599e-02
   1.8908300e-01  -5.2827399e-02
   2.0014900e-01  -1.9632300e-02
   2.0528700e-01   1.5121900e-02
   2.0431000e-01   5.0375699e-02
   1.9721900e-01   8.5051899e-02
   1.8420300e-01   1.1809000e-01
   1.6563600e-01   1.4847700e-01
   1.4206200e-01   1.7528300e-01
   1.1418200e-01   1.9768400e-01
   8.2829899e-02   2.1499500e-01
   4.8946999e-02   2.2668500e-01
   1.3554100e-02   2.3239700e-01
  -2.2280600e-02   2.3195900e-01
  -5.7475299e-02   2.2538700e-01
  -9.0967199e-02   2.1288900e-01
  -1.2174600e-01   1.9485500e-01
  -1.4888700e-01   1.7184700e-01
  -1.7157400e-01   1.4458100e-01
  -1.8913400e-01   1.1390300e-01
  -2.0105000e-01   8.0766999e-02
  -2.0698000e-01   4.6201799e-02
  -2.0677000e-01   1.1280600e-02
  -2.0045400e-01  -2.2912700e-02
  -1.8825800e-01  -5.5317099e-02
  -1.7059100e-01  -8.4927099e-02
  -1.4802900e-01  -1.1082500e-01
  -1.2130300e-01  -1.3220700e-01
  -9.1274499e-02  -1.4841200e-01
  -5.8905499e-02  -1.5893800e-01
  -2.5232700e-02  -1.6346200e-01
   8.6665099e-03  -1.6184400e-01
   4.1706900e-02  -1.5413900e-01
   7.2829299e-02  -1.4058800e-01
   1.0103300e-01  -1.2161800e-01
   1.2540700e-01  -9.7819999e-02
   1.4515700e-01  -6.9939499e-02
   1.5963400e-01  -3.8847600e-02
   1.6834800e-01  -5.5165999e-03
   1.7098700e-01   2.9010600e-02
   1.6742900e-01   6.3652299e-02
   1.5773800e-01   9.7321899e-02
   1.4217100e-01   1.2896000e-01
   1.2116400e-01   1.5757000e-01
   9.5319999e-02   1.8224400e-01
   6.5391399e-02   2.0219300e-01
   3.2256300e-02   2.1677400e-01
  -3.1083300e-03   2.2550400e-01
  -3.9656900e-02   2.2807800e-01
  -7.6306699e-02   2.2437800e-01
  -1.1197100e-01   2.1447400e-01
  -1.4559400e-01   1.9862700e-01
  -1.7617800e-01   1.7727300e-01
  -2.0282000e-01   1.5101800e-01
  -2.2473500e-01   1.2061100e-01
  -2.4128000e-01   8.6928799e-02
  -2.5197200e-01   5.0942899e-02
  -2.5650900e-01   1.3693500e-02
  -2.5476700e-01  -2.3743300e-02
  -2.4681700e-01  -6.0287999e-02
  -2.3290900e-01  -9.4890499e-02
  -2.1347400e-01  -1.2656200e-01
  -1.8910500e-01  -1.5440200e-01
  -1.6054100e-01  -1.7763200e-01
  -1.2864400e-01  -1.9560900e-01
  -9.4369199e-02  -2.0785100e-01
  -5.8741999e-02  -2.1405100e-01
  -2.2821400e-02  -2.1408200e-01
   1.2329100e-02  -2.0800100e-01
   4.5674599e-02  -1.9604900e-01
   7.6239299e-02  -1.7863900e-01
   1.0313600e-01  -1.5634600e-01
   1.2559200e-01  -1.2988900e-01
   1.4297000e-01  -1.0010500e-01
   1.5479200e-01  -6.7925699e-02
   1.6074500e-01  -3.4350800e-02
   1.6069600e-01  -4.1435100e-04
   1.5469000e-01   3.2845000e-02
   1.4295300e-01   6.4415199e-02
   1.2587800e-01   9.3341099e-02
   1.0401600e-01   1.1875300e-01
   7.8058199e-02   1.3989100e-01
   4.8813199e-02   1.5612900e-01
   1.7182100e-02   1.6699100e-01
  -1.5868800e-02   1.7216500e-01
  -4.9337299e-02   1.7151000e-01
  -8.2216299e-02   1.6506100e-01
  -1.1352300e-01   1.5302500e-01
  -1.4233000e-01   1.3577400e-01
  -1.6778900e-01   1.1383200e-01
  -1.8916100e-01   8.7858699e-02
  -2.0583200e-01   5.8628699e-02
  -2.1733600e-01   2.7006900e-02
  -2.2336100e-01  -6.0783699e-03
  -2.2376300e-01  -3.9663400e-02
  -2.1856600e-01  -7.2778699e-02
  -2.0796000e-01  -1.0447800e-01
  -1.9229600e-01  -1.3386600e-01
  -1.7206800e-01  -1.6012500e-01
  -1.4790500e-01  -1.8254200e-01
  -1.2054500e-01  -2.0052200e-01
  -9.0811399e-02  -2.1361200e-01
  -5.9591999e-02  -2.2151000e-01
  -2.7807500e-02  -2.2407200e-01
   3.6154000e-03  -2.2131700e-01
   3.3771900e-02  -2.1342200e-01
   6.1806399e-02  -2.0072000e-01
   8.6938299e-02  -1.8368100e-01
   1.0848500e-01  -1.6290400e-01
   1.2587900e-01  -1.3909200e-01
   1.3869100e-01  -1.1303200e-01
   1.4663200e-01  -8.5571199e-02
   1.4957000e-01  -5.7586799e-02
   1.4752500e-01  -2.9963200e-02
   1.4067300e-01  -3.5624300e-03
   1.2933300e-01   2.0801100e-02
   1.1396400e-01   4.2385599e-02
   9.5141499e-02   6.0543499e-02
   7.3543199e-02   7.4740899e-02
   4.9927099e-02   8.4572699e-02
   2.5106500e-02   8.9774099e-02
  -7.4869399e-05   9.0227799e-02
  -2.4769100e-02   8.5965699e-02
  -4.8150399e-02   7.7167899e-02
  -6.9440199e-02   6.4155099e-02
  -8.7930699e-02   4.7378199e-02
  -1.0300700e-01   2.7403600e-02
  -1.1416300e-01   4.8946599e-03
  -1.2102000e-01  -1.9409100e-02
  -1.2333500e-01  -4.4715199e-02
  -1.2100700e-01  -7.0202899e-02
  -1.1408300e-01  -9.5048899e-02
  -1.0274900e-01  -1.1845200e-01
  -8.7332899e-02  -1.3965900e-01
  -6.8284499e-02  -1.5798600e-01
  -4.6167299e-02  -1.7283900e-01
  -2.1638400e-02  -1.8373300e-01
   4.5717299e-03  -1.9030800e-01
   3.1681700e-02  -1.9233600e-01
   5.8883599e-02  -1.8972700e-01
   8.5367199e-02  -1.8253700e-01
   1.1034500e-01  -1.7096000e-01
   1.3307800e-01  -1.5532500e-01
   1.5289300e-01  -1.3608300e-01
   1.6921000e-01  -1.1379700e-01
   1.8155300e-01  -8.9119199e-02
   1.8956800e-01  -6.2776399e-02
   1.9303400e-01  -3.5543800e-02
   1.9186700e-01  -8.2234499e-03
   1.8612400e-01   1.8380900e-02
   1.7599800e-01   4.3487599e-02
   1.6181800e-01   6.6361099e-02
   1.4403300e-01   8.6333699e-02
   1.2320100e-01   1.0282600e-01
   9.9972399e-02   1.1536400e-01
   7.5068499e-02   1.2359200e-01
   4.9261599e-02   1.2728700e-01
   2.3350900e-02   1.2636000e-01
  -1.8611300e-03   1.2086200e-01
  -2.5593000e-02   1.1098200e-01
  -4.7107299e-02   9.7040999e-02
  -6.5732799e-02   7.9480899e-02
  -8.0884299e-02   5.8853399e-02
  -9.2079899e-02   3.5802299e-02
  -9.8955399e-02   1.1044600e-02
  -1.0127500e-01  -1.4650600e-02
  -9.8937799e-02  -4.0485399e-02
  -9.1981699e-02  -6.5655899e-02
  -8.0580799e-02  -8.9376699e-02
  -6.5041399e-02  -1.1090400e-01
  -4.5792099e-02  -1.2955600e-01
  -2.3371600e-02  -1.4473500e-01
   1.5876600e-03  -1.5594400e-01
   2.8377600e-02  -1.6280000e-01
   5.6235699e-02  -1.6504700e-01
   8.4367099e-02  -1.6256300e-01
   1.1196800e-01  -1.5536100e-01
   1.3824900e-01  -1.4359100e-01
   1.6245700e-01  -1.2753500e-01
   1.8390100e-01  -1.0759800e-01
   2.0196400e-01  -8.4295299e-02
   2.1613100e-01  -5.8238799e-02
   2.2599600e-01  -3.0118300e-02
   2.3127400e-01  -6.8148199e-04
   2.3181300e-01   2.9288200e-02
   2.2759700e-01   5.8993699e-02
   2.1874000e-01   8.7648099e-02
   2.0549200e-01   1.1449700e-01
   1.8822100e-01   1.3883900e-01
   1.6741200e-01   1.6004700e-01
   1.4364400e-01   1.7758800e-01
   1.1757700e-01   1.9103200e-01
   8.9932599e-02   2.0007000e-01
   6.1472199e-02   2.0451900e-01
   3.2974300e-02   2.0432800e-01
   5.2128899e-03   1.9957600e-01
  -2.1065400e-02   1.9047300e-01
  -4.5162299e-02   1.7735000e-01
  -6.6447999e-02   1.6065200e-01
  -8.4378699e-02   1.4091900e-01
  -9.8511799e-02   1.1877500e-01
  -1.0851800e-01   9.4906999e-02
  -1.1419000e-01   7.0044699e-02
  -1.1544800e-01   4.4939599e-02
  -1.1233900e-01   2.0342800e-02
  -1.0503900e-01  -3.0165900e-03
  -9.3841099e-02  -2.4452600e-02
  -7.9151099e-02  -4.3341899e-02
  -6.1471599e-02  -5.9141399e-02
  -4.1388299e-02  -7.1403499e-02
  -1.9551500e-02  -7.9787999e-02
   3.3431199e-03  -8.4071599e-02
   2.6575000e-02  -8.4152999e-02
   4.9419999e-02  -8.0055499e-02
   7.1171699e-02  -7.1924199e-02
   9.1161899e-02  -6.0021999e-02
   1.0877900e-01  -4.4719899e-02
   1.2348800e-01  -2.6485900e-02
   1.3484000e-01  -5.8701199e-03
   1.4249100e-01   1.6511700e-02
   1.4620900e-01   3.9996899e-02
   1.4587500e-01   6.3895899e-02
   1.4149500e-01   8.7512299e-02
   1.3318700e-01   1.1016400e-01
   1.2119000e-01   1.3120100e-01
   1.0584200e-01   1.5002800e-01
   8.7580999e-02   1.6611700e-01
   6.6924099e-02   1.7902600e-01
   4.4454199e-02   1.8841000e-01
   2.0802100e-02   1.9402700e-01
  -3.3726799e-03   1.9575000e-01
  -2.7401500e-02   1.9356600e-01
  -5.0626199e-02   1.8757500e-01
  -7.2418799e-02   1.7799000e-01
  -9.2199299e-02   1.6512300e-01
  -1.0945200e-01   1.4938400e-01
  -1.2374200e-01   1.3125800e-01
  -1.3472500e-01   1.1130000e-01
  -1.4215800e-01   9.0107499e-02
  -1.4590400e-01   6.8313199e-02
  -1.4593900e-01   4.6558199e-02
  -1.4234700e-01   2.5476200e-02
  -1.3532100e-01   5.6743799e-03
  -1.2515200e-01  -1.2284500e-02
  -1.1222200e-01  -2.7898300e-02
  -9.6994698e-02  -4.0740099e-02
  -7.9994999e-02  -5.0470099e-02
  -6.1797899e-02  -5.6844999e-02
  -4.3008899e-02  -5.9724499e-02
  -2.4246700e-02  -5.9074899e-02
  -6.1241799e-03  -5.4969199e-02
   1.0769200e-02  -4.7584299e-02
   2.5885300e-02  -3.7194799e-02
   3.8732499e-02  -2.4164600e-02
   4.8890799e-02  -8.9354699e-03
   5.6022999e-02   7.9866899e-03
   5.9884799e-02   2.6047000e-02
   6.0331199e-02   4.4658299e-02
   5.7319999e-02   6.3218899e-02
   5.0913299e-02   8.1129999e-02
   4.1273999e-02   9.7813598e-02
   2.8661700e-02   1.1273000e-01
   1.3423500e-02   1.2539100e-01
  -4.0158699e-03   1.3537800e-01
  -2.3167300e-02   1.4235200e-01
  -4.3491699e-02   1.4606100e-01
  -6.4416199e-02   1.4635100e-01
  -8.5350999e-02   1.4316700e-01
  -1.0570700e-01   1.3655500e-01
  -1.2491200e-01   1.2666200e-01
  -1.4242800e-01   1.1372800e-01
  -1.5776900e-01   9.8082898e-02
  -1.7051000e-01   8.0130999e-02
  -1.8030200e-01   6.0343599e-02
  -1.8688300e-01   3.9243099e-02
  -1.9008500e-01   1.7387500e-02
  -1.8983300e-01  -4.6456999e-03
  -1.8615700e-01  -2.6276100e-02
  -1.7917900e-01  -4.6937899e-02
  -1.6911800e-01  -6.6095499e-02
  -1.5628100e-01  -8.3259599e-02
  -1.4105100e-01  -9.8000798e-02
  -1.2387600e-01  -1.0996200e-01
  -1.0526100e-01  -1.1886800e-01
  -8.5744999e-02  -1.2453400e-01
  -6.5891399e-02  -1.2687000e-01
  -4.6269099e-02  -1.2588200e-01
  -2.7435800e-02  -1.2167300e-01
  -9.9225698e-03  -1.1444000e-01
   5.7820099e-03  -1.0446700e-01
   1.9245700e-02  -9.2112998e-02
   3.0104999e-02  -7.7808399e-02
   3.8075499e-02  -6.2036299e-02
   4.2959999e-02  -4.5320499e-02
   4.4653599e-02  -2.8209800e-02
   4.3146899e-02  -1.1261500e-02
   3.8525799e-02   4.9744799e-03
   3.0968499e-02   1.9971800e-02
   2.0740200e-02   3.3243199e-02
   8.1852499e-03   4.4354699e-02
  -6.2834599e-03   5.2938099e-02
  -2.2196600e-02   5.8701399e-02
  -3.9042199e-02   6.1437899e-02
  -5.6280999e-02   6.1031499e-02
  -7.3362199e-02   5.7460299e-02
  -8.9739598e-02   5.0796999e-02
  -1.0488800e-01   4.1206799e-02
  -1.1831700e-01   2.8942499e-02
  -1.2959000e-01   1.4336800e-02
  -1.3833100e-01  -2.2071100e-03
  -1.4423900e-01  -2.0227900e-02
  -1.4709700e-01  -3.9219199e-02
  -1.4677900e-01  -5.8644999e-02
  -1.4325100e-01  -7.7954799e-02
  -1.3657500e-01  -9.6600398e-02
  -1.2690500e-01  -1.1405200e-01
  -1.1448400e-01  -1.2981300e-01
  -9.9638798e-02  -1.4343700e-01
  -8.2766199e-02  -1.5453700e-01
  -6.4324499e-02  -1.6280300e-01
  -4.4819699e-02  -1.6800400e-01
  -2.4789900e-02  -1.7000200e-01
  -4.7903699e-03  -1.6875200e-01
   1.4623500e-02  -1.6430600e-01
   3.2912299e-02  -1.5680800e-01
   4.9568599e-02  -1.4649700e-01
   6.4132199e-02  -1.3369300e-01
   7.6204099e-02  -1.1879300e-01
   8.5458298e-02  -1.0225700e-01
   9.1652098e-02  -8.4594998e-02
   9.4633798e-02  -6.6353599e-02
   9.4347398e-02  -4.8098499e-02
   9.0835098e-02  -3.0398399e-02
   8.4236598e-02  -1.3808300e-02
   7.4785799e-02   1.1474300e-03
   6.2804199e-02   1.3990400e-02
   4.8692099e-02   2.4302900e-02
   3.2917699e-02   3.1740699e-02
   1.6003300e-02   3.6044099e-02
  -1.4894100e-03   3.7045599e-02
  -1.8975600e-02   3.4676399e-02
  -3.5864399e-02   2.8968899e-02
  -5.1576599e-02   2.0056800e-02
  -6.5561199e-02   8.1720098e-03
  -7.7312399e-02  -6.3611499e-03
  -8.6384798e-02  -2.3134600e-02
  -9.2406898e-02  -4.1667799e-02
  -9.5092898e-02  -6.1420599e-02
  -9.4251898e-02  -8.1809298e-02
  -8.9794498e-02  -1.0222200e-01
  -8.1736498e-02  -1.2203800e-01
  -7.0199199e-02  -1.4064400e-01
  -5.5407599e-02  -1.5745300e-01
  -3.7684399e-02  -1.7192000e-01
  -1.7441900e-02  -1.8356200e-01
   4.8289899e-03  -1.9196800e-01
   2.8571999e-02  -1.9681400e-01
   5.3181199e-02  -1.9787500e-01
   7.8017599e-02  -1.9502800e-01
   1.0242700e-01  -1.8826000e-01
   1.2576000e-01  -1.7766800e-01
   1.4738900e-01  -1.6346000e-01
   1.6672500e-01  -1.4594300e-01
   1.8324100e-01  -1.2552500e-01
   1.9647900e-01  -1.0269700e-01
   2.0607000e-01  -7.8019299e-02
   2.1174300e-01  -5.2112799e-02
   2.1333300e-01  -2.5635300e-02
   2.1078800e-01   7.3414499e-04
   2.0416900e-01   2.6314799e-02
   1.9365300e-01   5.0443799e-02
   1.7952200e-01   7.2494599e-02
   1.6216400e-01   9.1895398e-02
   1.4205600e-01   1.0814600e-01
   1.1975200e-01   1.2083000e-01
   9.5872298e-02   1.2963200e-01
   7.1080399e-02   1.3434200e-01
   4.6067499e-02   1.3486400e-01
   2.1532100e-02   1.3121800e-01
  -1.8395500e-03   1.2354300e-01
  -2.3393100e-02   1.1208900e-01
  -4.2524899e-02   9.7212898e-02
  -5.8698899e-02   7.9368398e-02
  -7.1462499e-02   5.9092599e-02
  -8.0459298e-02   3.6991099e-02
  -8.5439298e-02   1.3720600e-02
  -8.6266198e-02  -1.0029200e-02
  -8.2921298e-02  -3.3555899e-02
  -7.5504199e-02  -5.6164099e-02
  -6.4229599e-02  -7.7185698e-02
  -4.9421199e-02  -9.5998198e-02
  -3.1502399e-02  -1.1204400e-01
  -1.0983600e-02  -1.2484300e-01
   1.1551900e-02  -1.3401100e-01
   3.5465899e-02  -1.3926800e-01
   6.0082799e-02  -1.4044300e-01
   8.4709998e-02  -1.3748500e-01
   1.0865700e-01  -1.3045900e-01
   1.3125800e-01  -1.1954400e-01
   1.5188600e-01  -1.0503200e-01
   1.6997600e-01  -8.7311698e-02
   1.8503900e-01  -6.6862399e-02
   1.9667500e-01  -4.4237099e-02
   2.0458600e-01  -2.0046200e-02
   2.0858200e-01   5.0605799e-03
   2.0858700e-01   3.0413899e-02
   2.0464100e-01   5.5344199e-02
   1.9689600e-01   7.9201898e-02
   1.8561200e-01   1.0137600e-01
   1.7115000e-01   1.2131300e-01
   1.5395400e-01   1.3853200e-01
   1.3454500e-01   1.5263600e-01
   1.1350000e-01   1.6333000e-01
   9.1433498e-02   1.7042100e-01
   6.8981699e-02   1.7382700e-01
   4.6780099e-02   1.7357800e-01
   2.5445399e-02   1.6981400e-01
   5.5567399e-03   1.6277600e-01
  -1.2362200e-02   1.5280500e-01
  -2.7858299e-02   1.4032200e-01
  -4.0562599e-02   1.2582000e-01
  -5.0200799e-02   1.0984400e-01
  -5.6600899e-02   9.2977198e-02
  -5.9697199e-02   7.5817998e-02
  -5.9532099e-02   5.8963999e-02
  -5.6252599e-02   4.2991899e-02
  -5.0105399e-02   2.8439099e-02
  -4.1427499e-02   1.5787400e-02
  -3.0634999e-02   5.4473799e-03
  -1.8208600e-02  -2.2537000e-03
  -4.6774999e-03  -7.0821899e-03
   9.3979798e-03  -8.9048398e-03
   2.3445100e-02  -7.6924498e-03
   3.6897499e-02  -3.5202199e-03
   4.9213899e-02   3.4353899e-03
   5.9895599e-02   1.2902900e-02
   6.8502799e-02   2.4525299e-02
   7.4669398e-02   3.7871899e-02
   7.8114298e-02   5.2453199e-02
   7.8650798e-02   6.7736999e-02
   7.6192998e-02   8.3166198e-02
   7.0758098e-02   9.8177198e-02
   6.2466199e-02   1.1221900e-01
   5.1536499e-02   1.2477100e-01
   3.8279699e-02   1.3536100e-01
   2.3088500e-02   1.4358100e-01
   6.4243999e-03   1.4910000e-01
  -1.1197100e-02   1.5167600e-01
  -2.9223499e-02   1.5116400e-01
  -4.7083199e-02   1.4752400e-01
  -6.4204599e-02   1.4081900e-01
  -8.0034398e-02   1.3121300e-01
  -9.4056498e-02   1.1897300e-01
  -1.0580900e-01   1.0445200e-01
  -1.1489900e-01   8.8086798e-02
  -1.2101800e-01   7.0377298e-02
  -1.2395100e-01   5.1874799e-02
  -1.2358300e-01   3.3163499e-02
  -1.1990800e-01   1.4841700e-02
  -1.1302500e-01  -2.4970599e-03
  -1.0314100e-01  -1.8283200e-02
  -9.0560998e-02  -3.1989699e-02
  -7.5682098e-02  -4.3149399e-02
  -5.8980599e-02  -5.1370299e-02
  -4.0997999e-02  -5.6348899e-02
  -2.2324800e-02  -5.7880899e-02
  -3.5821599e-03  -5.5868299e-02
   1.4597200e-02  -5.0324099e-02
   3.1588499e-02  -4.1372899e-02
   4.6794899e-02  -2.9247899e-02
   5.9665499e-02  -1.4285300e-02
   6.9713798e-02   3.0850799e-03
   7.6532598e-02   2.2352400e-02
   7.9807598e-02   4.2939199e-02
   7.9328198e-02   6.4218699e-02
   7.4994398e-02   8.5533298e-02
   6.6821199e-02   1.0621400e-01
   5.4939299e-02   1.2560100e-01
   3.9591999e-02   1.4306300e-01
   2.1129000e-02   1.5801700e-01
  -3.3014199e-06   1.6994500e-01
  -2.3274099e-02   1.7841200e-01
  -4.8083599e-02   1.8307800e-01
  -7.3780098e-02   1.8370900e-01
  -9.9678898e-02   1.8018300e-01
  -1.2508200e-01   1.7249900e-01
  -1.4930000e-01   1.6077100e-01
  -1.7166900e-01   1.4523200e-01
  -1.9157300e-01   1.2622200e-01
  -2.0846200e-01   1.0418200e-01
  -2.2186599e-01   7.9640598e-02
  -2.3141099e-01   5.3198899e-02
  -2.3682799e-01   2.5512799e-02
  -2.3796399e-01  -2.7252499e-03
  -2.3478099e-01  -3.0806599e-02
  -2.2736299e-01  -5.8026299e-02
  -2.1591100e-01  -8.3703898e-02
  -2.0073700e-01  -1.0720200e-01
  -1.8225300e-01  -1.2794700e-01
  -1.6096300e-01  -1.4544100e-01
  -1.3744600e-01  -1.5927900e-01
  -1.1233800e-01  -1.6916000e-01
  -8.6315798e-02  -1.7489600e-01
  -6.0075199e-02  -1.7641100e-01
  -3.4313299e-02  -1.7375200e-01
  -9.7068498e-03  -1.6707700e-01
   1.3106400e-02  -1.5665800e-01
   3.3545799e-02  -1.4286800e-01
   5.1104099e-02  -1.2616800e-01
   6.5360898e-02  -1.0709700e-01
   7.5994698e-02  -8.6254198e-02
   8.2790598e-02  -6.4280298e-02
   8.5645398e-02  -4.1839099e-02
   8.4569698e-02  -1.9598400e-02
   7.9686098e-02   1.7896800e-03
   7.1224098e-02   2.1707199e-02
   5.9512699e-02   3.9587999e-02
   4.4968799e-02   5.4933599e-02
   2.8084499e-02   6.7326598e-02
   9.4115898e-03   7.6441898e-02
  -1.0455600e-02   8.2054798e-02
  -3.0898199e-02   8.4046198e-02
  -5.1291099e-02   8.2404398e-02
  -7.1021698e-02   7.7224198e-02
  -8.9507698e-02   6.8701698e-02
  -1.0621400e-01   5.7127799e-02
  -1.2066600e-01   4.2877099e-02
  -1.3246800e-01   2.6396199e-02
  -1.4130600e-01   8.1886498e-03
  -1.4696100e-01  -1.1201000e-02
  -1.4931400e-01  -3.1203899e-02
  -1.4834400e-01  -5.1245099e-02
  -1.4413100e-01  -7.0760198e-02
  -1.3684900e-01  -8.9212698e-02
  -1.2676000e-01  -1.0611000e-01
  -1.1420500e-01  -1.2101700e-01
  -9.9589898e-02  -1.3356800e-01
  -8.3374998e-02  -1.4347900e-01
  -6.6057098e-02  -1.5055000e-01
  -4.8154799e-02  -1.5467700e-01
  -3.0191699e-02  -1.5584400e-01
  -1.2679900e-02  -1.5413200e-01
   3.8957099e-03  -1.4970500e-01
   1.9092200e-02  -1.4281200e-01
   3.2521799e-02  -1.3376900e-01
   4.3862999e-02  -1.2295600e-01
   5.2869799e-02  -1.1079800e-01
   5.9378099e-02  -9.7751698e-02
   6.3309598e-02  -8.4293498e-02
   6.4672598e-02  -7.0899898e-02
   6.3560598e-02  -5.8033999e-02
   6.0147799e-02  -4.6130199e-02
   5.4682099e-02  -3.5581099e-02
   4.7476199e-02  -2.6724599e-02
   3.8895799e-02  -1.9834000e-02
   2.9347799e-02  -1.5109900e-02
   1.9265700e-02  -1.2674400e-02
   9.0952498e-03  -1.2568000e-02
  -7.2053598e-04  -1.4749200e-02
  -9.7557798e-03  -1.9096900e-02
  -1.7615800e-02  -2.5414699e-02
  -2.3950099e-02  -3.3438599e-02
  -2.8463399e-02  -4.2845599e-02
  -3.0924899e-02  -5.3265399e-02
  -3.1176199e-02  -6.4292798e-02
  -2.9135499e-02  -7.5500898e-02
  -2.4800299e-02  -8.6455898e-02
  -1.8247200e-02  -9.6730898e-02
  -9.6291698e-03  -1.0592000e-01
   8.2974898e-04  -1.1365300e-01
   1.2841800e-02  -1.1960400e-01
   2.6064799e-02  -1.2350700e-01
   4.0113799e-02  -1.2515900e-01
   5.4572999e-02  -1.2443300e-01
   6.9009598e-02  -1.2127600e-01
   8.2987598e-02  -1.1571300e-01
   9.6082098e-02  -1.0785000e-01
   1.0789300e-01  -9.7865098e-02
   1.1805600e-01  -8.6005698e-02
   1.2625800e-01  -7.2581098e-02
   1.3224500e-01  -5.7951699e-02
   1.3582800e-01  -4.2518699e-02
   1.3689500e-01  -2.6710699e-02
   1.3540800e-01  -1.0970800e-02
   1.3141000e-01   4.2574299e-03
   1.2502000e-01   1.8543800e-02
   1.1643300e-01   3.1484799e-02
   1.0590900e-01   4.2716599e-02
   9.3771698e-02   5.1925899e-02
   8.0392598e-02   5.8860098e-02
   6.6183598e-02   6.3335098e-02
   5.1582699e-02   6.5240998e-02
   3.7040899e-02   6.4545698e-02
   2.3008899e-02   6.1296298e-02
   9.9225297e-03   5.5616999e-02
  -1.8096800e-03   4.7706299e-02
  -1.1819500e-02   3.7830599e-02
  -1.9790099e-02   2.6315999e-02
  -2.5465299e-02   1.3539000e-02
  -2.8657799e-02  -8.5296798e-05
  -2.9254499e-02  -1.4115300e-02
  -2.7219999e-02  -2.8096499e-02
  -2.2597699e-02  -4.1574999e-02
  -1.5508300e-02  -5.4110999e-02
  -6.1460598e-03  -6.5292098e-02
   5.2268399e-03  -7.4745298e-02
   1.8288400e-02  -8.2148398e-02
   3.2666599e-02  -8.7239098e-02
   4.7950099e-02  -8.9822598e-02
   6.3701198e-02  -8.9777798e-02
   7.9468198e-02  -8.7059698e-02
   9.4799297e-02  -8.1701298e-02
   1.0925600e-01  -7.3811698e-02
   1.2242400e-01  -6.3573098e-02
   1.3392900e-01  -5.1234299e-02
   1.4344600e-01  -3.7103999e-02
   1.5070400e-01  -2.1540399e-02
   1.5550200e-01  -4.9413299e-03
   1.5770700e-01   1.2268600e-02
   1.5726200e-01   2.9649999e-02
   1.5418500e-01   4.6761999e-02
   1.4856800e-01   6.3174998e-02
   1.4057400e-01   7.8483398e-02
   1.3043100e-01   9.2316898e-02
   1.1842500e-01   1.0435100e-01
   1.0489300e-01   1.1431800e-01
   9.0208498e-02   1.2200900e-01
   7.4772898e-02   1.2728600e-01
   5.9002898e-02   1.3008100e-01
   4.3317399e-02   1.3039700e-01
   2.8125899e-02   1.2830900e-01
   1.3816000e-02   1.2396000e-01
   7.4236798e-04   1.1755600e-01
  -1.0783200e-02   1.0935700e-01
  -2.0500699e-02   9.9672297e-02
  -2.8208299e-02   8.8846298e-02
  -3.3768099e-02   7.7251198e-02
  -3.7108999e-02   6.5273598e-02
  -3.8227599e-02   5.3303299e-02
  -3.7187499e-02   4.1721199e-02
  -3.4115999e-02   3.0888299e-02
  -2.9199499e-02   2.1134999e-02
  -2.2676599e-02   1.2751600e-02
  -1.4830200e-02   5.9803598e-03
  -5.9781898e-03   1.0087900e-03
   3.5370599e-03  -2.0350099e-03
   1.3359300e-02  -3.0852399e-03
   2.3129599e-02  -2.1393799e-03
   3.2497299e-02   7.4290498e-04
   4.1130599e-02   5.4425898e-03
   4.8726599e-02   1.1786000e-02
   5.5019798e-02   1.9551099e-02
   5.9789598e-02   2.8475199e-02
   6.2866698e-02   3.8263499e-02
   6.4136798e-02   4.8599099e-02
   6.3543898e-02   5.9152798e-02
   6.1090298e-02   6.9593598e-02
   5.6835798e-02   7.9598898e-02
   5.0895299e-02   8.8864597e-02
   4.3433299e-02   9.7113597e-02
   3.4658899e-02   1.0410400e-01
   2.4817999e-02   1.0963700e-01
   1.4185300e-02   1.1356100e-01
   3.0551299e-03   1.1577500e-01
  -8.2677598e-03   1.1623300e-01
  -1.9478099e-02   1.1494200e-01
  -3.0279399e-02   1.1196300e-01
  -4.0392999e-02   1.0740700e-01
  -4.9566199e-02   1.0142900e-01
  -5.7579998e-02   9.4226997e-02
  -6.4254798e-02   8.6029798e-02
  -6.9455698e-02   7.7092898e-02
  -7.3095398e-02   6.7688598e-02
  -7.5136298e-02   5.8097898e-02
  -7.5590598e-02   4.8600799e-02
  -7.4518998e-02   3.9468699e-02
  -7.2028098e-02   3.0955099e-02
  -6.8265798e-02   2.3288799e-02
  -6.3416298e-02   1.6667100e-02
  -5.7693598e-02   1.1250000e-02
  -5.1334099e-02   7.1562398e-03
  -4.4588999e-02   4.4604099e-03
  -3.7716099e-02   3.1912999e-03
  -3.0972099e-02   3.3320299e-03
  -2.4603999e-02   4.8213999e-03
  -1.8841999e-02   7.5566498e-03
  -1.3892800e-02   1.1397400e-02
  -9.9333997e-03   1.6170900e-02
  -7.1063898e-03   2.1677699e-02
  -5.5161298e-03   2.7698399e-02
  -5.2262798e-03   3.4001099e-02
  -6.2586698e-03   4.0348399e-02
  -8.5934297e-03   4.6504799e-02
  -1.2170400e-02   5.2244198e-02
  -1.6891800e-02   5.7356398e-02
  -2.2625799e-02   6.1653198e-02
  -2.9211699e-02   6.4973598e-02
  -3.6464599e-02   6.7188298e-02
  -4.4182399e-02   6.8202998e-02
  -5.2151398e-02   6.7960298e-02
  -6.0153698e-02   6.6440698e-02
  -6.7973398e-02   6.3662398e-02
  -7.5403198e-02   5.9680098e-02
  -8.2250198e-02   5.4582098e-02
  -8.8341597e-02   4.8487299e-02
  -9.3529197e-02   4.1540599e-02
  -9.7692997e-02   3.3908499e-02
  -1.0074500e-01   2.5772899e-02
  -1.0262800e-01   1.7325899e-02
  -1.0332200e-01   8.7637597e-03
  -1.0283800e-01   2.8084199e-04
  -1.0121900e-01  -7.9358298e-03
  -9.8540697e-02  -1.5711900e-02
  -9.4903197e-02  -2.2890599e-02
  -9.0430697e-02  -2.9336299e-02
  -8.5266497e-02  -3.4938399e-02
  -7.9567798e-02  -3.9613399e-02
  -7.3500798e-02  -4.3306399e-02
  -6.7235998e-02  -4.5992199e-02
  -6.0942298e-02  -4.7674299e-02
  -5.4782998e-02  -4.8384699e-02
  -4.8910699e-02  -4.8180999e-02
  -4.3463399e-02  -4.7144599e-02
  -3.8560999e-02  -4.5377099e-02
  -3.4302799e-02  -4.2996499e-02
  -3.0764999e-02  -4.0133599e-02
  -2.7999399e-02  -3.6927199e-02
  -2.6033099e-02  -3.3519999e-02
  -2.4868799e-02  -3.0054499e-02
  -2.4485099e-02  -2.6668599e-02
  -2.4838699e-02  -2.3491999e-02
  -2.5866499e-02  -2.0642499e-02
  -2.7487599e-02  -1.8223699e-02
  -2.9607299e-02  -1.6322099e-02
  -3.2119599e-02  -1.5005500e-02
  -3.4911299e-02  -1.4321900e-02
  -3.7864899e-02  -1.4299100e-02
  -4.0862799e-02  -1.4944600e-02
  -4.3789999e-02  -1.6246499e-02
  -4.6537699e-02  -1.8174299e-02
  -4.9005698e-02  -2.0681199e-02
  -5.1104798e-02  -2.3705699e-02
  -5.2758998e-02  -2.7173999e-02
  -5.3906698e-02  -3.1002699e-02
  -5.4501898e-02  -3.5101499e-02
  -5.4514298e-02  -3.9375999e-02
  -5.3929898e-02  -4.3730099e-02
  -5.2750098e-02  -4.8069198e-02
  -5.0991198e-02  -5.2301998e-02
  -4.8682798e-02  -5.6342898e-02
  -4.5867099e-02  -6.0113998e-02
  -4.2596399e-02  -6.3546598e-02
  -3.8931799e-02  -6.6582498e-02
  -3.4940899e-02  -6.9174498e-02
  -3.0696199e-02  -7.1287498e-02
  -2.6272799e-02  -7.2898198e-02
  -2.1746499e-02  -7.3995498e-02
  -1.7192199e-02  -7.4579398e-02
  -1.2682000e-02  -7.4661298e-02
  -8.2842697e-03  -7.4262198e-02
  -4.0616399e-03  -7.3412398e-02
  -7.0525798e-05  -7.2150098e-02
   3.6399399e-03  -7.0520198e-02
   7.0285098e-03  -6.8572898e-02
   1.0062200e-02  -6.6362798e-02
   1.2716600e-02  -6.3947198e-02
   1.4976000e-02  -6.1385398e-02
   1.6832999e-02  -5.8736898e-02
   1.8288699e-02  -5.6060798e-02
   1.9352199e-02  -5.3414498e-02
   2.0040099e-02  -5.0852998e-02
   2.0376199e-02  -4.8427798e-02
   2.0390599e-02  -4.6186299e-02
   2.0119699e-02  -4.4170799e-02
   1.9604799e-02  -4.2418199e-02
   1.8891699e-02  -4.0959299e-02
   1.8030299e-02  -3.9818399e-02
   1.7073099e-02  -3.9012599e-02
   1.6074699e-02  -3.8551499e-02
   1.5091100e-02  -3.8437399e-02
   1.4178300e-02  -3.8664299e-02
   1.3391500e-02  -3.9218599e-02
   1.2784200e-02  -4.0078399e-02
   1.2406800e-02  -4.1214299e-02
   1.2305700e-02  -4.2589099e-02
   1.2522200e-02  -4.4158899e-02
   1.3091300e-02  -4.5872799e-02
   1.4040900e-02  -4.7674498e-02
   1.5390299e-02  -4.9502998e-02
   1.7150099e-02  -5.1293498e-02
   1.9320799e-02  -5.2978898e-02
   2.1892799e-02  -5.4491298e-02
   2.4845599e-02  -5.5763398e-02
   2.8147999e-02  -5.6730298e-02
   3.1758299e-02  -5.7331298e-02
   3.5624499e-02  -5.7511298e-02
   3.9685399e-02  -5.7222898e-02
   4.3871499e-02  -5.6428098e-02
   4.8106298e-02  -5.5099298e-02
   5.2307998e-02  -5.3220898e-02
   5.6391498e-02  -5.0790598e-02
   6.0270298e-02  -4.7819598e-02
   6.3858898e-02  -4.4333199e-02
   6.7075298e-02  -4.0371299e-02
   6.9842998e-02  -3.5987099e-02
   7.2093898e-02  -3.1247099e-02
   7.3770198e-02  -2.6229399e-02
   7.4826598e-02  -2.1022099e-02
   7.5232197e-02  -1.5721499e-02
   7.4971997e-02  -1.0429500e-02
   7.4047798e-02  -5.2510798e-03
   7.2478998e-02  -2.9120399e-04
   7.0302698e-02   4.3479199e-03
   6.7573598e-02   8.5700597e-03
   6.4362398e-02   1.2288000e-02
   6.0754998e-02   1.5426299e-02
   5.6850198e-02   1.7924099e-02
   5.2757398e-02   1.9737299e-02
   4.8593498e-02   2.0840499e-02
   4.4479698e-02   2.1228599e-02
   4.0538399e-02   2.0917199e-02
   3.6888999e-02   1.9942999e-02
   3.3644499e-02   1.8363599e-02
   3.0907799e-02   1.6255999e-02
   2.8768299e-02   1.3715300e-02
   2.7298699e-02   1.0852100e-02
   2.6552299e-02   7.7892997e-03
   2.6560399e-02   4.6593398e-03
   2.7331499e-02   1.5998699e-03
   2.8849299e-02  -1.2501600e-03
   3.1073599e-02  -3.7547999e-03
   3.3939599e-02  -5.7854498e-03
   3.7360499e-02  -7.2250298e-03
   4.1228399e-02  -7.9720397e-03
   4.5417798e-02  -7.9441397e-03
   4.9788798e-02  -7.0813098e-03
   5.4190998e-02  -5.3483398e-03
   5.8467798e-02  -2.7366899e-03
   6.2461598e-02   7.3450197e-04
   6.6018098e-02   5.0182098e-03
   6.8991498e-02   1.0040200e-02
   7.1249498e-02   1.5700699e-02
   7.2677297e-02   2.1876499e-02
   7.3182297e-02   2.8424499e-02
   7.2697097e-02   3.5185499e-02
   7.1182498e-02   4.1988599e-02
   6.8629198e-02   4.8656398e-02
   6.5059598e-02   5.5009998e-02
   6.0527098e-02   6.0875198e-02
   5.5115798e-02   6.6087198e-02
   4.8938198e-02   7.0496598e-02
   4.2133099e-02   7.3974097e-02
   3.4861399e-02   7.6414997e-02
   2.7301799e-02   7.7743197e-02
   1.9645899e-02   7.7914197e-02
   1.2092400e-02   7.6917197e-02
   4.8410298e-03   7.4776097e-02
  -1.9131499e-03   7.1549897e-02
  -7.9863297e-03   6.7331298e-02
  -1.3211600e-02   6.2244998e-02
  -1.7444699e-02   5.6444298e-02
  -2.0568599e-02   5.0107198e-02
  -2.2497999e-02   4.3431198e-02
  -2.3182699e-02   3.6628099e-02
  -2.2609599e-02   2.9917199e-02
  -2.0804099e-02   2.3519399e-02
  -1.7830099e-02   1.7649999e-02
  -1.3788800e-02   1.2512100e-02
  -8.8163997e-03   8.2902797e-03
  -3.0807199e-03   5.1442298e-03
   3.2233399e-03   3.2037499e-03
   9.8792096e-03   2.5639799e-03
   1.6654799e-02   3.2818499e-03
   2.3309199e-02   5.3735898e-03
   2.9599899e-02   8.8134497e-03
   3.5289999e-02   1.3533600e-02
   4.0155699e-02   1.9425599e-02
   4.3993098e-02   2.6342499e-02
   4.6624798e-02   3.4103099e-02
   4.7905598e-02   4.2496098e-02
   4.7727698e-02   5.1286598e-02
   4.6024398e-02   6.0222198e-02
   4.2772698e-02   6.9040698e-02
   3.7995199e-02   7.7477197e-02
   3.1759399e-02   8.5272397e-02
   2.4177199e-02   9.2180297e-02
   1.5401699e-02   9.7975496e-02
   5.6237898e-03   1.0246100e-01
  -4.9335498e-03   1.0547200e-01
  -1.6020899e-02   1.0688500e-01
  -2.7369499e-02   1.0661900e-01
  -3.8699099e-02   1.0464000e-01
  -4.9725798e-02   1.0096100e-01
  -6.0170598e-02   9.5643997e-02
  -6.9767297e-02   8.8797297e-02
  -7.8270697e-02   8.0573697e-02
  -8.5463997e-02   7.1165997e-02
  -9.1165097e-02   6.0801898e-02
  -9.5232596e-02   4.9737498e-02
  -9.7569896e-02   3.8250199e-02
  -9.8128796e-02   2.6630599e-02
  -9.6910596e-02   1.5173999e-02
  -9.3966997e-02   4.1721198e-03
  -8.9398197e-02  -6.0958198e-03
  -8.3350897e-02  -1.5371199e-02
  -7.6013497e-02  -2.3423599e-02
  -6.7611197e-02  -3.0057899e-02
  -5.8399098e-02  -3.5119899e-02
  -4.8655198e-02  -3.8500999e-02
  -3.8671699e-02  -4.0141499e-02
  -2.8746699e-02  -4.0032499e-02
  -1.9175599e-02  -3.8216099e-02
  -1.0241500e-02  -3.4784399e-02
  -2.2078299e-03  -2.9876099e-02
   4.6903298e-03  -2.3673299e-02
   1.0252800e-02  -1.6395099e-02
   1.4320399e-02  -8.2915697e-03
   1.6779599e-02   3.6412799e-04
   1.7565999e-02   9.2838897e-03
   1.6665699e-02   1.8173399e-02
   1.4116099e-02   2.6741299e-02
   1.0004400e-02   3.4707599e-02
   4.4646498e-03   4.1812398e-02
  -2.3264899e-03   4.7824098e-02
  -1.0155200e-02   5.2545698e-02
  -1.8777399e-02   5.5821098e-02
  -2.7926399e-02   5.7539798e-02
  -3.7320999e-02   5.7639798e-02
  -4.6674698e-02   5.6109598e-02
  -5.5704398e-02   5.2987998e-02
  -6.4139398e-02   4.8362898e-02
  -7.1729397e-02   4.2367998e-02
  -7.8252797e-02   3.5178499e-02
  -8.3523497e-02   2.7005399e-02
  -8.7395997e-02   1.8088199e-02
  -8.9770597e-02   8.6878297e-03
  -9.0595797e-02  -9.2261996e-04
  -8.9869797e-02  -1.0466200e-02
  -8.7640397e-02  -1.9671299e-02
  -8.4002997e-02  -2.8280299e-02
  -7.9097697e-02  -3.6057999e-02
  -7.3103697e-02  -4.2798998e-02
  -6.6233997e-02  -4.8334598e-02
  -5.8727798e-02  -5.2537998e-02
  -5.0842798e-02  -5.5328398e-02
  -4.2846098e-02  -5.6673498e-02
  -3.5005699e-02  -5.6590398e-02
  -2.7581299e-02  -5.5145198e-02
  -2.0815699e-02  -5.2450398e-02
  -1.4926199e-02  -4.8661098e-02
  -1.0097900e-02  -4.3969998e-02
  -6.4766297e-03  -3.8600499e-02
  -4.1645698e-03  -3.2799299e-02
  -3.2161399e-03  -2.6828399e-02
  -3.6361599e-03  -2.0955299e-02
  -5.3794298e-03  -1.5444799e-02
  -8.3519297e-03  -1.0549300e-02
  -1.2413700e-02  -6.4999097e-03
  -1.7383499e-02  -3.4988799e-03
  -2.3044399e-02  -1.7118699e-03
  -2.9150899e-02  -1.2620400e-03
  -3.5437299e-02  -2.2253399e-03
  -4.1626298e-02  -4.6273198e-03
  -4.7438698e-02  -8.4415097e-03
  -5.2602398e-02  -1.3589699e-02
  -5.6862398e-02  -1.9943599e-02
  -5.9989298e-02  -2.7328799e-02
  -6.1787698e-02  -3.5529399e-02
  -6.2103298e-02  -4.4295098e-02
  -6.0829098e-02  -5.3348598e-02
  -5.7909498e-02  -6.2394498e-02
  -5.3343198e-02  -7.1128897e-02
  -4.7184798e-02  -7.9249297e-02
  -3.9543198e-02  -8.6464597e-02
  -3.0580199e-02  -9.2504696e-02
  -2.0505299e-02  -9.7130296e-02
  -9.5704496e-03  -1.0014100e-01
   1.9374599e-03  -1.0138100e-01
   1.3704999e-02  -1.0075000e-01
   2.5401999e-02  -9.8201396e-02
   3.6691199e-02  -9.3748096e-02
   4.7239498e-02  -8.7463496e-02
   5.6728098e-02  -7.9479497e-02
   6.4862997e-02  -6.9983697e-02
   7.1384597e-02  -5.9214998e-02
   7.6076597e-02  -4.7456398e-02
   7.8773597e-02  -3.5027699e-02
   7.9366897e-02  -2.2276299e-02
   7.7809097e-02  -9.5661996e-03
   7.4116697e-02   2.7318599e-03
   6.8370497e-02   1.4252299e-02
   6.0714398e-02   2.4645699e-02
   5.1351998e-02   3.3589699e-02
   4.0541498e-02   4.0799298e-02
   2.8588599e-02   4.6035998e-02
   1.5837999e-02   4.9115498e-02
   2.6639499e-03   4.9914298e-02
  -1.0541000e-02   4.8374198e-02
  -2.3377199e-02   4.4504898e-02
  -3.5449699e-02   3.8384298e-02
  -4.6380198e-02   3.0157699e-02
  -5.5818098e-02   2.0033499e-02
  -6.3451897e-02   8.2784897e-03
  -6.9017997e-02  -4.7899198e-03
  -7.2309397e-02  -1.8812299e-02
  -7.3182197e-02  -3.3397299e-02
  -7.1560497e-02  -4.8133198e-02
  -6.7439097e-02  -6.2599397e-02
  -6.0884097e-02  -7.6378597e-02
  -5.2031498e-02  -8.9069596e-02
  -4.1084098e-02  -1.0029800e-01
  -2.8305099e-02  -1.0973000e-01
  -1.4011599e-02  -1.1707700e-01
   1.4348299e-03  -1.2210899e-01
   1.7638399e-02  -1.2466199e-01
   3.4180499e-02  -1.2463799e-01
   5.0631698e-02  -1.2201099e-01
   6.6564397e-02  -1.1683000e-01
   8.1565097e-02  -1.0921400e-01
   9.5246096e-02  -9.9348096e-02
   1.0725700e-01  -8.7482996e-02
   1.1729600e-01  -7.3922797e-02
   1.2511599e-01  -5.9017798e-02
   1.3053299e-01  -4.3154598e-02
   1.3343099e-01  -2.6743599e-02
   1.3376799e-01  -1.0208100e-02
   1.3156999e-01   6.0290297e-03
   1.2693699e-01   2.1557199e-02
