   2.0535800e+00   7.0214600e-02
   1.9024900e+00   6.6537300e-01
   1.5677100e+00   1.1670300e+00
   1.0960700e+00   1.5187100e+00
   5.5082600e-01   1.6851100e+00
   2.6948100e-03   1.6563800e+00
  -4.7992700e-01   1.4487600e+00
  -8.4021800e-01   1.1016000e+00
  -1.0403300e+00   6.7126800e-01
  -1.0660000e+00   2.2286400e-01
  -9.2768300e-01  -1.7903900e-01
  -6.5835100e-01  -4.7934300e-01
  -3.0810200e-01  -6.3979100e-01
   6.3397100e-02  -6.4377600e-01
   3.9560500e-01  -4.9799000e-01
   6.3567400e-01  -2.3077200e-01
   7.4569200e-01   1.1252300e-01
   7.0763000e-01   4.7640900e-01
   5.2537000e-01   8.0336900e-01
   2.2361500e-01   1.0420100e+00
  -1.5608300e-01   1.1541400e+00
  -5.6152000e-01   1.1198100e+00
  -9.3735100e-01   9.3964300e-01
  -1.2328200e+00   6.3429100e-01
  -1.4086100e+00   2.4110600e-01
  -1.4419400e+00  -1.9138200e-01
  -1.3292200e+00  -6.1036100e-01
  -1.0859400e+00  -9.6599400e-01
  -7.4403000e-01  -1.2180200e+00
  -3.4701500e-01  -1.3408500e+00
   5.6243500e-02  -1.3264200e+00
   4.1827400e-01  -1.1846000e+00
   6.9928300e-01  -9.4111200e-01
   8.7213900e-01  -6.3341100e-01
   9.2542800e-01  -3.0507000e-01
   8.6422500e-01   3.6759500e-04
   7.0858200e-01   2.4529400e-01
   4.9002900e-01   4.0285400e-01
   2.4666000e-01   4.6008000e-01
   1.7533100e-02   4.1895700e-01
  -1.6279800e-01   2.9539200e-01
  -2.6888700e-01   1.1629900e-01
  -2.8752600e-01  -8.4703700e-02
  -2.1904100e-01  -2.7233800e-01
  -7.6654100e-02  -4.1471000e-01
   1.1591500e-01  -4.8766900e-01
   3.2819900e-01  -4.7790700e-01
   5.2751300e-01  -3.8442700e-01
   6.8359300e-01  -2.1824600e-01
   7.7272300e-01  -4.6101300e-04
   7.8078500e-01   2.4099700e-01
   7.0487700e-01   4.7541000e-01
   5.5333100e-01   6.7353400e-01
   3.4420500e-01   8.1149200e-01
   1.0252400e-01   8.7377500e-01
  -1.4331100e-01   8.5498700e-01
  -3.6541000e-01   7.6015700e-01
  -5.4004200e-01   6.0363900e-01
  -6.5057400e-01   4.0681100e-01
  -6.8930900e-01   1.9493700e-01
  -6.5806700e-01  -6.3428600e-03
  -5.6744700e-01  -1.7440800e-01
  -4.3496200e-01  -2.9249000e-01
  -2.8233300e-01  -3.5157900e-01
  -1.3234700e-01  -3.5121000e-01
  -5.7308300e-03  -2.9904600e-01
   8.1561100e-02  -2.0939900e-01
   1.2027700e-01  -1.0091500e-01
   1.0880500e-01   6.2182100e-03
   5.3034400e-02   9.3156800e-02
  -3.4803600e-02   1.4497000e-01
  -1.3810700e-01   1.5258100e-01
  -2.3839400e-01   1.1382400e-01
  -3.1796600e-01   3.3536800e-02
  -3.6236000e-01  -7.7323700e-02
  -3.6229500e-01  -2.0335400e-01
  -3.1485000e-01  -3.2693800e-01
  -2.2374800e-01  -4.3071500e-01
  -9.8738300e-02  -4.9995100e-01
   4.5817700e-02  -5.2449500e-01
   1.9294600e-01  -5.0007600e-01
   3.2536200e-01  -4.2878700e-01
   4.2776600e-01  -3.1871100e-01
   4.8882500e-01  -1.8275700e-01
   5.0258900e-01  -3.6885600e-02
   4.6917000e-01   1.0203700e-01
   3.9459700e-01   2.1846000e-01
   2.8990800e-01   3.0014900e-01
   1.6958300e-01   3.3971500e-01
   4.9559300e-02   3.3546400e-01
  -5.4906900e-02   2.9148400e-01
  -1.3125300e-01   2.1695800e-01
  -1.7122200e-01   1.2480600e-01
  -1.7187700e-01   2.9858900e-02
  -1.3587800e-01  -5.3199500e-02
  -7.1001500e-02  -1.1183900e-01
   1.1018600e-02  -1.3736900e-01
   9.6183300e-02  -1.2608100e-01
   1.7020200e-01  -7.9705000e-02
   2.2049400e-01  -5.1127100e-03
   2.3793200e-01   8.6676500e-02
   2.1811000e-01   1.8205300e-01
   1.6195500e-01   2.6672200e-01
   7.5599500e-02   3.2769600e-01
  -3.0454600e-02   3.5510500e-01
  -1.4277200e-01   3.4357400e-01
  -2.4682100e-01   2.9298500e-01
  -3.2896500e-01   2.0852200e-01
  -3.7832200e-01   9.9980100e-02
  -3.8826100e-01  -1.9538400e-02
  -3.5730800e-01  -1.3539500e-01
  -2.8935400e-01  -2.3338400e-01
  -1.9313200e-01  -3.0164800e-01
  -8.1036600e-02  -3.3226400e-01
   3.2551800e-02  -3.2229800e-01
   1.3320700e-01  -2.7417100e-01
   2.0839300e-01  -1.9530100e-01
   2.4913500e-01  -9.7066500e-02
   2.5119200e-01   6.7639800e-03
   2.1558100e-01   1.0191100e-01
   1.4837500e-01   1.7552200e-01
   5.9819900e-02   2.1788900e-01
  -3.7110500e-02   2.2372700e-01
  -1.2851600e-01   1.9282900e-01
  -2.0147500e-01   1.3002000e-01
  -2.4578300e-01   4.4424700e-02
  -2.5531000e-01  -5.1840800e-02
  -2.2876300e-01  -1.4536700e-01
  -1.6978300e-01  -2.2329800e-01
  -8.6370200e-02  -2.7507000e-01
   1.0284900e-02  -2.9380200e-01
   1.0737500e-01  -2.7716500e-01
   1.9224100e-01  -2.2760300e-01
   2.5407500e-01  -1.5190400e-01
   2.8533700e-01  -6.0191500e-02
   2.8268400e-01   3.5510600e-02
   2.4731900e-01   1.2293700e-01
   1.8470300e-01   1.9122100e-01
   1.0371400e-01   2.3230200e-01
   1.5362300e-02   2.4190800e-01
  -6.8727100e-02   2.1999600e-01
  -1.3786700e-01   1.7062000e-01
  -1.8367500e-01   1.0125000e-01
  -2.0107800e-01   2.1669600e-02
  -1.8884200e-01  -5.7385900e-02
  -1.4956700e-01  -1.2565600e-01
  -8.9188200e-02  -1.7465000e-01
  -1.6060400e-02  -1.9864500e-01
   6.0214600e-02  -1.9527800e-01
   1.3005800e-01  -1.6566200e-01
   1.8510000e-01  -1.1406300e-01
   2.1914100e-01  -4.7191800e-02
   2.2877100e-01   2.6761900e-02
   2.1359800e-01   9.9204700e-02
   1.7608900e-01   1.6218400e-01
   1.2107800e-01   2.0927000e-01
   5.5032800e-02   2.3617400e-01
  -1.4804500e-02   2.4106300e-01
  -8.1277200e-02   2.2455400e-01
  -1.3808000e-01   1.8944100e-01
  -1.8034400e-01   1.4019800e-01
  -2.0500600e-01   8.2374300e-02
  -2.1093900e-01   2.1939400e-02
  -1.9888400e-01  -3.5328000e-02
  -1.7121100e-01  -8.4356300e-02
  -1.3156000e-01  -1.2117000e-01
  -8.4435800e-02  -1.4313800e-01
  -3.4774800e-02  -1.4909900e-01
   1.2470200e-02  -1.3936100e-01
   5.2709100e-02  -1.1562500e-01
   8.2055700e-02  -8.0819700e-02
   9.7622700e-02  -3.8885300e-02
   9.7769500e-02   5.5151400e-03
   8.2290400e-02   4.7339300e-02
   5.2523400e-02   8.1571700e-02
   1.1355600e-02   1.0367800e-01
  -3.6905400e-02   1.1008300e-01
  -8.6815600e-02   9.8634900e-02
  -1.3224100e-01   6.8990300e-02
  -1.6695500e-01   2.2868200e-02
  -1.8533300e-01  -3.5898500e-02
  -1.8309500e-01  -1.0155800e-01
  -1.5797500e-01  -1.6690100e-01
  -1.1024400e-01  -2.2397600e-01
  -4.2963700e-02  -2.6499300e-01
   3.8085700e-02  -2.8332800e-01
   1.2485500e-01  -2.7449300e-01
   2.0782600e-01  -2.3693200e-01
   2.7710800e-01  -1.7251100e-01
   3.2368800e-01  -8.6586400e-02
   3.4069100e-01   1.2389500e-02
   3.2446300e-01   1.1373000e-01
   2.7530400e-01   2.0576000e-01
   1.9771400e-01   2.7729700e-01
   1.0007200e-01   3.1918800e-01
  -6.2456700e-03   3.2566900e-01
  -1.0823000e-01   2.9535000e-01
  -1.9292600e-01   2.3164700e-01
  -2.4921200e-01   1.4256700e-01
  -2.6943000e-01   3.9833000e-02
  -2.5061500e-01  -6.2575400e-02
  -1.9512500e-01  -1.5027100e-01
  -1.1054100e-01  -2.1046900e-01
  -8.8196100e-03  -2.3386000e-01
   9.5224200e-02  -2.1608200e-01
   1.8591300e-01  -1.5854500e-01
   2.4891500e-01  -6.8458600e-02
   2.7335300e-01   4.1966900e-02
   2.5349900e-01   1.5707800e-01
   1.8979700e-01   2.5989200e-01
   8.9036700e-02   3.3448400e-01
  -3.6389600e-02   3.6830800e-01
  -1.7005500e-01   3.5411700e-01
  -2.9370600e-01   2.9117900e-01
  -3.8980200e-01   1.8560100e-01
  -4.4403500e-01   4.9674000e-02
  -4.4745200e-01  -9.9688700e-02
  -3.9787000e-01  -2.4321800e-01
  -3.0035900e-01  -3.6195500e-01
  -1.6668600e-01  -4.3993600e-01
  -1.3798600e-02  -4.6650200e-01
   1.3847800e-01  -4.3790600e-01
   2.7019000e-01  -3.5794700e-01
   3.6407600e-01  -2.3753900e-01
   4.0804000e-01  -9.3246200e-02
   3.9692000e-01   5.5009200e-02
   3.3327900e-01   1.8675400e-01
   2.2709000e-01   2.8388300e-01
   9.4353100e-02   3.3326100e-01
  -4.5175800e-02   3.2863300e-01
  -1.7081300e-01   2.7155400e-01
  -2.6393300e-01   1.7119400e-01
  -3.1067100e-01   4.3030700e-02
  -3.0395100e-01  -9.3369100e-02
  -2.4454000e-01  -2.1718500e-01
  -1.4095700e-01  -3.0936800e-01
  -8.2655900e-03  -3.5541700e-01
   1.3410000e-01  -3.4751000e-01
   2.6514800e-01  -2.8566000e-01
   3.6537200e-01  -1.7774000e-01
   4.1958900e-01  -3.8361800e-02
   4.1914200e-01   1.1322800e-01
   3.6316500e-01   2.5592200e-01
   2.5870800e-01   3.6979800e-01
   1.1971400e-01   4.3898500e-01
  -3.4998200e-02   4.5393700e-01
  -1.8445400e-01   4.1277800e-01
  -3.0854100e-01   3.2153400e-01
  -3.9088600e-01   1.9321400e-01
  -4.2117100e-01   4.5889200e-02
  -3.9655100e-01  -9.9949000e-02
  -3.2197900e-01  -2.2435500e-01
  -2.0939300e-01  -3.1079100e-01
  -7.5904400e-02  -3.4845700e-01
   5.8748400e-02  -3.3376600e-01
   1.7509700e-01  -2.7074900e-01
   2.5675900e-01  -1.7034500e-01
   2.9276700e-01  -4.8697900e-02
   2.7907300e-01   7.5282000e-02
   2.1902200e-01   1.8272700e-01
   1.2274100e-01   2.5756500e-01
   5.5381600e-03   2.8883000e-01
  -1.1441700e-01   2.7218100e-01
  -2.1880600e-01   2.1042900e-01
  -2.9184300e-01   1.1302000e-01
  -3.2254700e-01  -5.4581600e-03
  -3.0626800e-01  -1.2748100e-01
  -2.4527100e-01  -2.3519000e-01
  -1.4829500e-01  -3.1299500e-01
  -2.9179000e-02  -3.4980300e-01
   9.5220200e-02  -3.4054300e-01
   2.0751800e-01  -2.8679700e-01
   2.9231200e-01  -1.9645200e-01
   3.3835700e-01  -8.2441100e-02
   3.4008600e-01   3.9206700e-02
   2.9828900e-01   1.5172900e-01
   2.1985100e-01   2.4003600e-01
   1.1662300e-01   2.9282200e-01
   3.6084700e-03   3.0407700e-01
  -1.0325400e-01   2.7380000e-01
  -1.8938400e-01   2.0783200e-01
  -2.4359200e-01   1.1685600e-01
  -2.5957200e-01   1.4733000e-02
  -2.3664200e-01  -8.3565500e-02
  -1.7967300e-01  -1.6412200e-01
  -9.8212300e-02  -2.1601900e-01
  -4.9794500e-03  -2.3279500e-01
   8.6045300e-02  -2.1322000e-01
   1.6164900e-01  -1.6129800e-01
   2.1123500e-01  -8.5533400e-02
   2.2824300e-01   2.4221500e-03
   2.1094500e-01   8.9518000e-02
   1.6253400e-01   1.6319000e-01
   9.0520800e-02   2.1311100e-01
   5.5458900e-03   2.3256600e-01
  -8.0205000e-02   2.1927700e-01
  -1.5473900e-01   1.7557700e-01
  -2.0790500e-01   1.0794000e-01
  -2.3272900e-01   2.5968200e-02
  -2.2625700e-01  -5.9024700e-02
  -1.8983300e-01  -1.3559600e-01
  -1.2876700e-01  -1.9372000e-01
  -5.1500500e-02  -2.2607300e-01
   3.1626600e-02  -2.2891600e-01
   1.0979700e-01  -2.0245800e-01
   1.7314500e-01  -1.5068300e-01
   2.1400100e-01  -8.0700800e-02
   2.2779200e-01  -1.7121900e-03
   2.1350700e-01   7.6243800e-02
   1.7368500e-01   1.4359400e-01
   1.1395700e-01   1.9241400e-01
   4.2215600e-02   2.1735700e-01
  -3.2451000e-02   2.1620700e-01
  -1.0092900e-01   1.9003100e-01
  -1.5519800e-01   1.4291800e-01
  -1.8926600e-01   8.1362100e-02
  -1.9982000e-01   1.3385500e-02
  -1.8653300e-01  -5.2488400e-02
  -1.5199700e-01  -1.0827700e-01
  -1.0132800e-01  -1.4748000e-01
  -4.1476300e-02  -1.6581700e-01
   1.9648500e-02  -1.6168400e-01
   7.4140400e-02  -1.3629300e-01
   1.1504200e-01  -9.3475400e-02
   1.3716400e-01  -3.9201600e-02
   1.3769400e-01   1.9149100e-02
   1.1653100e-01   7.3671800e-02
   7.6310200e-02   1.1688100e-01
   2.2110800e-02   1.4261200e-01
  -3.9116200e-02   1.4678500e-01
  -9.9350900e-02   1.2793600e-01
  -1.5044900e-01   8.7461700e-02
  -1.8512600e-01   2.9527400e-02
  -1.9787500e-01  -3.9348500e-02
  -1.8570000e-01  -1.1100900e-01
  -1.4857900e-01  -1.7659900e-01
  -8.9583100e-02  -2.2762800e-01
  -1.4625200e-02  -2.5703300e-01
   6.8160900e-02  -2.6012100e-01
   1.4934300e-01  -2.3524800e-01
   2.1932300e-01  -1.8415300e-01
   2.6954100e-01  -1.1187400e-01
   2.9360700e-01  -2.6235600e-02
   2.8820100e-01   6.3046700e-02
   2.5361400e-01   1.4555400e-01
   1.9383400e-01   2.1149600e-01
   1.1614800e-01   2.5302100e-01
   3.0278200e-02   2.6532000e-01
  -5.2849400e-02   2.4736400e-01
  -1.2254800e-01   2.0216400e-01
  -1.6984500e-01   1.3646800e-01
  -1.8877700e-01   5.9942100e-02
  -1.7731200e-01  -1.6101900e-02
  -1.3776100e-01  -8.0257500e-02
  -7.6576800e-02  -1.2265100e-01
  -3.5601900e-03  -1.3641500e-01
   6.9448100e-02  -1.1878300e-01
   1.3022500e-01  -7.1643500e-02
   1.6794200e-01  -1.4291600e-03
   1.7481100e-01   8.1651700e-02
   1.4734700e-01   1.6497000e-01
   8.7055000e-02   2.3523600e-01
   4.0832800e-04   2.8042500e-01
  -1.0189800e-01   2.9159100e-01
  -2.0634400e-01   2.6429300e-01
  -2.9844800e-01   1.9942000e-01
  -3.6483100e-01   1.0325100e-01
  -3.9519300e-01  -1.3263700e-02
  -3.8390000e-01  -1.3593200e-01
  -3.3093500e-01  -2.4927500e-01
  -2.4204900e-01  -3.3872000e-01
  -1.2806700e-01  -3.9272400e-01
  -3.4350000e-03  -4.0450800e-01
   1.1580900e-01  -3.7311800e-01
   2.1434700e-01  -3.0366300e-01
   2.7982700e-01  -2.0664700e-01
   3.0472200e-01  -9.6484900e-02
   2.8749500e-01   1.0592200e-02
   2.3289500e-01   9.8946900e-02
   1.5129700e-01   1.5589900e-01
   5.7193100e-02   1.7368300e-01
  -3.2979100e-02   1.5070000e-01
  -1.0334600e-01   9.1845500e-02
  -1.4106500e-01   7.8533300e-03
  -1.3838000e-01  -8.6267300e-02
  -9.3937200e-02  -1.7348700e-01
  -1.3139100e-02  -2.3737200e-01
   9.2525200e-02  -2.6465700e-01
   2.0710900e-01  -2.4740200e-01
   3.1255700e-01  -1.8436900e-01
   3.9143300e-01  -8.1402700e-02
   4.2961500e-01   4.9263900e-02
   4.1854800e-01   1.9070100e-01
   3.5668600e-01   3.2372800e-01
   2.4991100e-01   4.2976000e-01
   1.1081200e-01   4.9361500e-01
  -4.3063700e-02   5.0586900e-01
  -1.9174500e-01   4.6437400e-01
  -3.1579200e-01   3.7469300e-01
  -3.9921700e-01   2.4937700e-01
  -4.3192600e-01   1.0615800e-01
  -4.1130000e-01  -3.4672000e-02
  -3.4265700e-01  -1.5331200e-01
  -2.3850300e-01  -2.3347100e-01
  -1.1667600e-01  -2.6489500e-01
   2.3671500e-03  -2.4499400e-01
   9.8694300e-02  -1.7931900e-01
   1.5601800e-01  -8.0780800e-02
   1.6429700e-01   3.2276800e-02
   1.2140700e-01   1.3887900e-01
   3.3623100e-02   2.1867900e-01
  -8.5198100e-02   2.5518000e-01
  -2.1562700e-01   2.3842300e-01
  -3.3557200e-01   1.6671200e-01
  -4.2365700e-01   4.7105500e-02
  -4.6257200e-01  -1.0543900e-01
  -4.4185600e-01  -2.7014900e-01
  -3.5970400e-01  -4.2345800e-01
  -2.2347700e-01  -5.4251500e-01
  -4.8834000e-02  -6.0866800e-01
   1.4241200e-01  -6.1036600e-01
   3.2541800e-01  -5.4505500e-01
   4.7594600e-01  -4.1974100e-01
   5.7396800e-01  -2.5012900e-01
   6.0670200e-01  -5.8433900e-02
   5.7060000e-01   1.2981500e-01
   4.7198400e-01   2.8951600e-01
   3.2620000e-01   3.9972000e-01
   1.5541800e-01   4.4678200e-01
  -1.4626500e-02   4.2644700e-01
  -1.5846200e-01   3.4455800e-01
  -2.5471200e-01   2.1624000e-01
  -2.8934900e-01   6.3692100e-02
  -2.5788600e-01  -8.7118300e-02
  -1.6614400e-01  -2.1036500e-01
  -2.9486200e-02  -2.8429300e-01
   1.2940400e-01  -2.9458500e-01
   2.8386500e-01  -2.3665000e-01
   4.0724800e-01  -1.1647300e-01
   4.7694600e-01   5.0101600e-02
   4.7788600e-01   2.3958200e-01
   4.0492400e-01   4.2420200e-01
   2.6380900e-01   5.7598400e-01
   7.0531700e-02   6.7087700e-01
  -1.5084400e-01   6.9236700e-01
  -3.7156400e-01   6.3401700e-01
  -5.6229900e-01   5.0055700e-01
  -6.9737200e-01   3.0734000e-01
  -7.5849500e-01   7.8247900e-02
  -7.3745600e-01  -1.5765900e-01
  -6.3735100e-01  -3.7027400e-01
  -4.7218300e-01  -5.3273500e-01
  -2.6487400e-01  -6.2527000e-01
  -4.3987600e-02  -6.3801400e-01
   1.6038000e-01  -5.7239900e-01
   3.2092300e-01  -4.4090000e-01
   4.1704500e-01  -2.6518400e-01
   4.3779200e-01  -7.2930700e-02
   3.8338700e-01   1.0622100e-01
   2.6513300e-01   2.4499600e-01
   1.0370500e-01   3.2244600e-01
  -7.3918400e-02   3.2699200e-01
  -2.3842200e-01   2.5808900e-01
  -3.6246200e-01   1.2627900e-01
  -4.2466500e-01  -4.8357800e-02
  -4.1275900e-01  -2.3913900e-01
  -3.2537300e-01  -4.1666400e-01
  -1.7225600e-01  -5.5307600e-01
   2.7108900e-02  -6.2609300e-01
   2.4628300e-01  -6.2222600e-01
   4.5564000e-01  -5.3871700e-01
   6.2657700e-01  -3.8394000e-01
   7.3555100e-01  -1.7621200e-01
   7.6737600e-01   5.8810000e-02
   7.1730800e-01   2.9174000e-01
   5.9163800e-01   4.9358600e-01
   4.0672000e-01   6.3976200e-01
   1.8659100e-01   7.1344900e-01
  -4.0462100e-02   7.0780600e-01
  -2.4587600e-01   6.2675900e-01
  -4.0477600e-01   4.8425500e-01
  -4.9934500e-01   3.0212800e-01
  -5.2115000e-01   1.0688700e-01
  -4.7210100e-01  -7.4091100e-02
  -3.6393000e-01  -2.1641700e-01
  -2.1630700e-01  -3.0205100e-01
  -5.3861000e-02  -3.2169200e-01
   9.7428800e-02  -2.7589000e-01
   2.1396100e-01  -1.7473800e-01
   2.7782600e-01  -3.6224200e-02
   2.7924700e-01   1.1650300e-01
   2.1781600e-01   2.5854100e-01
   1.0239000e-01   3.6681600e-01
  -5.0331900e-02   4.2333900e-01
  -2.1829200e-01   4.1767500e-01
  -3.7727400e-01   3.4830500e-01
  -5.0433000e-01   2.2270800e-01
  -5.8096400e-01   5.6180900e-02
  -5.9562700e-01  -1.3039800e-01
  -5.4519300e-01  -3.1354200e-01
  -4.3523000e-01  -4.7041100e-01
  -2.7907100e-01  -5.8190900e-01
  -9.5838700e-02  -6.3518400e-01
   9.2278800e-02  -6.2520300e-01
   2.6308900e-01  -5.5521800e-01
   3.9737200e-01  -4.3608000e-01
   4.8136100e-01  -2.8453600e-01
   5.0839400e-01  -1.2077800e-01
   4.7955000e-01   3.4400500e-02
   4.0319200e-01   1.6243400e-01
   2.9354300e-01   2.4940700e-01
   1.6850400e-01   2.8775500e-01
   4.7041600e-02   2.7703000e-01
  -5.3464200e-02   2.2366200e-01
  -1.1956500e-01   1.3978100e-01
  -1.4345600e-01   4.1296900e-02
  -1.2385200e-01  -5.4475200e-02
  -6.5928000e-02  -1.3129600e-01
   1.9631600e-02  -1.7625200e-01
   1.1831000e-01  -1.8146400e-01
   2.1390900e-01  -1.4505400e-01
   2.9086600e-01  -7.1239800e-02
   3.3640400e-01   3.0397000e-02
   3.4224000e-01   1.4636600e-01
   3.0562500e-01   2.6120800e-01
   2.2960000e-01   3.5964600e-01
   1.2245700e-01   4.2864900e-01
  -3.4868000e-03   4.5912900e-01
  -1.3362400e-01   4.4705600e-01
  -2.5304700e-01   3.9386500e-01
  -3.4850800e-01   3.0611600e-01
  -4.1010500e-01   1.9448600e-01
  -4.3246200e-01   7.2248100e-02
  -4.1527200e-01  -4.6548700e-02
  -3.6314700e-01  -1.4893200e-01
  -2.8482600e-01  -2.2465800e-01
  -1.9185800e-01  -2.6743500e-01
  -9.6963800e-02  -2.7559000e-01
  -1.2297700e-02  -2.5208000e-01
   5.2151900e-02  -2.0390400e-01
   8.9816600e-02  -1.4097600e-01
   9.8299500e-02  -7.4658200e-02
   7.9539200e-02  -1.6137600e-02
   3.9382100e-02   2.5115700e-02
  -1.3362900e-02   4.2617400e-02
  -6.8248000e-02   3.3695000e-02
  -1.1470100e-01  -2.2591000e-04
  -1.4352100e-01  -5.3900900e-02
  -1.4816600e-01  -1.1906300e-01
  -1.2564000e-01  -1.8561700e-01
  -7.6904600e-02  -2.4306800e-01
  -6.7250300e-03  -2.8198600e-01
   7.6981800e-02  -2.9530700e-01
   1.6423100e-01  -2.7931500e-01
   2.4432100e-01  -2.3414800e-01
   3.0727600e-01  -1.6379500e-01
   3.4518300e-01  -7.5571600e-02
   3.5324500e-01   2.0851800e-02
   3.3041700e-01   1.1472800e-01
   2.7953400e-01   1.9565100e-01
   2.0692300e-01   2.5492900e-01
   1.2154800e-01   2.8671300e-01
   3.3803900e-02   2.8875000e-01
  -4.5870700e-02   2.6264300e-01
  -1.0838900e-01   2.1360000e-01
  -1.4721900e-01   1.4968800e-01
  -1.5923800e-01   8.0708800e-02
  -1.4512100e-01   1.6838100e-02
  -1.0920800e-01  -3.2783200e-02
  -5.8866100e-02  -6.1315000e-02
  -3.4371300e-03  -6.5166900e-02
   4.7096000e-02  -4.4498100e-02
   8.3534900e-02  -3.1974400e-03
   9.8791500e-02   5.1659200e-02
   8.8927200e-02   1.1080200e-01
   5.3760600e-02   1.6407800e-01
  -3.0462900e-03   2.0190200e-01
  -7.4442300e-02   2.1664800e-01
  -1.5092400e-01   2.0378400e-01
  -2.2183300e-01   1.6258800e-01
  -2.7683500e-01   9.6349200e-02
  -3.0738600e-01   1.2003400e-02
  -3.0796700e-01  -8.0743400e-02
  -2.7692400e-01  -1.7069400e-01
  -2.1678800e-01  -2.4667200e-01
  -1.3401400e-01  -2.9905100e-01
  -3.8181200e-02  -3.2110500e-01
   5.9262600e-02  -3.0997000e-01
   1.4652300e-01  -2.6709600e-01
   2.1305500e-01  -1.9810200e-01
   2.5101400e-01  -1.1206400e-01
   2.5633700e-01  -2.0311300e-02
   2.2933300e-01   6.5101800e-02
   1.7466400e-01   1.3303500e-01
   1.0072800e-01   1.7479500e-01
   1.8522300e-02   1.8534400e-01
  -5.9867100e-02   1.6400900e-01
  -1.2293500e-01   1.1459500e-01
  -1.6136100e-01   4.4876200e-02
  -1.6932100e-01  -3.4469200e-02
  -1.4532700e-01  -1.1133300e-01
  -9.2459400e-02  -1.7386500e-01
  -1.7976700e-02  -2.1213300e-01
   6.7665300e-02  -2.1953400e-01
   1.5224500e-01  -1.9375000e-01
   2.2346200e-01  -1.3711300e-01
   2.7064700e-01  -5.6336900e-02
   2.8626000e-01   3.8369900e-02
   2.6696800e-01   1.3467200e-01
   2.1414200e-01   2.1978100e-01
   1.3372300e-01   2.8220100e-01
   3.5452000e-02   3.1330500e-01
  -6.8419700e-02   3.0852600e-01
  -1.6476600e-01   2.6800400e-01
  -2.4134700e-01   1.9659100e-01
  -2.8844900e-01   1.0321700e-01
  -3.0018700e-01  -2.9032200e-04
  -2.7529000e-01  -1.0078000e-01
  -2.1726500e-01  -1.8552400e-01
  -1.3391500e-01  -2.4390000e-01
  -3.6293000e-02  -2.6878700e-01
   6.2776800e-02  -2.5748700e-01
   1.5040400e-01  -2.1204500e-01
   2.1532800e-01  -1.3893900e-01
   2.4938400e-01  -4.8188300e-02
   2.4854200e-01   4.8004700e-02
   2.1338700e-01   1.3688100e-01
   1.4898500e-01   2.0680400e-01
   6.4158300e-02   2.4877100e-01
  -2.9718900e-02   2.5755200e-01
  -1.2024500e-01   2.3231900e-01
  -1.9562400e-01   1.7668700e-01
  -2.4618700e-01   9.8175500e-02
  -2.6561900e-01   7.1720700e-03
  -2.5172000e-01  -8.4461500e-02
  -2.0662100e-01  -1.6494400e-01
  -1.3644000e-01  -2.2408800e-01
  -5.0429800e-02  -2.5458500e-01
   4.0257900e-02  -2.5288700e-01
   1.2402500e-01  -2.1959500e-01
   1.9030500e-01  -1.5931500e-01
   2.3087800e-01  -8.0006100e-02
   2.4086500e-01   8.0770900e-03
   2.1927700e-01   9.3702600e-02
   1.6907900e-01   1.6607500e-01
   9.6747900e-02   2.1616200e-01
   1.1423600e-02   2.3777300e-01
  -7.6253300e-02   2.2827000e-01
  -1.5545700e-01   1.8882300e-01
  -2.1648400e-01   1.2421100e-01
  -2.5189700e-01   4.2186900e-02
  -2.5736900e-01  -4.7491300e-02
  -2.3214900e-01  -1.3424800e-01
  -1.7908600e-01  -2.0794500e-01
  -1.0424300e-01  -2.6005600e-01
  -1.6141800e-02  -2.8463000e-01
   7.5262700e-02  -2.7894100e-01
   1.5974400e-01  -2.4375100e-01
   2.2798300e-01  -1.8316900e-01
   2.7261600e-01  -1.0413500e-01
   2.8904900e-01  -1.5595000e-02
   2.7594400e-01   7.2549700e-02
   2.3533700e-01   1.5057500e-01
   1.7236800e-01   2.1004000e-01
   9.4668300e-02   2.4474300e-01
   1.1468900e-02   2.5141100e-01
  -6.7466100e-02   2.3006200e-01
  -1.3296900e-01   1.8399500e-01
  -1.7753000e-01   1.1940400e-01
  -1.9617700e-01   4.4661400e-02
  -1.8707300e-01  -3.0649300e-02
  -1.5175100e-01  -9.6858500e-02
  -9.4978300e-02  -1.4535500e-01
  -2.4223600e-02  -1.6962800e-01
   5.1187100e-02  -1.6608400e-01
   1.2116000e-01  -1.3453800e-01
   1.7603600e-01  -7.8312500e-02
   2.0777500e-01  -3.9219100e-03
   2.1098100e-01   7.9632300e-02
   1.8363300e-01   1.6188800e-01
   1.2744000e-01   2.3215500e-01
   4.7747300e-02   2.8081800e-01
  -4.6998900e-02   3.0054500e-01
  -1.4618700e-01   2.8726300e-01
  -2.3826900e-01   2.4075900e-01
  -3.1215000e-01   1.6482600e-01
  -3.5856000e-01   6.6925200e-02
  -3.7124600e-01  -4.2631100e-02
  -3.4782600e-01  -1.5186600e-01
  -2.9018000e-01  -2.4857700e-01
  -2.0431700e-01  -3.2183400e-01
  -9.9717500e-02  -3.6337100e-01
   1.1781300e-02  -3.6866300e-01
   1.1743000e-01  -3.3756300e-01
   2.0516000e-01  -2.7438300e-01
   2.6512900e-01  -1.8741400e-01
   2.9100400e-01  -8.7911400e-02
   2.8082300e-01   1.1323200e-02
   2.3729100e-01   9.7587800e-02
   1.6747800e-01   1.5994600e-01
   8.1929800e-02   1.9068900e-01
  -6.7003100e-03   1.8639500e-01
  -8.5318700e-02   1.4843800e-01
  -1.4215000e-01   8.2858600e-02
  -1.6834800e-01  -3.8859800e-04
  -1.5923800e-01  -8.8728300e-02
  -1.1502000e-01  -1.6863400e-01
  -4.0821100e-02  -2.2745000e-01
   5.3909000e-02  -2.5513200e-01
   1.5660600e-01  -2.4565400e-01
   2.5323100e-01  -1.9789800e-01
   3.3013500e-01  -1.1589700e-01
   3.7590000e-01  -8.3816200e-03
   3.8289700e-01   1.1230900e-01
   3.4835800e-01   2.3181400e-01
   2.7480300e-01   3.3562600e-01
   1.6976000e-01   4.1100100e-01
   4.4814300e-02   4.4864600e-01
  -8.5890200e-02   4.4395000e-01
  -2.0749900e-01   3.9759500e-01
  -3.0639000e-01   3.1545800e-01
  -3.7195300e-01   2.0781400e-01
  -3.9795500e-01   8.7953500e-02
  -3.8331600e-01  -2.9598800e-02
  -3.3218300e-01  -1.3102300e-01
  -2.5329900e-01  -2.0503300e-01
  -1.5875400e-01  -2.4434400e-01
  -6.2291000e-02  -2.4658300e-01
   2.2590300e-02  -2.1452300e-01
   8.4480500e-02  -1.5560500e-01
   1.1559700e-01  -8.0828700e-02
   1.1280300e-01  -3.1645600e-03
   7.7978200e-02   6.4285700e-02
   1.7685700e-02   1.1012800e-01
  -5.7799700e-02   1.2625900e-01
  -1.3596800e-01   1.0897100e-01
  -2.0384600e-01   5.9446600e-02
  -2.4981000e-01  -1.6433000e-02
  -2.6520000e-01  -1.0892600e-01
  -2.4550800e-01  -2.0578600e-01
  -1.9097800e-01  -2.9395200e-01
  -1.0656000e-01  -3.6132300e-01
  -1.2156000e-03  -3.9838900e-01
   1.1330600e-01  -3.9948100e-01
   2.2405300e-01  -3.6348600e-01
   3.1859000e-01  -2.9393800e-01
   3.8662100e-01  -1.9847900e-01
   4.2128300e-01  -8.7786000e-02
   4.1996100e-01   2.5892600e-02
   3.8451000e-01   1.3036700e-01
   3.2087100e-01   2.1508800e-01
   2.3815900e-01   2.7247000e-01
   1.4734000e-01   2.9876500e-01
   5.9714600e-02   2.9440600e-01
  -1.4603900e-02   2.6376700e-01
  -6.7997000e-02   2.1439900e-01
  -9.6263699e-02   1.5586500e-01
  -9.9047899e-02   9.8335599e-02
  -7.9724700e-02   5.1148800e-02
  -4.4778400e-02   2.1534200e-02
  -2.7719500e-03   1.3665700e-02
   3.6937900e-02   2.8164400e-02
   6.5558800e-02   6.2106500e-02
   7.6106700e-02   1.0951800e-01
   6.4368600e-02   1.6227900e-01
   2.9463800e-02   2.1129900e-01
  -2.6062700e-02   2.4779600e-01
  -9.6613999e-02   2.6451700e-01
  -1.7431900e-01   2.5671400e-01
  -2.5009800e-01   2.2277800e-01
  -3.1487600e-01   1.6443400e-01
  -3.6075600e-01   8.6500099e-02
  -3.8203400e-01  -3.7606400e-03
  -3.7589400e-01  -9.7587699e-02
  -3.4271600e-01  -1.8584600e-01
  -2.8597000e-01  -2.6017100e-01
  -2.1171600e-01  -3.1398400e-01
  -1.2778300e-01  -3.4325600e-01
  -4.2745200e-02  -3.4692500e-01
   3.5162400e-02  -3.2692200e-01
   9.9061499e-02  -2.8781500e-01
   1.4424000e-01  -2.3612600e-01
   1.6865900e-01  -1.7941600e-01
   1.7310600e-01  -1.2526300e-01
   1.6097000e-01  -8.0261600e-02
   1.3768700e-01  -4.9183800e-02
   1.0992800e-01  -3.4388000e-02
   8.4637999e-02  -3.5564000e-02
   6.8056900e-02  -4.9834700e-02
   6.4838000e-02  -7.2198400e-02
   7.7389800e-02  -9.6253299e-02
   1.0551600e-01  -1.1510800e-01
   1.4640300e-01  -1.2236400e-01
   1.9496100e-01  -1.1303400e-01
   2.4446800e-01  -8.4296099e-02
   2.8744600e-01  -3.5959400e-02
   3.1665500e-01   2.9399500e-02
   3.2607900e-01   1.0666600e-01
   3.1177500e-01   1.8875300e-01
   2.7247800e-01   2.6744300e-01
   2.0987200e-01   3.3439500e-01
   1.2849100e-01   3.8220400e-01
   3.5248000e-02   4.0536100e-01
  -6.1358400e-02   4.0100500e-01
  -1.5225900e-01   3.6934800e-01
  -2.2893200e-01   3.1372100e-01
  -2.8448100e-01   2.4021300e-01
  -3.1452600e-01   1.5694500e-01
  -3.1778900e-01   7.3062000e-02
  -2.9628800e-01  -2.4363100e-03
  -2.5509500e-01  -6.1869300e-02
  -2.0168200e-01  -9.9905099e-02
  -1.4493400e-01  -1.1429700e-01
  -9.3928899e-02  -1.0621800e-01
  -5.6678500e-02  -8.0136799e-02
  -3.8964500e-02  -4.3234700e-02
  -4.3458300e-02  -4.4212600e-03
  -6.9246600e-02   2.6920000e-02
  -1.1184700e-01   4.2300700e-02
  -1.6373000e-01   3.5421300e-02
  -2.1529700e-01   3.2062500e-03
  -2.5619500e-01  -5.3576500e-02
  -2.7679600e-01  -1.3021500e-01
  -2.6964700e-01  -2.1851100e-01
  -2.3067400e-01  -3.0775300e-01
  -1.5996900e-01  -3.8609100e-01
  -6.2022300e-02  -4.4214400e-01
   5.4642300e-02  -4.6660800e-01
   1.7842700e-01  -4.5365700e-01
   2.9608300e-01  -4.0191500e-01
   3.9443000e-01  -3.1485600e-01
   4.6213200e-01  -2.0054700e-01
   4.9129700e-01  -7.0737700e-02
   4.7864900e-01   6.0585400e-02
   4.2610900e-01   1.7901100e-01
   3.4067200e-01   2.7163400e-01
   2.3357500e-01   3.2883300e-01
   1.1884800e-01   3.4565200e-01
   1.1436300e-02   3.2255800e-01
  -7.4858699e-02   2.6546400e-01
  -1.2933000e-01   1.8498800e-01
  -1.4592900e-01   9.5016299e-02
  -1.2420500e-01   1.0780200e-02
  -6.9474600e-02  -5.3321900e-02
   7.8350999e-03  -8.5831699e-02
   9.3591999e-02  -7.9974599e-02
   1.7193600e-01  -3.4776700e-02
   2.2755900e-01   4.4622500e-02
   2.4797600e-01   1.4753000e-01
   2.2544500e-01   2.5907500e-01
   1.5827700e-01   3.6222700e-01
   5.1297800e-02   4.4018500e-01
  -8.4592399e-02   4.7880100e-01
  -2.3375200e-01   4.6870500e-01
  -3.7784000e-01   4.0679700e-01
  -4.9829500e-01   2.9691000e-01
  -5.7891900e-01   1.4948900e-01
  -6.0818700e-01  -1.9650400e-02
  -5.8095800e-01  -1.9136400e-01
  -4.9932600e-01  -3.4572100e-01
  -3.7247600e-01  -4.6471800e-01
  -2.1554600e-01  -5.3476200e-01
  -4.7635900e-02  -5.4859000e-01
   1.1076700e-01  -5.0632000e-01
   2.4058900e-01  -4.1548900e-01
   3.2680900e-01  -2.9005300e-01
   3.6055000e-01  -1.4846600e-01
   3.4033200e-01  -1.1117500e-02
   2.7228500e-01   1.0253000e-01
   1.6929000e-01   1.7669300e-01
   4.9160000e-02   2.0152000e-01
  -6.7902199e-02   1.7451300e-01
  -1.6219700e-01   1.0091800e-01
  -2.1737600e-01  -6.9937799e-03
  -2.2282800e-01  -1.3164200e-01
  -1.7527000e-01  -2.5264000e-01
  -7.9301599e-02  -3.4970400e-01
   5.3163100e-02  -4.0558400e-01
   2.0450600e-01  -4.0857900e-01
   3.5384400e-01  -3.5428700e-01
   4.7994900e-01  -2.4633200e-01
   5.6424200e-01  -9.5960399e-02
   5.9342800e-01   7.9443599e-02
   5.6140300e-01   2.5871200e-01
   4.7016900e-01   4.1979300e-01
   3.2960200e-01   5.4278300e-01
   1.5612700e-01   6.1266200e-01
  -2.9520300e-02   6.2135600e-01
  -2.0513300e-01   5.6881800e-01
  -3.5007300e-01   4.6299700e-01
  -4.4807000e-01   3.1868700e-01
  -4.8940300e-01   1.5543200e-01
  -4.7214800e-01  -5.2167900e-03
  -4.0232900e-01  -1.4269800e-01
  -2.9294800e-01  -2.4027400e-01
  -1.6205800e-01  -2.8729200e-01
  -3.0138200e-02  -2.8056700e-01
   8.2831399e-02  -2.2469800e-01
   1.6019700e-01  -1.3127500e-01
   1.9094400e-01  -1.7114600e-02
   1.7118800e-01   9.8224499e-02
   1.0463200e-01   1.9528800e-01
   1.9422500e-03   2.5751500e-01
  -1.2085800e-01   2.7359100e-01
  -2.4473400e-01   2.3901900e-01
  -3.5038600e-01   1.5670800e-01
  -4.2099700e-01   3.6514200e-02
  -4.4460400e-01  -1.0621100e-01
  -4.1574100e-01  -2.5281300e-01
  -3.3616400e-01  -3.8397200e-01
  -2.1453800e-01  -4.8239400e-01
  -6.5167799e-02  -5.3518200e-01
   9.4034599e-02  -5.3554400e-01
   2.4405700e-01  -4.8363800e-01
   3.6739400e-01  -3.8642200e-01
   4.5039400e-01  -2.5656300e-01
   4.8501500e-01  -1.1058900e-01
   4.6976900e-01   3.3462300e-02
   4.0972400e-01   1.5853900e-01
   3.1559800e-01   2.5086500e-01
   2.0210000e-01   3.0170900e-01
   8.5755099e-02   3.0840300e-01
  -1.7453200e-02   2.7447300e-01
  -9.4286999e-02   2.0891100e-01
  -1.3600500e-01   1.2468900e-01
  -1.3942000e-01   3.6775100e-02
  -1.0714000e-01  -4.0078400e-02
  -4.6979500e-02  -9.3433799e-02
   2.9346500e-02  -1.1487600e-01
   1.0804200e-01  -1.0109000e-01
   1.7528300e-01  -5.4184200e-02
   2.1921200e-01   1.8774400e-02
   2.3159100e-01   1.0690700e-01
   2.0888600e-01   1.9717600e-01
   1.5265700e-01   2.7629800e-01
   6.9213899e-02   3.3262100e-01
  -3.1381900e-02   3.5772300e-01
  -1.3681400e-01   3.4749700e-01
  -2.3427000e-01   3.0260600e-01
  -3.1220900e-01   2.2824700e-01
  -3.6189000e-01   1.3330700e-01
  -3.7845500e-01   2.9023700e-02
  -3.6143200e-01  -7.2612199e-02
  -3.1461600e-01  -1.6050200e-01
  -2.4535700e-01  -2.2588500e-01
  -1.6340000e-01  -2.6340300e-01
  -7.9440699e-02  -2.7163500e-01
  -3.6234700e-03  -2.5307200e-01
   5.5809299e-02  -2.1354500e-01
   9.3535199e-02  -1.6121700e-01
   1.0770800e-01  -1.0530300e-01
   9.9998999e-02  -5.4712800e-02
   7.5137799e-02  -1.6807600e-02
   4.0050400e-02   3.5615000e-03
   2.7286800e-03   4.6049400e-03
  -2.8991800e-02  -1.2315400e-02
  -4.8569100e-02  -4.3049500e-02
  -5.1650900e-02  -8.1401599e-02
  -3.6616000e-02  -1.2012700e-01
  -4.7004900e-03  -1.5203100e-01
   4.0286000e-02  -1.7101000e-01
   9.2595199e-02  -1.7288700e-01
   1.4541900e-01  -1.5594700e-01
   1.9187600e-01  -1.2109200e-01
   2.2596500e-01  -7.1637099e-02
   2.4335300e-01  -1.2774900e-02
   2.4189800e-01   4.9190400e-02
   2.2184400e-01   1.0772400e-01
   1.8569100e-01   1.5692700e-01
   1.3775700e-01   1.9227800e-01
   8.3530299e-02   2.1114500e-01
   2.8890200e-02   2.1301800e-01
  -2.0672300e-02   1.9944400e-01
  -6.0738999e-02   1.7369500e-01
  -8.8463399e-02   1.4022000e-01
  -1.0282900e-01   1.0397800e-01
  -1.0464400e-01   6.9746699e-02
  -9.6297899e-02   4.1493900e-02
  -8.1311299e-02   2.1904300e-02
  -6.3770199e-02   1.2105700e-02
  -4.7714900e-02   1.1624700e-02
  -3.6572500e-02   1.8561400e-02
  -3.2706100e-02   2.9948700e-02
  -3.7133700e-02   4.2236200e-02
  -4.9443900e-02   5.1828599e-02
  -6.7909199e-02   5.5603899e-02
  -8.9772299e-02   5.1345100e-02
  -1.1165800e-01   3.8032400e-02
  -1.3005200e-01   1.5966300e-02
  -1.4178200e-01  -1.3288200e-02
  -1.4443800e-01  -4.7119600e-02
  -1.3668700e-01  -8.2217199e-02
  -1.1843500e-01  -1.1499800e-01
  -9.0832999e-02  -1.4205700e-01
  -5.6131499e-02  -1.6058500e-01
  -1.7395000e-02  -1.6870600e-01
   2.1871400e-02  -1.6568800e-01
   5.8143099e-02  -1.5201700e-01
   8.8290699e-02  -1.2931700e-01
   1.0993900e-01  -1.0013700e-01
   1.2172800e-01  -6.7633799e-02
   1.2344900e-01  -3.5181400e-02
   1.1603600e-01  -5.9658499e-03
   1.0142300e-01   1.7391900e-02
   8.2277199e-02   3.3139200e-02
   6.1651499e-02   4.0583600e-02
   4.2586800e-02   4.0151900e-02
   2.7723700e-02   3.3308500e-02
   1.8964000e-02   2.2343600e-02
   1.7228900e-02   1.0055900e-02
   2.2342000e-02  -6.3029899e-04
   3.3054500e-02  -7.0667699e-03
   4.7212100e-02  -7.2503899e-03
   6.2041999e-02  -1.1234000e-04
   7.4528899e-02   1.4311800e-02
   8.1829999e-02   3.4855900e-02
   8.1677499e-02   5.9346999e-02
   7.2714999e-02   8.4868199e-02
   5.4721499e-02   1.0812900e-01
   2.8689900e-02   1.2589400e-01
  -3.2536400e-03   1.3542600e-01
  -3.8085500e-02   1.3486600e-01
  -7.2246799e-02   1.2351500e-01
  -1.0208900e-01   1.0197400e-01
  -1.2434600e-01   7.2101499e-02
  -1.3656300e-01   3.6818300e-02
  -1.3744200e-01  -2.4444600e-04
  -1.2702600e-01  -3.5196100e-02
  -1.0672300e-01  -6.4384099e-02
  -7.9138499e-02  -8.4869099e-02
  -4.7751899e-02  -9.4814199e-02
  -1.6465200e-02  -9.3732799e-02
   1.0909300e-02  -8.2558299e-02
   3.1156800e-02  -6.3522099e-02
   4.2092900e-02  -3.9854700e-02
   4.2859400e-02  -1.5346100e-02
   3.4042000e-02   6.1741599e-03
   1.7589600e-02   2.1367600e-02
  -3.4563600e-03   2.7853900e-02
  -2.5385900e-02   2.4548700e-02
  -4.4342200e-02   1.1823600e-02
  -5.6868099e-02  -8.5355699e-03
  -6.0401099e-02  -3.3570200e-02
  -5.3647799e-02  -5.9555599e-02
  -3.6782900e-02  -8.2519299e-02
  -1.1445300e-02  -9.8798699e-02
   1.9471700e-02  -1.0556000e-01
   5.2206399e-02  -1.0120400e-01
   8.2638699e-02  -8.5605499e-02
   1.0685300e-01  -6.0147599e-02
   1.2167400e-01  -2.7546300e-02
   1.2510500e-01   8.5077299e-03
   1.1660200e-01   4.3842700e-02
   9.7145999e-02   7.4365599e-02
   6.9112699e-02   9.6609199e-02
   3.5945100e-02   1.0819100e-01
   1.6865300e-03   1.0812100e-01
  -2.9565300e-02   9.6917099e-02
  -5.4204899e-02   7.6509699e-02
  -6.9590999e-02   4.9961599e-02
  -7.4379699e-02   2.1032200e-02
  -6.8674299e-02  -6.3433999e-03
  -5.3974299e-02  -2.8589100e-02
  -3.2934700e-02  -4.2961800e-02
  -8.9727499e-03  -4.7900599e-02
   1.4220300e-02  -4.3205300e-02
   3.3192000e-02  -3.0023200e-02
   4.5195099e-02  -1.0651900e-02
   4.8543899e-02   1.1810400e-02
   4.2813600e-02   3.3914300e-02
   2.8861800e-02   5.2343199e-02
   8.6729599e-03   6.4362999e-02
  -1.4946200e-02   6.8177999e-02
  -3.8772600e-02   6.3146699e-02
  -5.9614999e-02   4.9832699e-02
  -7.4741799e-02   2.9890300e-02
  -8.2229499e-02   5.8074699e-03
  -8.1189099e-02  -1.9452800e-02
  -7.1843399e-02  -4.2860000e-02
  -5.5453699e-02  -6.1713199e-02
  -3.4111300e-02  -7.3976899e-02
  -1.0430700e-02  -7.8511399e-02
   1.2810100e-02  -7.5173299e-02
   3.3030400e-02  -6.4780699e-02
   4.8160599e-02  -4.8955199e-02
   5.6870099e-02  -2.9869800e-02
   5.8685299e-02  -9.9429499e-03
   5.3990299e-02   8.4779599e-03
   4.3917299e-02   2.3400800e-02
   3.0152200e-02   3.3406200e-02
   1.4685600e-02   3.7775500e-02
  -4.5284399e-04   3.6521200e-02
  -1.3441800e-02   3.0323900e-02
  -2.2867100e-02   2.0394000e-02
  -2.7852900e-02   8.2815999e-03
  -2.8115000e-02  -4.3337999e-03
  -2.3940000e-02  -1.5848400e-02
  -1.6100400e-02  -2.4908100e-02
  -5.7243199e-03  -3.0535300e-02
   5.8587899e-03  -3.2199800e-02
   1.7276400e-02  -2.9834900e-02
   2.7257200e-02  -2.3802400e-02
   3.4748000e-02  -1.4821300e-02
   3.8997000e-02  -3.8696300e-03
   3.9601200e-02   7.9243999e-03
   3.6519000e-02   1.9392900e-02
   3.0054000e-02   2.9431300e-02
   2.0814600e-02   3.7088200e-02
   9.6548199e-03   4.1639599e-02
  -2.3991100e-03   4.2644799e-02
  -1.4233000e-02   3.9983600e-02
  -2.4737000e-02   3.3871100e-02
  -3.2900700e-02   2.4850400e-02
  -3.7909000e-02   1.3757900e-02
  -3.9227200e-02   1.6615000e-03
  -3.6671300e-02  -1.0227900e-02
  -3.0450400e-02  -2.0669100e-02
  -2.1173400e-02  -2.8518500e-02
  -9.8128799e-03  -3.2861700e-02
   2.3758400e-03  -3.3133800e-02
   1.3978600e-02  -2.9210800e-02
   2.3577700e-02  -2.1458800e-02
   2.9924100e-02  -1.0725100e-02
   3.2103700e-02   1.7314900e-03
   2.9676900e-02   1.4370000e-02
   2.2766600e-02   2.5545500e-02
   1.2079700e-02   3.3715500e-02
  -1.1484400e-03   3.7648800e-02
  -1.5285900e-02   3.6607800e-02
  -2.8499000e-02   3.0475500e-02
  -3.8987900e-02   1.9806600e-02
  -4.5232799e-02   5.7872299e-03
  -4.6214899e-02  -9.8947499e-03
  -4.1579899e-02  -2.5257000e-02
  -3.1716900e-02  -3.8282500e-02
  -1.7735400e-02  -4.7196999e-02
  -1.3401100e-03  -5.0724299e-02
   1.5384800e-02  -4.8282799e-02
   3.0253800e-02  -4.0090299e-02
   4.1283999e-02  -2.7158500e-02
   4.6979599e-02  -1.1174400e-02
   4.6556999e-02   5.7205499e-03
   4.0073799e-02   2.1222500e-02
   2.8439900e-02   3.3189700e-02
   1.3305900e-02   3.9951899e-02
  -3.1588400e-03   4.0559799e-02
  -1.8568700e-02   3.4934900e-02
  -3.0662300e-02   2.3896400e-02
  -3.7632400e-02   9.0575799e-03
  -3.8394999e-02  -7.3958499e-03
  -3.2758100e-02  -2.3015000e-02
  -2.1462600e-02  -3.5440600e-02
  -6.0866599e-03  -4.2748599e-02
   1.1173600e-02  -4.3736099e-02
   2.7817500e-02  -3.8106199e-02
   4.1400999e-02  -2.6520600e-02
   4.9894599e-02  -1.0513500e-02
   5.1982599e-02   7.7250099e-03
   4.7260599e-02   2.5663200e-02
   3.6300100e-02   4.0794699e-02
   2.0569700e-02   5.1003599e-02
   2.2241300e-03   5.4874699e-02
  -1.6209200e-02   5.1900499e-02
  -3.2198900e-02   4.2555799e-02
  -4.3579599e-02   2.8226200e-02
  -4.8868099e-02   1.1003200e-02
  -4.7477699e-02  -6.6262499e-03
  -3.9799999e-02  -2.2147200e-02
  -2.7140800e-02  -3.3388300e-02
  -1.1520600e-02  -3.8840199e-02
   4.6311299e-03  -3.7874999e-02
   1.8840100e-02  -3.0832700e-02
   2.8957300e-02  -1.8962900e-02
   3.3478600e-02  -4.2313199e-03
   3.1765200e-02   1.0980600e-02
   2.4134400e-02   2.4235900e-02
   1.1806100e-02   3.3409000e-02
  -3.2854600e-03   3.7003799e-02
  -1.8785500e-02   3.4375600e-02
  -3.2274300e-02   2.5824500e-02
  -4.1630099e-02   1.2547100e-02
  -4.5345299e-02  -3.5459500e-03
  -4.2749099e-02  -2.0117200e-02
  -3.4103900e-02  -3.4751600e-02
  -2.0562600e-02  -4.5314499e-02
  -3.9936299e-03  -5.0265799e-02
   1.3298100e-02  -4.8882799e-02
   2.8913000e-02  -4.1360999e-02
   4.0708299e-02  -2.8777500e-02
   4.7109299e-02  -1.2925400e-02
   4.7332699e-02   3.9551899e-03
   4.1490899e-02   1.9509300e-02
   3.0564100e-02   3.1611200e-02
   1.6245000e-02   3.8670499e-02
   6.8134599e-04   3.9855699e-02
  -1.3843900e-02   3.5202699e-02
  -2.5247800e-02   2.5595400e-02
  -3.1947400e-02   1.2622500e-02
  -3.3082400e-02  -1.6667900e-03
  -2.8628500e-02  -1.5068900e-02
  -1.9387200e-02  -2.5550500e-02
  -6.8551899e-03  -3.1542600e-02
   7.0041199e-03  -3.2161500e-02
   2.0053200e-02  -2.7327500e-02
   3.0293100e-02  -1.7765400e-02
   3.6150599e-02  -4.8883699e-03
   3.6699399e-02   9.4136199e-03
   3.1785300e-02   2.3051100e-02
   2.2038800e-02   3.4035000e-02
   8.7768199e-03   4.0757899e-02
  -6.1907399e-03   4.2215399e-02
  -2.0820000e-02   3.8139999e-02
  -3.3119800e-02   2.9029200e-02
  -4.1425799e-02   1.6066900e-02
  -4.4623799e-02   9.5206399e-04
  -4.2293499e-02  -1.4339300e-02
  -3.4754399e-02  -2.7826000e-02
  -2.3011200e-02  -3.7786799e-02
  -8.6072799e-03  -4.2985999e-02
   6.5895099e-03  -4.2828299e-02
   2.0639700e-02  -3.7424099e-02
   3.1788300e-02  -2.7561400e-02
   3.8689999e-02  -1.4588000e-02
   4.0575699e-02  -2.2363900e-04
   3.7338999e-02   1.3670900e-02
   2.9535700e-02   2.5337900e-02
   1.8296900e-02   3.3347599e-02
   5.1712799e-03   3.6774299e-02
  -8.0831999e-03   3.5305799e-02
  -1.9728600e-02   2.9270500e-02
  -2.8269700e-02   1.9583900e-02
  -3.2641100e-02   7.6218999e-03
  -3.2337900e-02  -4.9618399e-03
  -2.7472900e-02  -1.6450500e-02
  -1.8757700e-02  -2.5283600e-02
  -7.4076099e-03  -3.0255100e-02
   5.0137099e-03  -3.0666200e-02
   1.6793000e-02  -2.6414400e-02
   2.6284100e-02  -1.8009700e-02
   3.2117600e-02  -6.5140499e-03
   3.3376599e-02   6.5859199e-03
   2.9720200e-02   1.9561100e-02
   2.1435900e-02   3.0653600e-02
   9.4169599e-03   3.8297599e-02
  -4.9360799e-03   4.1320999e-02
  -1.9878800e-02   3.9102999e-02
  -3.3532799e-02   3.1666800e-02
  -4.4117799e-02   1.9695700e-02
  -5.0178799e-02   4.4666199e-03
  -5.0779399e-02  -1.2292700e-02
  -4.5636099e-02  -2.8607600e-02
  -3.5174599e-02  -4.2498999e-02
  -2.0497600e-02  -5.2235099e-02
  -3.2653799e-03  -5.6559799e-02
   1.4501500e-02  -5.4868899e-02
   3.0671800e-02  -4.7307399e-02
   4.3278899e-02  -3.4772799e-02
   5.0782999e-02  -1.8818500e-02
   5.2287799e-02  -1.4671300e-03
   4.7678499e-02   1.5047300e-02
   3.7659199e-02   2.8575000e-02
   2.3680700e-02   3.7346099e-02
   7.7617899e-03   4.0226199e-02
  -7.7744299e-03   3.6893099e-02
  -2.0617700e-02   2.7908000e-02
  -2.8798600e-02   1.4665100e-02
  -3.0982400e-02  -7.7913599e-04
  -2.6684200e-02  -1.5977600e-02
  -1.6372100e-02  -2.8431700e-02
  -1.4375000e-03  -3.5953099e-02
   1.5968600e-02  -3.6995499e-02
   3.3216999e-02  -3.0909200e-02
   4.7563199e-02  -1.8075500e-02
   5.6543099e-02   1.0135800e-04
   5.8345199e-02   2.1352800e-02
   5.2104199e-02   4.2836699e-02
   3.8069299e-02   6.1524799e-02
   1.7616000e-02   7.4632899e-02
  -6.9045499e-03   8.0034499e-02
  -3.2466199e-02   7.6593299e-02
  -5.5778399e-02   6.4365599e-02
  -7.3750699e-02   4.4634399e-02
  -8.3945699e-02   1.9765200e-02
  -8.4951299e-02  -7.1017199e-03
  -7.6614699e-02  -3.2484299e-02
  -6.0098799e-02  -5.3055899e-02
  -3.7744899e-02  -6.6135699e-02
  -1.2756800e-02  -7.0097799e-02
   1.1254000e-02  -6.4636299e-02
   3.0796499e-02  -5.0839799e-02
   4.3026899e-02  -3.1060399e-02
   4.6193399e-02  -8.5870099e-03
   3.9928499e-02   1.2831700e-02
   2.5341100e-02   2.9548600e-02
   4.8869399e-03   3.8581299e-02
  -1.7970400e-02   3.8091599e-02
  -3.9262399e-02   2.7705600e-02
  -5.5112299e-02   8.6212199e-03
  -6.2337299e-02  -1.6521400e-02
  -5.8964699e-02  -4.3993099e-02
  -4.4581599e-02  -6.9507699e-02
  -2.0458400e-02  -8.8855798e-02
   1.0579700e-02  -9.8549898e-02
   4.4520799e-02  -9.6379898e-02
   7.6726999e-02  -8.1794499e-02
   1.0260800e-01  -5.6043899e-02
   1.1830800e-01  -2.2055200e-02
   1.2130500e-01   1.5949500e-02
   1.1082400e-01   5.3040499e-02
   8.8003598e-02   8.4291599e-02
   5.5774399e-02   1.0551000e-01
   1.8469200e-02   1.1387800e-01
  -1.8790500e-02   1.0839800e-01
  -5.0840699e-02   9.0083798e-02
  -7.3246699e-02   6.1844499e-02
  -8.2982199e-02   2.8086300e-02
  -7.8912599e-02  -5.9249199e-03
  -6.2002199e-02  -3.4844799e-02
  -3.5209399e-02  -5.4061599e-02
  -3.0764899e-03  -6.0416099e-02
   2.8931499e-02  -5.2717399e-02
   5.5242799e-02  -3.1972299e-02
   7.1032399e-02  -1.2872200e-03
   7.2983099e-02   3.4552099e-02
   5.9836999e-02   6.9765999e-02
   3.2649699e-02   9.8434098e-02
  -5.2989099e-03   1.1539300e-01
  -4.8931999e-02   1.1704300e-01
  -9.2084798e-02   1.0193700e-01
  -1.2839500e-01   7.1069299e-02
  -1.5224300e-01   2.7796600e-02
  -1.5961200e-01  -2.2589300e-02
  -1.4871500e-01  -7.3589099e-02
  -1.2032200e-01  -1.1842000e-01
  -7.7702899e-02  -1.5099800e-01
  -2.6204600e-02  -1.6684600e-01
   2.7488400e-02  -1.6376800e-01
   7.6303299e-02  -1.4221300e-01
   1.1380200e-01  -1.0524600e-01
   1.3512700e-01  -5.8136899e-02
   1.3773000e-01  -7.6148199e-03
   1.2176500e-01   3.9098299e-02
   9.0097198e-02   7.5344399e-02
   4.7900699e-02   9.6014998e-02
   1.9195400e-03   9.8320098e-02
  -4.0518099e-02   8.2224099e-02
  -7.2582899e-02   5.0479899e-02
  -8.8966198e-02   8.2503499e-03
  -8.6690798e-02  -3.7630799e-02
  -6.5585699e-02  -7.9655099e-02
  -2.8353199e-02  -1.1074700e-01
   1.9787500e-02  -1.2532300e-01
   7.1832199e-02  -1.2014200e-01
   1.1999500e-01  -9.4823298e-02
   1.5683800e-01  -5.1952599e-02
   1.7636700e-01   3.2480999e-03
   1.7492000e-01   6.3636399e-02
   1.5173700e-01   1.2115400e-01
   1.0910900e-01   1.6797300e-01
   5.2078299e-02   1.9761900e-01
  -1.2243500e-02   2.0591000e-01
  -7.5677199e-02   1.9156300e-01
  -1.3012600e-01   1.5639700e-01
  -1.6872400e-01   1.0508200e-01
  -1.8680600e-01   4.4481999e-02
  -1.8256700e-01  -1.7317100e-02
  -1.5730800e-01  -7.2159299e-02
  -1.1523800e-01  -1.1297600e-01
  -6.2859299e-02  -1.3478400e-01
  -8.0184698e-03  -1.3538600e-01
   4.1223699e-02  -1.1566400e-01
   7.7755699e-02  -7.9430199e-02
   9.6434498e-02  -3.2852299e-02
   9.4816698e-02   1.6451300e-02
   7.3497399e-02   6.0527899e-02
   3.6008099e-02   9.2247298e-02
  -1.1707500e-02   1.0633500e-01
  -6.2163899e-02   1.0013200e-01
  -1.0742200e-01   7.3980199e-02
  -1.4023800e-01   3.1162899e-02
  -1.5510500e-01  -2.2563800e-02
  -1.4904500e-01  -7.9800098e-02
  -1.2203000e-01  -1.3255900e-01
  -7.6982799e-02  -1.7339900e-01
  -1.9356500e-02  -1.9647700e-01
   4.3637599e-02  -1.9835500e-01
   1.0404900e-01  -1.7847300e-01
   1.5429700e-01  -1.3920400e-01
   1.8821900e-01  -8.5492898e-02
   2.0190100e-01  -2.4144100e-02
   1.9418700e-01   3.7143799e-02
   1.6678700e-01   9.0855398e-02
   1.2398700e-01   1.3069000e-01
   7.1999299e-02   1.5240500e-01
   1.8057200e-02   1.5435300e-01
  -3.0615299e-02   1.3764500e-01
  -6.7811099e-02   1.0592300e-01
  -8.9181498e-02   6.4778199e-02
  -9.2796598e-02   2.0909400e-02
  -7.9351098e-02  -1.8852500e-02
  -5.1995399e-02  -4.8520299e-02
  -1.5822000e-02  -6.3780999e-02
   2.2909900e-02  -6.2571299e-02
   5.7697299e-02  -4.5320399e-02
   8.2729498e-02  -1.4835200e-02
   9.3704298e-02   2.4148600e-02
   8.8413398e-02   6.5677299e-02
   6.7019299e-02   1.0344500e-01
   3.1991999e-02   1.3169000e-01
  -1.2274900e-02   1.4599300e-01
  -6.0109099e-02   1.4387200e-01
  -1.0536500e-01   1.2508800e-01
  -1.4227900e-01   9.1636898e-02
  -1.6624200e-01   4.7431999e-02
  -1.7440000e-01  -2.2721400e-03
  -1.6599100e-01  -5.1619799e-02
  -1.4239100e-01  -9.4956498e-02
  -1.0685700e-01  -1.2757700e-01
  -6.4029899e-02  -1.4632100e-01
  -1.9266000e-02  -1.4993400e-01
   2.2110400e-02  -1.3915800e-01
   5.5516499e-02  -1.1654500e-01
   7.7693198e-02  -8.6032898e-02
   8.7083398e-02  -5.2347399e-02
   8.3960698e-02  -2.0319600e-02
   7.0302899e-02   5.7796499e-03
   4.9435899e-02   2.2802000e-02
   2.5506699e-02   2.9105999e-02
   2.8663999e-03   2.4716999e-02
  -1.4551500e-02   1.1251000e-02
  -2.3768500e-02  -8.3781798e-03
  -2.3146800e-02  -3.0419899e-02
  -1.2574700e-02  -5.0844699e-02
   6.5646999e-03  -6.5920999e-02
   3.1628899e-02  -7.2729299e-02
   5.9114899e-02  -6.9547599e-02
   8.5161898e-02  -5.6061299e-02
   1.0608500e-01  -3.3374399e-02
   1.1886900e-01  -3.8307999e-03
   1.2155200e-01   2.9325099e-02
   1.1346200e-01   6.2395499e-02
   9.5269398e-02   9.1720598e-02
   6.8867099e-02   1.1414900e-01
   3.7089899e-02   1.2742100e-01
   3.3261699e-03   1.3043000e-01
  -2.8928799e-02   1.2331400e-01
  -5.6515899e-02   1.0739200e-01
  -7.6993098e-02   8.4945998e-02
  -8.8909598e-02   5.8891599e-02
  -9.1940198e-02   3.2378199e-02
  -8.6869798e-02   8.3774998e-03
  -7.5435298e-02  -1.0687400e-02
  -6.0051099e-02  -2.3227500e-02
  -4.3458299e-02  -2.8652599e-02
  -2.8345199e-02  -2.7400399e-02
  -1.6988700e-02  -2.0830000e-02
  -1.0962800e-02  -1.0998500e-02
  -1.0947900e-02  -3.5346399e-04
  -1.6664100e-02   8.6178298e-03
  -2.6932299e-02   1.3734700e-02
  -3.9852599e-02   1.3422300e-02
  -5.3075299e-02   6.9252099e-03
  -6.4126299e-02  -5.5894599e-03
  -7.0747298e-02  -2.3051100e-02
  -7.1203798e-02  -4.3623199e-02
  -6.4525799e-02  -6.4939799e-02
  -5.0647199e-02  -8.4411298e-02
  -3.0430399e-02  -9.9559198e-02
  -5.5703099e-03  -1.0833800e-01
   2.1608600e-02  -1.0940400e-01
   4.8436499e-02  -1.0229300e-01
   7.2228398e-02  -8.7493898e-02
   9.0619198e-02  -6.6390999e-02
   1.0185900e-01  -4.1102799e-02
   1.0503400e-01  -1.4219400e-02
   1.0017700e-01   1.1519900e-02
   8.8268598e-02   3.3569799e-02
   7.1099598e-02   4.9899599e-02
   5.1043699e-02   5.9248899e-02
   3.0742899e-02   6.1284399e-02
   1.2759700e-02   5.6635599e-02
  -7.6390198e-04   4.6803499e-02
  -8.3934598e-03   3.3951799e-02
  -9.5969998e-03   2.0606900e-02
  -4.8191599e-03   9.3051098e-03
   4.5772199e-03   2.2335500e-03
   1.6497100e-02   9.1390198e-04
   2.8404299e-02   5.9721399e-03
   3.7679899e-02   1.7028600e-02
   4.2000699e-02   3.2725699e-02
   3.9685999e-02   5.0893799e-02
   2.9963999e-02   6.8835098e-02
   1.3118600e-02   8.3689898e-02
  -9.5071498e-03   9.2837098e-02
  -3.5654899e-02   9.4273398e-02
  -6.2427299e-02   8.6919098e-02
  -8.6661598e-02   7.0805198e-02
  -1.0535100e-01   4.7112599e-02
  -1.1606000e-01   1.8054400e-02
  -1.1726600e-01  -1.3388300e-02
  -1.0859600e-01  -4.3841899e-02
  -9.0902498e-02  -6.9980498e-02
  -6.6177499e-02  -8.8969098e-02
  -3.7307699e-02  -9.8850198e-02
  -7.7024998e-03  -9.8817998e-02
   1.9156700e-02  -8.9338698e-02
   4.0184899e-02  -7.2099698e-02
   5.3114999e-02  -4.9787699e-02
   5.6811299e-02  -2.5727099e-02
   5.1431699e-02  -3.4237999e-03
   3.8410599e-02   1.3921500e-02
   2.0264000e-02   2.3864399e-02
   2.4056099e-04   2.5066599e-02
  -1.8135600e-02   1.7495900e-02
  -3.1566399e-02   2.4437799e-03
  -3.7456099e-02  -1.7643100e-02
  -3.4296099e-02  -3.9497099e-02
  -2.1900899e-02  -5.9484899e-02
  -1.4613300e-03  -7.4121198e-02
   2.4595599e-02  -8.0570298e-02
   5.2923199e-02  -7.7063298e-02
   7.9705398e-02  -6.3173099e-02
   1.0118000e-01  -3.9905299e-02
   1.1416300e-01  -9.5907598e-03
   1.1649900e-01   2.4406799e-02
   1.0737300e-01   5.8130699e-02
   8.7450698e-02   8.7558498e-02
   5.8801099e-02   1.0914300e-01
   2.4641499e-02   1.2029200e-01
  -1.1085600e-02   1.1972500e-01
  -4.4233499e-02   1.0765000e-01
  -7.1002298e-02   8.5734898e-02
  -8.8443598e-02   5.6889499e-02
  -9.4850398e-02   2.4870299e-02
  -8.9976698e-02  -6.2246699e-03
  -7.5058398e-02  -3.2507099e-02
  -5.2633299e-02  -5.0818599e-02
  -2.6183999e-02  -5.9149099e-02
   3.4482799e-04  -5.6894899e-02
   2.3088599e-02  -4.4924899e-02
   3.8790199e-02  -2.5444099e-02
   4.5239399e-02  -1.6763500e-03
   4.1565799e-02   2.2588699e-02
   2.8346799e-02   4.3522899e-02
   7.5158398e-03   5.7786199e-02
  -1.7911900e-02   6.2982998e-02
  -4.4259299e-02   5.7985099e-02
  -6.7692898e-02   4.3079799e-02
  -8.4744498e-02   1.9925200e-02
  -9.2778198e-02  -8.6794598e-03
  -9.0341698e-02  -3.9173799e-02
  -7.7353598e-02  -6.7714698e-02
  -5.5107399e-02  -9.0685998e-02
  -2.6091499e-02  -1.0517200e-01
   6.3448298e-03  -1.0933300e-01
   3.8434899e-02  -1.0262900e-01
   6.6484398e-02  -8.5876498e-02
   8.7342998e-02  -6.1119899e-02
   9.8796798e-02  -3.1352499e-02
   9.9829698e-02  -1.1578500e-04
   9.0725698e-02   2.8960599e-02
   7.3000398e-02   5.2619499e-02
   4.9176699e-02   6.8376798e-02
   2.2437499e-02   7.4812498e-02
  -3.7955599e-03   7.1717198e-02
  -2.6301599e-02   6.0079599e-02
  -4.2460599e-02   4.1922599e-02
  -5.0564299e-02   2.0013000e-02
  -5.0001799e-02  -2.5140999e-03
  -4.1299999e-02  -2.2564299e-02
  -2.6018799e-02  -3.7474399e-02
  -6.5205098e-03  -4.5335899e-02
   1.4354100e-02  -4.5212199e-02
   3.3658899e-02  -3.7227799e-02
   4.8715699e-02  -2.2521499e-02
   5.7442999e-02  -3.0763099e-03
   5.8598899e-02   1.8550100e-02
   5.1914999e-02   3.9556499e-02
   3.8105999e-02   5.7248599e-02
   1.8760400e-02   6.9365798e-02
  -3.8713999e-03   7.4345998e-02
  -2.7160999e-02   7.1498398e-02
  -4.8423699e-02   6.1068498e-02
  -6.5236698e-02   4.4189899e-02
  -7.5718798e-02   2.2733899e-02
  -7.8738498e-02  -9.2288498e-04
  -7.4030698e-02  -2.4183799e-02
  -6.2210198e-02  -4.4534699e-02
  -4.4683999e-02  -5.9830698e-02
  -2.3476499e-02  -6.8533098e-02
  -9.8710698e-04  -6.9872798e-02
   2.0288599e-02  -6.3923498e-02
   3.8043099e-02  -5.1578299e-02
   5.0415299e-02  -3.4433699e-02
   5.6193999e-02  -1.4597900e-02
   5.4945799e-02   5.5571999e-03
   4.7053299e-02   2.3669399e-02
   3.3661199e-02   3.7656399e-02
   1.6537100e-02   4.5951599e-02
  -2.1388499e-03   4.7679899e-02
  -2.0028599e-02   4.2754799e-02
  -3.4909899e-02   3.1884099e-02
  -4.4936299e-02   1.6484600e-02
  -4.8854199e-02  -1.4846000e-03
  -4.6152399e-02  -1.9754099e-02
  -3.7125699e-02  -3.6012899e-02
  -2.2843899e-02  -4.8184899e-02
  -5.0293099e-03  -5.4680299e-02
   1.4145600e-02  -5.4592499e-02
   3.2316999e-02  -4.7815199e-02
   4.7214999e-02  -3.5065499e-02
   5.6943199e-02  -1.7807000e-02
   6.0216398e-02   1.9191600e-03
   5.6528699e-02   2.1736899e-02
   4.6227199e-02   3.9223899e-02
   3.0483799e-02   5.2210499e-02
   1.1161500e-02   5.9054298e-02
  -9.4057598e-03   5.8852498e-02
  -2.8697799e-02   5.1566799e-02
  -4.4320999e-02   3.8041399e-02
  -5.4311099e-02   1.9910499e-02
  -5.7386098e-02  -5.9669598e-04
  -5.3118199e-02  -2.0928699e-02
  -4.1998399e-02  -3.8530699e-02
  -2.5385699e-02  -5.1168399e-02
  -5.3437299e-03  -5.7215998e-02
   1.5615100e-02  -5.5868799e-02
   3.4846099e-02  -4.7254299e-02
   4.9910199e-02  -3.2422699e-02
   5.8888098e-02  -1.3218700e-02
   6.0630098e-02   7.9515798e-03
   5.4907899e-02   2.8428099e-02
   4.2447199e-02   4.5640199e-02
   2.4834799e-02   5.7440398e-02
   4.3138799e-03   6.2383398e-02
  -1.6509700e-02   5.9914798e-02
  -3.5008399e-02   5.0442099e-02
  -4.8878399e-02   3.5278999e-02
  -5.6441898e-02   1.6468900e-02
  -5.6866398e-02  -3.4880799e-03
  -5.0271199e-02  -2.1969099e-02
  -3.7706399e-02  -3.6578899e-02
  -2.1007299e-02  -4.5468399e-02
  -2.5437199e-03  -4.7579499e-02
   1.5101700e-02  -4.2782799e-02
   2.9482899e-02  -3.1889899e-02
   3.8620299e-02  -1.6538400e-02
   4.1265899e-02   1.0339300e-03
   3.7068999e-02   1.8295000e-02
   2.6619299e-02   3.2762699e-02
   1.1363100e-02   4.2340499e-02
  -6.5959998e-03   4.5599499e-02
  -2.4783699e-02   4.1967899e-02
  -4.0689899e-02   3.1804399e-02
  -5.2105899e-02   1.6345000e-02
  -5.7417898e-02  -2.4678599e-03
  -5.5818798e-02  -2.2248799e-02
  -4.7408299e-02  -4.0491199e-02
  -3.3170799e-02  -5.4900298e-02
  -1.4835100e-02  -6.3694798e-02
   5.3639099e-03  -6.5834698e-02
   2.4988499e-02  -6.1147598e-02
   4.1722599e-02  -5.0335399e-02
   5.3675499e-02  -3.4864799e-02
   5.9622298e-02  -1.6756500e-02
   5.9150498e-02   1.6955800e-03
   5.2694299e-02   1.8236799e-02
   4.1453999e-02   3.0951799e-02
   2.7213499e-02   3.8512799e-02
   1.2083000e-02   4.0342199e-02
  -1.7978299e-03   3.6670999e-02
  -1.2553400e-02   2.8484299e-02
  -1.8823999e-02   1.7366100e-02
  -1.9941699e-02   5.2648799e-03
  -1.6008300e-02  -5.7860198e-03
  -7.8654298e-03  -1.3954600e-02
   3.0353399e-03  -1.7863499e-02
   1.4844900e-02  -1.6777300e-02
   2.5579799e-02  -1.0698000e-02
   3.3400699e-02  -3.5944399e-04
   3.6867099e-02   1.2879500e-02
   3.5134999e-02   2.7224899e-02
   2.8071399e-02   4.0694899e-02
   1.6271200e-02   5.1390499e-02
   9.7568397e-04   5.7751098e-02
  -1.6095300e-02   5.8763698e-02
  -3.2973199e-02   5.4095498e-02
  -4.7702199e-02   4.4134699e-02
  -5.8595698e-02   2.9934999e-02
  -6.4454898e-02   1.3071600e-02
  -6.4719698e-02  -4.5694199e-03
  -5.9533498e-02  -2.1042199e-02
  -4.9712999e-02  -3.4595599e-02
  -3.6630099e-02  -4.3899999e-02
  -2.2019599e-02  -4.8214199e-02
  -7.7418798e-03  -4.7472699e-02
   4.4693099e-03  -4.2280499e-02
   1.3239500e-02  -3.3818099e-02
   1.7735099e-02  -2.3669199e-02
   1.7770899e-02  -1.3594500e-02
   1.3827600e-02  -5.2833298e-03
   6.9787398e-03  -1.1402200e-04
  -1.2644900e-03   1.0414700e-03
  -9.1694197e-03  -2.0552999e-03
  -1.5030100e-02  -8.9693897e-03
  -1.7414299e-02  -1.8645299e-02
  -1.5375700e-02  -2.9546799e-02
  -8.6024097e-03  -3.9865199e-02
   2.5195499e-03  -4.7769399e-02
   1.6938000e-02  -5.1664498e-02
   3.3058299e-02  -5.0423499e-02
   4.8944799e-02  -4.3560499e-02
   6.2573598e-02  -3.1321599e-02
   7.2104598e-02  -1.4676900e-02
   7.6135698e-02   4.7839599e-03
   7.3903898e-02   2.5044899e-02
   6.5406198e-02   4.3917999e-02
   5.1420698e-02   5.9328198e-02
   3.3422499e-02   6.9590398e-02
   1.3403800e-02   7.3640498e-02
  -6.3805298e-03   7.1187598e-02
  -2.3709099e-02   6.2765698e-02
  -3.6691999e-02   4.9673599e-02
  -4.4031199e-02   3.3809399e-02
  -4.5204499e-02   1.7418299e-02
  -4.0547899e-02   2.7872799e-03
  -3.1219699e-02  -8.0736498e-03
  -1.9050099e-02  -1.3719700e-02
  -6.2919398e-03  -1.3487300e-02
   4.6948899e-03  -7.6065298e-03
   1.1782800e-02   2.8099499e-03
   1.3393900e-02   1.5903300e-02
   8.7491997e-03   2.9315599e-02
  -1.9872999e-03   4.0515999e-02
  -1.7693599e-02   4.7163799e-02
  -3.6410899e-02   4.7457399e-02
  -5.5587698e-02   4.0419899e-02
  -7.2418398e-02   2.6079199e-02
  -8.4230197e-02   5.5122498e-03
  -8.8867097e-02  -1.9256399e-02
  -8.5015697e-02  -4.5493699e-02
  -7.2425698e-02  -7.0105398e-02
  -5.1988898e-02  -9.0047297e-02
  -2.5663499e-02  -1.0274400e-01
   3.7550599e-03  -1.0645600e-01
   3.2984899e-02  -1.0054500e-01
   5.8688998e-02  -8.5591797e-02
   7.7925798e-02  -6.3351198e-02
   8.8557797e-02  -3.6539099e-02
   8.9559997e-02  -8.4831297e-03
   8.1179298e-02   1.7322199e-02
   6.4922098e-02   3.7694399e-02
   4.3363099e-02   5.0208898e-02
   1.9801099e-02   5.3548998e-02
  -2.1956699e-03   4.7706699e-02
  -1.9292199e-02   3.4002899e-02
  -2.8866899e-02   1.4919900e-02
  -2.9400999e-02  -6.2355398e-03
  -2.0719899e-02  -2.5793999e-02
  -4.0469699e-03  -4.0247599e-02
   1.8139999e-02  -4.6763199e-02
   4.2436299e-02  -4.3611799e-02
   6.4977298e-02  -3.0449399e-02
   8.1983597e-02  -8.4082097e-03
   9.0306397e-02   2.0021399e-02
   8.7897097e-02   5.1304598e-02
   7.4131898e-02   8.1332097e-02
   4.9942298e-02   1.0598200e-01
   1.7728799e-02   1.2169700e-01
  -1.8933699e-02   1.2599400e-01
  -5.5762298e-02   1.1783300e-01
  -8.8339797e-02   9.7792797e-02
  -1.1271800e-01   6.8018598e-02
  -1.2596300e-01   3.1956699e-02
  -1.2657200e-01  -6.1018698e-03
  -1.1468700e-01  -4.1598699e-02
  -9.2090997e-02  -7.0329498e-02
  -6.1966098e-02  -8.9021697e-02
  -2.8460799e-02  -9.5786697e-02
   3.8849999e-03  -9.0380897e-02
   3.0771799e-02  -7.4237198e-02
   4.8741598e-02  -5.0261098e-02
   5.5662598e-02  -2.2417799e-02
   5.1028798e-02   4.8320798e-03
   3.6029199e-02   2.7168599e-02
   1.3377500e-02   4.1031299e-02
  -1.3076600e-02   4.4131499e-02
  -3.8898399e-02   3.5785999e-02
  -5.9705798e-02   1.7022399e-02
  -7.1800498e-02  -9.5580197e-03
  -7.2706198e-02  -4.0143199e-02
  -6.1532998e-02  -7.0245998e-02
  -3.9120099e-02  -9.5338997e-02
  -7.9318597e-03  -1.1149600e-01
   2.8274899e-02  -1.1595300e-01
   6.4967998e-02  -1.0750200e-01
   9.7465797e-02  -8.6673497e-02
   1.2158600e-01  -5.5666198e-02
   1.3422100e-01  -1.8050799e-02
   1.3376800e-01   2.1721899e-02
   1.2033500e-01   5.8932798e-02
   9.5723997e-02   8.9239697e-02
   6.3162498e-02   1.0926600e-01
   2.6847699e-02   1.1704800e-01
  -8.6427097e-03   1.1228500e-01
  -3.8985199e-02   9.6344697e-02
  -6.0700898e-02   7.2047098e-02
  -7.1619198e-02   4.3237599e-02
  -7.1149698e-02   1.4228900e-02
  -6.0326898e-02  -1.0816300e-02
  -4.1624999e-02  -2.8469499e-02
  -1.8571199e-02  -3.6506799e-02
   4.7828698e-03  -3.4199999e-02
   2.4455799e-02  -2.2388499e-02
   3.7109799e-02  -3.3269799e-03
   4.0521999e-02   1.9665999e-02
   3.3889099e-02   4.2706499e-02
   1.7922799e-02   6.1914698e-02
  -5.2723698e-03   7.3975098e-02
  -3.2517199e-02   7.6606497e-02
  -6.0024698e-02   6.8875898e-02
  -8.3944297e-02   5.1316598e-02
  -1.0090600e-01   2.5834799e-02
  -1.0848400e-01  -4.5745998e-03
  -1.0552400e-01  -3.6261199e-02
  -9.2272897e-02  -6.5434698e-02
  -7.0323698e-02  -8.8687997e-02
  -4.2360799e-02  -1.0345400e-01
  -1.1765500e-02  -1.0833300e-01
   1.7865799e-02  -1.0324600e-01
   4.3219299e-02  -8.9399197e-02
   6.1705298e-02  -6.9071298e-02
   7.1782498e-02  -4.5254698e-02
   7.3123698e-02  -2.1211099e-02
   6.6603098e-02  -6.1656898e-06
   5.4114798e-02   1.5910899e-02
   3.8252899e-02   2.5022099e-02
   2.1904699e-02   2.6910399e-02
   7.8195697e-03   2.2263699e-02
  -1.7857499e-03   1.2720200e-02
  -5.5274198e-03   5.8183198e-04
  -3.0221899e-03  -1.1555900e-02
   5.0974598e-03  -2.1202699e-02
   1.7316799e-02  -2.6340599e-02
   3.1495599e-02  -2.5708599e-02
   4.5206698e-02  -1.8964799e-02
   5.6103398e-02  -6.7100498e-03
   6.2260698e-02   9.6276197e-03
   6.2444098e-02   2.8023299e-02
   5.6266298e-02   4.6163598e-02
   4.4217898e-02   6.1783798e-02
   2.7569099e-02   7.2985297e-02
   8.1654497e-03   7.8486697e-02
  -1.1850700e-02   7.7776497e-02
  -3.0347299e-02   7.1148298e-02
  -4.5493198e-02   5.9620798e-02
  -5.5991898e-02   4.4758298e-02
  -6.1225998e-02   2.8423499e-02
  -6.1296298e-02   1.2501500e-02
  -5.6956298e-02  -1.3627700e-03
  -4.9457098e-02  -1.1976300e-02
  -4.0328899e-02  -1.8731399e-02
  -3.1137299e-02  -2.1644499e-02
  -2.3249499e-02  -2.1300899e-02
  -1.7645899e-02  -1.8719299e-02
  -1.4801699e-02  -1.5159499e-02
  -1.4652099e-02  -1.1906900e-02
  -1.6641799e-02  -1.0066800e-02
  -1.9846399e-02  -1.0398300e-02
  -2.3142899e-02  -1.3211300e-02
  -2.5401199e-02  -1.8337799e-02
  -2.5666699e-02  -2.5178299e-02
  -2.3306599e-02  -3.2812099e-02
  -1.8099499e-02  -4.0150099e-02
  -1.0259700e-02  -4.6107198e-02
  -3.9320999e-04  -4.9764498e-02
   1.0601000e-02  -5.0499998e-02
   2.1668999e-02  -4.8068498e-02
   3.1755299e-02  -4.2622498e-02
   3.9948299e-02  -3.4674199e-02
   4.5596498e-02  -2.5007799e-02
   4.8380698e-02  -1.4557799e-02
   4.8333698e-02  -4.2741798e-03
   4.5808498e-02   5.0055698e-03
   4.1402999e-02   1.2659300e-02
   3.5855199e-02   1.8343599e-02
   2.9926799e-02   2.2012599e-02
   2.4293299e-02   2.3891299e-02
   1.9455099e-02   2.4411999e-02
   1.5683399e-02   2.4124799e-02
   1.3004400e-02   2.3598899e-02
   1.1221700e-02   2.3328799e-02
   9.9713296e-03   2.3659699e-02
   8.7976797e-03   2.4741599e-02
   7.2384397e-03   2.6516399e-02
   4.9043698e-03   2.8738399e-02
   1.5431899e-03   3.1021199e-02
  -2.9208099e-03   3.2903799e-02
  -8.3754497e-03   3.3923699e-02
  -1.4536899e-02   3.3686199e-02
  -2.0989599e-02   3.1921899e-02
  -2.7241799e-02   2.8522099e-02
  -3.2788499e-02   2.3553399e-02
  -3.7172799e-02   1.7246999e-02
  -4.0037799e-02   9.9694396e-03
  -4.1162299e-02   2.1781499e-03
  -4.0479799e-02  -5.6300598e-03
  -3.8077299e-02  -1.2971500e-02
  -3.4178299e-02  -1.9422499e-02
  -2.9112599e-02  -2.4655999e-02
  -2.3277399e-02  -2.8465299e-02
  -1.7096199e-02  -3.0773899e-02
  -1.0977100e-02  -3.1631799e-02
  -5.2777498e-03  -3.1200199e-02
  -2.7644699e-04  -2.9727399e-02
   3.8468099e-03  -2.7518199e-02
   7.0195497e-03  -2.4901199e-02
   9.2759997e-03  -2.2193899e-02
   1.0746600e-02  -1.9671699e-02
   1.1638700e-02  -1.7540199e-02
   1.2210400e-02  -1.5914899e-02
   1.2737900e-02  -1.4808799e-02
   1.3481000e-02  -1.4131099e-02
   1.4647499e-02  -1.3696499e-02
   1.6361999e-02  -1.3246700e-02
   1.8641899e-02  -1.2481400e-02
   2.1384399e-02  -1.1098600e-02
   2.4367399e-02  -8.8379597e-03
   2.7266699e-02  -5.5242798e-03
   2.9688199e-02  -1.1043900e-03
   3.1212899e-02   4.3281698e-03
   3.1451999e-02   1.0525300e-02
   3.0102399e-02   1.7096399e-02
   2.6998399e-02   2.3541699e-02
   2.2149599e-02   2.9302799e-02
   1.5759599e-02   3.3827999e-02
   8.2203397e-03   3.6641999e-02
   7.9846697e-05   3.7411899e-02
  -8.0126397e-03   3.6000799e-02
  -1.5380299e-02   3.2497599e-02
  -2.1401199e-02   2.7219999e-02
  -2.5588699e-02   2.0685999e-02
  -2.7658399e-02   1.3557099e-02
  -2.7571099e-02   6.5580398e-03
  -2.5544499e-02   3.8505899e-04
  -2.2029099e-02  -4.3868598e-03
  -1.7651799e-02  -7.3830497e-03
  -1.3131600e-02  -8.4831497e-03
  -9.1801197e-03  -7.8406497e-03
  -6.3992598e-03  -5.8639798e-03
  -5.1922598e-03  -3.1600299e-03
  -5.7006198e-03  -4.4708098e-04
  -7.7776097e-03   1.5512299e-03
  -1.1003600e-02   2.2159899e-03
  -1.4742199e-02   1.1308800e-03
  -1.8230499e-02  -1.8468499e-03
  -2.0690999e-02  -6.5539397e-03
  -2.1448999e-02  -1.2533000e-02
  -2.0039099e-02  -1.9088699e-02
  -1.6283699e-02  -2.5380299e-02
  -1.0331900e-02  -3.0538999e-02
  -2.6512199e-03  -3.3792999e-02
   6.0269098e-03  -3.4581299e-02
   1.4801399e-02  -3.2639999e-02
   2.2722399e-02  -2.8048299e-02
   2.8922099e-02  -2.1225399e-02
   3.2734899e-02  -1.2878500e-02
   3.3791599e-02  -3.9098798e-03
   3.2070899e-02   4.7060198e-03
   2.7902599e-02   1.2055600e-02
   2.1919799e-02   1.7411499e-02
   1.4968399e-02   2.0330799e-02
   7.9857497e-03   2.0712299e-02
   1.8670599e-03   1.8804499e-02
  -2.6610399e-03   1.5161999e-02
  -5.1412298e-03   1.0558800e-02
  -5.4455598e-03   5.8693498e-03
  -3.7862899e-03   1.9372399e-03
  -6.7616297e-04  -5.5060898e-04
   3.1555499e-03  -1.1643100e-03
   6.8782997e-03   2.0823399e-04
   9.6891796e-03   3.3491199e-03
   1.0936100e-02   7.7480797e-03
   1.0216800e-02   1.2683800e-02
   7.4385497e-03   1.7335999e-02
   2.8309099e-03   2.0911599e-02
  -3.0906699e-03   2.2764199e-02
  -9.6037296e-03   2.2491399e-02
  -1.5887799e-02   1.9992999e-02
  -2.1146599e-02   1.5483099e-02
  -2.4724299e-02   9.4555496e-03
  -2.6199099e-02   2.6074999e-03
  -2.5439799e-02  -4.2655998e-03
  -2.2617299e-02  -1.0387300e-02
  -1.8170999e-02  -1.5111999e-02
  -1.2735799e-02  -1.8012999e-02
  -7.0417297e-03  -1.8936799e-02
  -1.8028699e-03  -1.8012299e-02
   2.3878799e-03  -1.5617899e-02
   5.1411798e-03  -1.2312000e-02
   6.3191797e-03  -8.7370497e-03
   6.0424898e-03  -5.5156098e-03
   4.6562298e-03  -3.1531799e-03
   2.6617899e-03  -1.9634699e-03
   6.2639197e-04  -2.0274799e-03
  -9.1461096e-04  -3.1916099e-03
  -1.5466399e-03  -5.1041798e-03
  -1.0418900e-03  -7.2831397e-03
   6.0770498e-04  -9.2032496e-03
   3.1949399e-03  -1.0387700e-02
   6.3376697e-03  -1.0489500e-02
   9.5473996e-03  -9.3486396e-03
   1.2314200e-02  -7.0169597e-03
   1.4193299e-02  -3.7470798e-03
   1.4879399e-02   5.2474798e-05
   1.4256199e-02   3.8872998e-03
   1.2412999e-02   7.2604197e-03
   9.6269096e-03   9.7546696e-03
   6.3138797e-03   1.1100300e-02
   2.9567699e-03   1.1216900e-02
   2.3494299e-05   1.0222500e-02
  -2.1112299e-03   8.4091997e-03
  -3.2272299e-03   6.1895897e-03
  -3.2931499e-03   4.0231898e-03
  -2.4680299e-03   2.3356299e-03
  -1.0702200e-03   1.4443799e-03
   4.8110098e-04   1.5035099e-03
   1.7416899e-03   2.4768599e-03
   2.3223899e-03   4.1441598e-03
   1.9601299e-03   6.1391497e-03
   5.6761898e-04   8.0133197e-03
  -1.7468699e-03   9.3145896e-03
  -4.6930798e-03   9.6677196e-03
  -7.8437997e-03   8.8429696e-03
  -1.0704100e-02   6.8011797e-03
  -1.2793699e-02   3.7076298e-03
  -1.3727999e-02  -8.8307696e-05
  -1.3285799e-02  -4.1044698e-03
  -1.1450900e-02  -7.8004397e-03
  -8.4212396e-03  -1.0663200e-02
  -4.5828898e-03  -1.2289899e-02
  -4.5371198e-04  -1.2454999e-02
   3.3956899e-03  -1.1149000e-02
   6.4305997e-03  -8.5843396e-03
   8.2364197e-03  -5.1654298e-03
   8.5849896e-03  -1.4277199e-03
   7.4722297e-03   2.0443999e-03
   5.1207398e-03   4.7085298e-03
