   5.0000000e+00   5.2995800e-16
   4.8244900e+00   1.2125600e+00
   4.3295900e+00   2.3244800e+00
   3.5599000e+00   3.2485600e+00
   2.5838300e+00   3.9153800e+00
   1.4869500e+00   4.2795700e+00
   3.6383100e-01   4.3238600e+00
  -6.9103000e-01   4.0602800e+00
  -1.5921400e+00   3.5286000e+00
  -2.2709800e+00   2.7920900e+00
  -2.6823200e+00   1.9310300e+00
  -2.8080900e+00   1.0346400e+00
  -2.6587100e+00   1.9220400e-01
  -2.2714400e+00  -5.1568900e-01
  -1.7062700e+00  -1.0249900e+00
  -1.0394800e+00  -1.2943000e+00
  -3.5571200e-01  -1.3087000e+00
   2.6074100e-01  -1.0809000e+00
   7.3456600e-01  -6.4963600e-01
   1.0070800e+00  -7.5423200e-02
   1.0422000e+00   5.6577500e-01
   8.3009200e-01   1.1904700e+00
   3.8821000e-01   1.7162700e+00
  -2.4043900e-01   2.0704200e+00
  -9.9158200e-01   2.1973200e+00
  -1.7861000e+00   2.0644000e+00
  -2.5379600e+00   1.6656400e+00
  -3.1628400e+00   1.0225000e+00
  -3.5866300e+00   1.8208100e-01
  -3.7529600e+00  -7.8720900e-01
  -3.6289700e+00  -1.8021700e+00
  -3.2088600e+00  -2.7727600e+00
  -2.5147400e+00  -3.6107700e+00
  -1.5948000e+00  -4.2383400e+00
  -5.1891600e-01  -4.5954900e+00
   6.2784700e-01  -4.6459400e+00
   1.7531800e+00  -4.3806700e+00
   2.7662100e+00  -3.8188000e+00
   3.5860100e+00  -3.0058200e+00
   4.1491600e+00  -2.0092500e+00
   4.4155500e+00  -9.1223200e-01
   4.3720000e+00   1.9435900e-01
   4.0331900e+00   1.2205100e+00
   3.4399800e+00   2.0855100e+00
   2.6551600e+00   2.7254300e+00
   1.7571700e+00   3.0989300e+00
   8.3235100e-01   3.1908300e+00
  -3.3519200e-02   3.0130700e+00
  -7.6351700e-01   2.6030500e+00
  -1.2969300e+00   2.0195100e+00
  -1.5949300e+00   1.3363400e+00
  -1.6440500e+00   6.3491200e-01
  -1.4571300e+00  -4.1433200e-03
  -1.0715900e+00  -5.0912700e-01
  -5.4532000e-01  -8.2444400e-01
   4.9469200e-02  -9.1613200e-01
   6.3378900e-01  -7.7519200e-01
   1.1300700e+00  -4.1840100e-01
   1.4701700e+00   1.1347300e-01
   1.6024700e+00   7.5985900e-01
   1.4972100e+00   1.4465500e+00
   1.1497500e+00   2.0932800e+00
   5.8122100e-01   2.6218300e+00
  -1.6332500e-01   2.9640800e+00
  -1.0192000e+00   3.0689300e+00
  -1.9083100e+00   2.9077300e+00
  -2.7467600e+00   2.4773100e+00
  -3.4529900e+00   1.8007200e+00
  -3.9558500e+00   9.2520800e-01
  -4.2015200e+00  -8.2018700e-02
  -4.1589100e+00  -1.1400900e+00
  -3.8227900e+00  -2.1620800e+00
  -3.2144400e+00  -3.0632000e+00
  -2.3797300e+00  -3.7687900e+00
  -1.3848800e+00  -4.2213900e+00
  -3.1020500e-01  -4.3860600e+00
   7.5741900e-01  -4.2535800e+00
   1.7327200e+00  -3.8411700e+00
   2.5399900e+00  -3.1906600e+00
   3.1200800e+00  -2.3642700e+00
   3.4357800e+00  -1.4385700e+00
   3.4749500e+00  -4.9693900e-01
   3.2513300e+00   3.7838500e-01
   2.8027700e+00   1.1142100e+00
   2.1870700e+00   1.6532500e+00
   1.4760700e+00   1.9594100e+00
   7.4828100e-01   2.0209400e+00
   8.1020900e-02   1.8511000e+00
  -4.5729000e-01   1.4864500e+00
  -8.1386900e-01   9.8277000e-01
  -9.5670100e-01   4.0912000e-01
  -8.7755500e-01  -1.5934900e-01
  -5.9260600e-01  -6.4918500e-01
  -1.4060500e-01  -9.9618700e-01
   4.2120900e-01  -1.1520100e+00
   1.0230500e+00  -1.0891700e+00
   1.5897500e+00  -8.0390500e-01
   2.0485300e+00  -3.1669800e-01
   2.3364400e+00   3.2965000e-01
   2.4069200e+00   1.0741900e+00
   2.2346700e+00   1.8437900e+00
   1.8185200e+00   2.5604000e+00
   1.1817600e+00   3.1487300e+00
   3.7024200e-01   3.5437700e+00
  -5.5189000e-01   3.6973100e+00
  -1.5082200e+00   3.5828200e+00
  -2.4172900e+00   3.1982500e+00
  -3.2003900e+00   2.5664200e+00
  -3.7890400e+00   1.7330800e+00
  -4.1315500e+00   7.6267500e-01
  -4.1978800e+00  -2.6768400e-01
  -3.9825700e+00  -1.2754200e+00
  -3.5050900e+00  -2.1802200e+00
  -2.8079900e+00  -2.9115900e+00
  -1.9527600e+00  -3.4152800e+00
  -1.0138300e+00  -3.6582900e+00
  -7.1542200e-02  -3.6317200e+00
   7.9558900e-01  -3.3512300e+00
   1.5182300e+00  -2.8552300e+00
   2.0427200e+00  -2.2008200e+00
   2.3358800e+00  -1.4579900e+00
   2.3879300e+00  -7.0259300e-01
   2.2129000e+00  -8.8579500e-03
   1.8468900e+00   5.5790500e-01
   1.3440200e+00   9.4761200e-01
   7.7073900e-01   1.1301600e+00
   1.9893200e-01   1.0981600e+00
  -3.0149300e-01   8.6737800e-01
  -6.6971100e-01   4.7486200e-01
  -8.6016900e-01  -2.5041000e-02
  -8.4720200e-01  -5.6639600e-01
  -6.2763200e-01  -1.0785300e+00
  -2.2111400e-01  -1.4933400e+00
   3.3182900e-01  -1.7523300e+00
   9.7385200e-01  -1.8127000e+00
   1.6365300e+00  -1.6518800e+00
   2.2472300e+00  -1.2699900e+00
   2.7363900e+00  -6.9011200e-01
   3.0445700e+00   4.3723200e-02
   3.1285000e+00   8.7068400e-01
   2.9655300e+00   1.7189100e+00
   2.5561400e+00   2.5124100e+00
   1.9241200e+00   3.1784000e+00
   1.1145600e+00   3.6543200e+00
   1.8967900e-01   3.8939300e+00
  -7.7694700e-01   3.8718000e+00
  -1.7072900e+00   3.5857600e+00
  -2.5261900e+00   3.0572200e+00
  -3.1684100e+00   2.3291200e+00
  -3.5846900e+00   1.4618400e+00
  -3.7462800e+00   5.2750400e-01
  -3.6474600e+00  -3.9688700e-01
  -3.3058600e+00  -1.2367000e+00
  -2.7605000e+00  -1.9266700e+00
  -2.0678100e+00  -2.4169100e+00
  -1.2960000e+00  -2.6774000e+00
  -5.1834500e-01  -2.7005500e+00
   1.9396000e-01  -2.5014500e+00
   7.7867000e-01  -2.1160800e+00
   1.1884100e+00  -1.5972900e+00
   1.3950800e+00  -1.0093400e+00
   1.3922800e+00  -4.2128300e-01
   1.1956500e+00   1.0007700e-01
   8.4089900e-01   4.9688000e-01
   3.7995200e-01   7.2600700e-01
  -1.2455500e-01   7.6335400e-01
  -6.0580400e-01   6.0617100e-01
  -9.9971500e-01   2.7325100e-01
  -1.2515700e+00  -1.9704500e-01
  -1.3217000e+00  -7.5072900e-01
  -1.1896200e+00  -1.3236900e+00
  -8.5627500e-01  -1.8482100e+00
  -3.4414700e-01  -2.2598900e+00
   3.0482100e-01  -2.5041800e+00
   1.0332200e+00  -2.5420700e+00
   1.7737100e+00  -2.3541300e+00
   2.4556300e+00  -1.9427200e+00
   3.0118200e+00  -1.3320500e+00
   3.3853100e+00  -5.6603900e-01
   3.5348900e+00   2.9567100e-01
   3.4392100e+00   1.1833200e+00
   3.0990100e+00   2.0236000e+00
   2.5371600e+00   2.7465600e+00
   1.7965500e+00   3.2922500e+00
   9.3615900e-01   3.6163000e+00
   2.5434800e-02   3.6941300e+00
  -8.6218100e-01   3.5231100e+00
  -1.6561600e+00   3.1227000e+00
  -2.2954800e+00   2.5324500e+00
  -2.7341800e+00   1.8080300e+00
  -2.9455900e+00   1.0158200e+00
  -2.9244700e+00   2.2647600e-01
  -2.6872100e+00  -4.9189000e-01
  -2.2698700e+00  -1.0801600e+00
  -1.7243500e+00  -1.4937800e+00
  -1.1130000e+00  -1.7067900e+00
  -5.0233300e-01  -1.7140200e+00
   4.3628600e-02  -1.5312500e+00
   4.6973200e-01  -1.1932600e+00
   7.3509400e-01  -7.4998900e-01
   8.1704800e-01  -2.6130400e-01
   7.1324900e-01   2.0927100e-01
   4.4173000e-01   6.0109700e-01
   3.8905800e-02   8.6266000e-01
  -4.4424500e-01   9.5686600e-01
  -9.4746700e-01   8.6487300e-01
  -1.4074300e+00   5.8808700e-01
  -1.7642300e+00   1.4811800e-01
  -1.9676000e+00  -4.1528000e-01
  -1.9820900e+00  -1.0481000e+00
  -1.7908600e+00  -1.6873900e+00
  -1.3975700e+00  -2.2674800e+00
  -8.2633200e-01  -2.7265300e+00
  -1.1951900e-01  -3.0126500e+00
   6.6611100e-01  -3.0891500e+00
   1.4647900e+00  -2.9382700e+00
   2.2079700e+00  -2.5631100e+00
   2.8309000e+00  -1.9874900e+00
   3.2787700e+00  -1.2538700e+00
   3.5119600e+00  -4.1938700e-01
   3.5098300e+00   4.4944700e-01
   3.2726100e+00   1.2830000e+00
   2.8213800e+00   2.0150400e+00
   2.1960000e+00   2.5888800e+00
   1.4512100e+00   2.9626800e+00
   6.5142100e-01   3.1131200e+00
  -1.3549400e-01   3.0374700e+00
  -8.4461600e-01   2.7535100e+00
  -1.4200900e+00   2.2975500e+00
  -1.8203200e+00   1.7206400e+00
  -2.0216700e+00   1.0834200e+00
  -2.0204400e+00   4.5005400e-01
  -1.8328700e+00  -1.1807800e-01
  -1.4931000e+00  -5.6839700e-01
  -1.0495400e+00  -8.6217500e-01
  -5.5969900e-01  -9.7818500e-01
  -8.4304200e-02  -9.1457700e-01
   3.1897400e-01  -6.8880900e-01
   6.0136400e-01  -3.3565100e-01
   7.2795100e-01   9.6535700e-02
   6.8120400e-01   5.5086200e-01
   4.6275100e-01   9.6781200e-01
   9.3226500e-02   1.2914000e+00
  -3.8979500e-01   1.4749800e+00
  -9.3556200e-01   1.4860700e+00
  -1.4852400e+00   1.3098200e+00
  -1.9778000e+00   9.5073000e-01
  -2.3562100e+00   4.3236700e-01
  -2.5731700e+00  -2.0472300e-01
  -2.5959300e+00  -9.0684300e-01
  -2.4097600e+00  -1.6122700e+00
  -2.0195800e+00  -2.2572000e+00
  -1.4496800e+00  -2.7818900e+00
  -7.4163100e-01  -3.1364700e+00
   4.9582100e-02  -3.2857700e+00
   8.6067900e-01  -3.2127800e+00
   1.6260200e+00  -2.9202700e+00
   2.2837900e+00  -2.4306400e+00
   2.7817400e+00  -1.7837500e+00
   3.0820900e+00  -1.0331800e+00
   3.1649800e+00  -2.4111700e-01
   3.0301300e+00   5.2750700e-01
   2.6967200e+00   1.2111400e+00
   2.2013300e+00   1.7573500e+00
   1.5942300e+00   2.1276400e+00
   9.3437300e-01   2.3009000e+00
   2.8364100e-01   2.2751000e+00
  -2.9919200e-01   2.0671600e+00
  -7.6409700e-01   1.7109300e+00
  -1.0745300e+00   1.2535500e+00
  -1.2108000e+00   7.5058900e-01
  -1.1717000e+00   2.6029700e-01
  -9.7436600e-01  -1.6224600e-01
  -6.5225700e-01  -4.7068700e-01
  -2.5153200e-01  -6.3201300e-01
   1.7380400e-01  -6.2980600e-01
   5.6751900e-01  -4.6581900e-01
   8.7697800e-01  -1.5971900e-01
   1.0585800e+00   2.5297100e-01
   1.0822900e+00   7.2451300e-01
   9.3480000e-01   1.1998300e+00
   6.2099200e-01   1.6221000e+00
   1.6363500e-01   1.9385700e+00
  -3.9875200e-01   2.1059700e+00
  -1.0155900e+00   2.0949400e+00
  -1.6291600e+00   1.8931900e+00
  -2.1802000e+00   1.5069200e+00
  -2.6137600e+00   9.6046500e-01
  -2.8845700e+00   2.9410800e-01
  -2.9615400e+00  -4.3961800e-01
  -2.8308800e+00  -1.1808600e+00
  -2.4975300e+00  -1.8681000e+00
  -1.9848000e+00  -2.4439600e+00
  -1.3322500e+00  -2.8606100e+00
  -5.9196000e-01  -3.0843100e+00
   1.7631600e-01  -3.0984800e+00
   9.1080900e-01  -2.9052600e+00
   1.5535000e+00  -2.5251200e+00
   2.0555200e+00  -1.9948200e+00
   2.3816300e+00  -1.3637500e+00
   2.5133600e+00  -6.8917100e-01
   2.4505200e+00  -3.0611900e-02
   2.2108800e+00   5.5579300e-01
   1.8281900e+00   1.0226400e+00
   1.3486000e+00   1.3356600e+00
   8.2592200e-01   1.4768200e+00
   3.1623100e-01   1.4458000e+00
  -1.2776500e-01   1.2596600e+00
  -4.6192200e-01   9.5088200e-01
  -6.5498100e-01   5.6381600e-01
  -6.9155900e-01   1.5003000e-01
  -5.7354500e-01  -2.3704900e-01
  -3.1974900e-01  -5.4764400e-01
   3.6141500e-02  -7.4074400e-01
   4.4908600e-01  -7.8831200e-01
   8.6735600e-01  -6.7819000e-01
   1.2378600e+00  -4.1540000e-01
   1.5116000e+00  -2.1717100e-02
   1.6487500e+00   4.6643000e-01
   1.6228000e+00   1.0015300e+00
   1.4233600e+00   1.5297000e+00
   1.0574700e+00   1.9959800e+00
   5.4905300e-01   2.3498300e+00
  -6.3173000e-02   2.5502100e+00
  -7.2935200e-01   2.5696600e+00
  -1.3931800e+00   2.3971600e+00
  -1.9972700e+00   2.0393600e+00
  -2.4886500e+00   1.5201000e+00
  -2.8237900e+00   8.7826800e-01
  -2.9727900e+00   1.6416500e-01
  -2.9222300e+00  -5.6516100e-01
  -2.6764200e+00  -1.2512800e+00
  -2.2569200e+00  -1.8398500e+00
  -1.7005200e+00  -2.2856700e+00
  -1.0556100e+00  -2.5568300e+00
  -3.7756500e-01  -2.6376000e+00
   2.7652100e-01  -2.5296800e+00
   8.5326700e-01  -2.2518200e+00
   1.3080000e+00  -1.8377600e+00
   1.6088700e+00  -1.3327700e+00
   1.7396900e+00  -7.8908000e-01
   1.7011800e+00  -2.6071000e-01
   1.5106100e+00   2.0187400e-01
   1.1997800e+00   5.5664700e-01
   8.1158000e-01   7.7405600e-01
   3.9552600e-01   8.3977700e-01
   2.6349100e-03   7.5593100e-01
  -3.1978200e-01   5.4065600e-01
  -5.3292600e-01   2.2607500e-01
  -6.1044100e-01  -1.4511300e-01
  -5.4107400e-01  -5.2410300e-01
  -3.2980600e-01  -8.6103800e-01
   2.6394900e-03  -1.1101700e+00
   4.2188200e-01  -1.2346000e+00
   8.8333300e-01  -1.2101200e+00
   1.3366700e+00  -1.0278100e+00
   1.7309100e+00  -6.9512500e-01
   2.0195400e+00  -2.3528600e-01
   2.1652400e+00   3.1480600e-01
   2.1437200e+00   9.0808400e-01
   1.9462600e+00   1.4918100e+00
   1.5807900e+00   2.0126800e+00
   1.0712700e+00   2.4219500e+00
   4.5553400e-01   2.6801900e+00
  -2.1814700e-01   2.7611000e+00
  -8.9563800e-01   2.6541300e+00
  -1.5220000e+00   2.3654800e+00
  -2.0466500e+00   1.9175800e+00
  -2.4280900e+00   1.3469600e+00
  -2.6377800e+00   7.0078500e-01
  -2.6626900e+00   3.2413200e-02
  -2.5064300e+00  -6.0367900e-01
  -2.1887200e+00  -1.1570000e+00
  -1.7433100e+00  -1.5857400e+00
  -1.2146200e+00  -1.8606000e+00
  -6.5335100e-01  -1.9673700e+00
  -1.1147900e-01  -1.9080400e+00
   3.6273300e-01  -1.7002700e+00
   7.2937400e-01  -1.3754300e+00
   9.6063700e-01  -9.7524000e-01
   1.0433500e+00  -5.4744200e-01
   9.8001600e-01  -1.4095300e-01
   7.8833200e-01   1.9908700e-01
   4.9915500e-01   4.3583200e-01
   1.5320400e-01   5.4439400e-01
  -2.0322200e-01   5.1428100e-01
  -5.2304700e-01   3.5037900e-01
  -7.6329000e-01   7.2393100e-02
  -8.8951300e-01  -2.8720800e-01
  -8.7939000e-01  -6.8652000e-01
  -7.2507800e-01  -1.0784800e+00
  -4.3412000e-01  -1.4156700e+00
  -2.8820500e-02  -1.6551400e+00
   4.5585600e-01  -1.7628500e+00
   9.7565700e-01  -1.7171700e+00
   1.4813400e+00  -1.5112300e+00
   1.9235100e+00  -1.1537800e+00
   2.2574300e+00  -6.6851700e-01
   2.4474700e+00  -9.1976300e-02
   2.4706200e+00   5.2987700e-01
   2.3188400e+00   1.1459600e+00
   1.9998900e+00   1.7049000e+00
   1.5367400e+00   2.1598900e+00
   9.6540900e-01   2.4731100e+00
   3.3159700e-01   2.6193100e+00
  -3.1358300e-01   2.5880900e+00
  -9.1842500e-01   2.3848600e+00
  -1.4354600e+00   2.0302200e+00
  -1.8258700e+00   1.5578800e+00
  -2.0630000e+00   1.0113400e+00
  -2.1347700e+00   4.3969700e-01
  -2.0445100e+00  -1.0712100e-01
  -1.8104800e+00  -5.8311200e-01
  -1.4637800e+00  -9.5054400e-01
  -1.0451200e+00  -1.1834500e+00
  -6.0070300e-01  -1.2699300e+00
  -1.7754700e-01  -1.2130800e+00
   1.8119200e-01  -1.0303700e+00
   4.4046500e-01  -7.5169200e-01
   5.7674300e-01  -4.1612400e-01
   5.8025100e-01  -6.7843700e-02
   4.5581400e-01   2.4845200e-01
   2.2223600e-01   4.9214700e-01
  -8.9719800e-02   6.3087100e-01
  -4.4054800e-01   6.4383300e-01
  -7.8608300e-01   5.2396500e-01
  -1.0820500e+00   2.7870300e-01
  -1.2886200e+00  -7.0698400e-02
  -1.3745300e+00  -4.9123500e-01
  -1.3203800e+00  -9.4140000e-01
  -1.1206800e+00  -1.3752900e+00
  -7.8463100e-01  -1.7471600e+00
  -3.3536500e-01  -2.0159900e+00
   1.9215700e-01  -2.1495800e+00
   7.5441200e-01  -2.1278300e+00
   1.3034500e+00  -1.9448300e+00
   1.7914700e+00  -1.6095600e+00
   2.1753800e+00  -1.1451700e+00
   2.4209200e+00  -5.8686400e-01
   2.5059600e+00   2.1347900e-02
   2.4225900e+00   6.3079300e-01
   2.1778400e+00   1.1926900e+00
   1.7930400e+00   1.6626900e+00
   1.3016700e+00   2.0050500e+00
   7.4622100e-01   2.1958500e+00
   1.7406800e-01   2.2251500e+00
  -3.6701600e-01   2.0977500e+00
  -8.3338300e-01   1.8325200e+00
  -1.1895800e+00   1.4604000e+00
  -1.4115900e+00   1.0212400e+00
  -1.4889500e+00   5.5977100e-01
  -1.4255000e+00   1.2123100e-01
  -1.2387300e+00  -2.5311100e-01
  -9.5782700e-01  -5.2993700e-01
  -6.2051800e-01  -6.8705700e-01
  -2.6918000e-01  -7.1544800e-01
   5.3534900e-02  -6.1997700e-01
   3.0904800e-01  -4.1872400e-01
   4.6676400e-01  -1.4099000e-01
   5.0716400e-01   1.7579900e-01
   4.2377100e-01   4.9000100e-01
   2.2379400e-01   7.6007000e-01
  -7.2590100e-02   9.4885400e-01
  -4.3427500e-01   1.0274500e+00
  -8.2234600e-01   9.7822100e-01
  -1.1940000e+00   7.9672200e-01
  -1.5068400e+00   4.9227000e-01
  -1.7232000e+00   8.7174400e-02
  -1.8139200e+00  -3.8533100e-01
  -1.7614000e+00  -8.8425000e-01
  -1.5614700e+00  -1.3647600e+00
  -1.2239500e+00  -1.7825500e+00
  -7.7182900e-01  -2.0980800e+00
  -2.3925100e-01  -2.2804900e+00
   3.3171500e-01  -2.3105400e+00
   8.9498600e-01  -2.1825500e+00
   1.4048100e+00  -1.9049700e+00
   1.8200300e+00  -1.4995900e+00
   2.1080000e+00  -9.9950500e-01
   2.2475100e+00  -4.4598900e-01
   2.2307900e+00   1.1544100e-01
   2.0640800e+00   6.3930000e-01
   1.7668700e+00   1.0844000e+00
   1.3699400e+00   1.4176900e+00
   9.1228800e-01   1.6172200e+00
   4.3723100e-01   1.6740800e+00
  -1.1763200e-02   1.5930300e+00
  -3.9529600e-01   1.3917600e+00
  -6.8178800e-01   1.0989400e+00
  -8.5043200e-01   7.5119800e-01
  -8.9305400e-01   3.8936100e-01
  -8.1470500e-01   5.4280400e-02
  -6.3294600e-01  -2.1726500e-01
  -3.7588500e-01  -3.9624800e-01
  -7.9183100e-02  -4.6426300e-01
   2.1768100e-01  -4.1531900e-01
   4.7550500e-01  -2.5638000e-01
   6.5941400e-01  -6.5931700e-03
   7.4246900e-01   3.0469200e-01
   7.0846700e-01   6.4093800e-01
   5.5367100e-01   9.6214600e-01
   2.8728300e-01   1.2289400e+00
  -6.9370300e-02   1.4065900e+00
  -4.8486800e-01   1.4686000e+00
  -9.2073400e-01   1.3994500e+00
  -1.3351900e+00   1.1963100e+00
  -1.6872500e+00   8.6948200e-01
  -1.9407400e+00   4.4153000e-01
  -2.0679000e+00  -5.4741400e-02
  -2.0521200e+00  -5.7935900e-01
  -1.8896500e+00  -1.0889500e+00
  -1.5900700e+00  -1.5408200e+00
  -1.1754000e+00  -1.8970300e+00
  -6.7810100e-01  -2.1279600e+00
  -1.3802400e-01  -2.2150800e+00
   4.0132900e-01  -2.1526900e+00
   8.9689400e-01  -1.9483600e+00
   1.3100600e+00  -1.6221700e+00
   1.6102600e+00  -1.2046700e+00
   1.7777000e+00  -7.3392300e-01
   1.8051500e+00  -2.5181000e-01
   1.6983700e+00   2.0001200e-01
   1.4753800e+00   5.8406000e-01
   1.1645000e+00   8.7055600e-01
   8.0141900e-01   1.0401600e+00
   4.2555800e-01   1.0856700e+00
   7.6145700e-02   1.0124900e+00
  -2.1169000e-01   8.3786900e-01
  -4.1036900e-01   5.8897900e-01
  -5.0252600e-01   3.0001000e-01
  -4.8264000e-01   8.6011800e-03
  -3.5747100e-01  -2.4804800e-01
  -1.4526300e-01  -4.3700400e-01
   1.2620300e-01  -5.3297400e-01
   4.2250400e-01  -5.2090600e-01
   7.0613300e-01  -3.9755000e-01
   9.4036100e-01  -1.7183300e-01
   1.0930300e+00   1.3598400e-01
   1.1398600e+00   4.9629000e-01
   1.0670700e+00   8.7304700e-01
   8.7279400e-01   1.2273600e+00
   5.6750700e-01   1.5213500e+00
   1.7309100e-01   1.7219300e+00
  -2.7916100e-01   1.8041300e+00
  -7.5149500e-01   1.7536500e+00
  -1.2032800e+00   1.5683800e+00
  -1.5948900e+00   1.2586600e+00
  -1.8915100e+00   8.4650400e-01
  -2.0664500e+00   3.6348100e-01
  -2.1037200e+00  -1.5215700e-01
  -1.9995200e+00  -6.5908800e-01
  -1.7626600e+00  -1.1167800e+00
  -1.4136100e+00  -1.4892800e+00
  -9.8258500e-01  -1.7485700e+00
  -5.0662500e-01  -1.8770700e+00
  -2.6051900e-02  -1.8692600e+00
   4.1935800e-01  -1.7319600e+00
   7.9412100e-01  -1.4835900e+00
   1.0703500e+00  -1.1521900e+00
   1.2302800e+00  -7.7257200e-01
   1.2678000e+00  -3.8287600e-01
   1.1888300e+00  -2.0781400e-02
   1.0105100e+00   2.8016600e-01
   7.5929200e-01   4.9379000e-01
   4.6815200e-01   6.0376000e-01
   1.7316000e-01   6.0507200e-01
  -9.0214300e-02   5.0438800e-01
  -2.9071200e-01   3.1920900e-01
  -4.0444700e-01   7.5973200e-02
  -4.1731700e-01  -1.9273300e-01
  -3.2641600e-01  -4.5156700e-01
  -1.4032100e-01  -6.6609400e-01
   1.2177500e-01  -8.0634500e-01
   4.3199800e-01  -8.4993100e-01
   7.5659600e-01  -7.8439900e-01
   1.0593400e+00  -6.0859100e-01
   1.3051900e+00  -3.3288700e-01
   1.4638200e+00   2.1709300e-02
   1.5127300e+00   4.2553100e-01
   1.4395900e+00   8.4308500e-01
   1.2435400e+00   1.2364700e+00
   9.3545800e-01   1.5690200e+00
   5.3702100e-01   1.8089300e+00
   7.8714300e-02   1.9322500e+00
  -4.0299600e-01   1.9253400e+00
  -8.6908100e-01   1.7861200e+00
  -1.2816200e+00   1.5243900e+00
  -1.6073800e+00   1.1608600e+00
  -1.8208600e+00   7.2522500e-01
  -1.9067400e+00   2.5335900e-01
  -1.8611500e+00  -2.1609300e-01
  -1.6920000e+00  -6.4534600e-01
  -1.4180800e+00  -1.0010100e+00
  -1.0671500e+00  -1.2571800e+00
  -6.7319000e-01  -1.3977700e+00
  -2.7305700e-01  -1.4178800e+00
   9.7097900e-02  -1.3240700e+00
   4.0530500e-01  -1.1335300e+00
   6.2681000e-01  -8.7217400e-01
   7.4636600e-01  -5.7195700e-01
   7.5957600e-01  -2.6758600e-01
   6.7313800e-01   6.9920800e-03
   5.0399800e-01   2.2200300e-01
   2.7748500e-01   3.5480600e-01
   2.4625200e-02   3.9212800e-01
  -2.2109700e-01   3.3134100e-01
  -4.2721100e-01   1.8066900e-01
  -5.6560800e-01  -4.1695200e-02
  -6.1545700e-01  -3.0948000e-01
  -5.6537000e-01  -5.9102100e-01
  -4.1463000e-01  -8.5250200e-01
  -1.7334500e-01  -1.0614100e+00
   1.3847700e-01  -1.1898400e+00
   4.9284400e-01  -1.2174400e+00
   8.5650100e-01  -1.1334600e+00
   1.1941800e+00  -9.3803800e-01
   1.4720500e+00  -6.4225300e-01
   1.6610700e+00  -2.6722300e-01
   1.7398700e+00   1.5784900e-01
   1.6968500e+00   5.9840700e-01
   1.5314500e+00   1.0178000e+00
   1.2541900e+00   1.3807400e+00
   8.8582500e-01   1.6566800e+00
   4.5533500e-01   1.8226600e+00
  -2.7401900e-03   1.8654600e+00
  -4.5156000e-01   1.7828600e+00
  -8.5543900e-01   1.5837600e+00
  -1.1831700e+00   1.2872600e+00
  -1.4109100e+00   9.2078300e-01
  -1.5243100e+00   5.1742800e-01
  -1.5197900e+00   1.1273000e-01
  -1.4046300e+00  -2.5872400e-01
  -1.1961700e+00  -5.6658200e-01
  -9.1991700e-01  -7.8756900e-01
  -6.0694000e-01  -9.0760300e-01
  -2.9071900e-01  -9.2300500e-01
  -3.8081900e-03  -8.4065900e-01
   2.2538300e-01  -6.7714100e-01
   3.7537300e-01  -4.5689500e-01
   4.3366700e-01  -2.0963800e-01
   3.9791700e-01   3.2728900e-02
   2.7605200e-01   2.3941300e-01
   8.5379000e-02   3.8389300e-01
  -1.4925200e-01   4.4663100e-01
  -3.9803300e-01   4.1708400e-01
  -6.2927700e-01   2.9480100e-01
  -8.1268400e-01   8.9506100e-02
  -9.2246700e-01  -1.7984000e-01
  -9.4003500e-01  -4.8689900e-01
  -8.5595500e-01  -8.0056500e-01
  -6.7101600e-01  -1.0880500e+00
  -3.9627700e-01  -1.3181500e+00
  -5.2100700e-02  -1.4643800e+00
   3.3373600e-01  -1.5076300e+00
   7.2866500e-01  -1.4381200e+00
   1.0984300e+00  -1.2564800e+00
   1.4103700e+00  -9.7375400e-01
   1.6365300e+00  -6.1046600e-01
   1.7563700e+00  -1.9471000e-01
   1.7587000e+00   2.4046200e-01
   1.6428000e+00   6.6014100e-01
   1.4184000e+00   1.0308300e+00
   1.1048200e+00   1.3235600e+00
   7.2905600e-01   1.5166000e+00
   3.2320400e-01   1.5973900e+00
  -7.8589400e-02   1.5636800e+00
  -4.4337300e-01   1.4235300e+00
  -7.4248500e-01   1.1944800e+00
  -9.5420400e-01   9.0169900e-01
  -1.0657100e+00   5.7542100e-01
  -1.0741600e+00   2.4797800e-01
  -9.8675000e-01  -4.9398900e-02
  -8.1986800e-01  -2.8961900e-01
  -5.9725800e-01  -4.5232900e-01
  -3.4754600e-01  -5.2582500e-01
  -1.0127700e-01  -5.0809100e-01
   1.1221000e-01  -4.0685900e-01
   2.6775800e-01  -2.3870400e-01
   3.4693700e-01  -2.7254800e-02
   3.3989400e-01   1.9929100e-01
   2.4633700e-01   4.1109500e-01
   7.5558400e-02   5.7977200e-01
  -1.5450800e-01   6.8132600e-01
  -4.1909800e-01   6.9864200e-01
  -6.8911100e-01   6.2330200e-01
  -9.3404600e-01   4.5651700e-01
  -1.1250800e+00   2.0911600e-01
  -1.2380100e+00  -9.9433900e-02
  -1.2556900e+00  -4.4286400e-01
  -1.1698900e+00  -7.9061600e-01
  -9.8213600e-01  -1.1108000e+00
  -7.0374800e-01  -1.3732600e+00
  -3.5481100e-01  -1.5525500e+00
   3.7654100e-02  -1.6303800e+00
   4.4221800e-01  -1.5974300e+00
   8.2599100e-01  -1.4542600e+00
   1.1577200e+00  -1.2113200e+00
   1.4107000e+00  -8.8794800e-01
   1.5653200e+00  -5.1057500e-01
   1.6108000e+00  -1.1019500e-01
   1.5461900e+00   2.8054500e-01
   1.3803400e+00   6.3041600e-01
   1.1309800e+00   9.1252600e-01
   8.2291700e-01   1.1067900e+00
   4.8559000e-01   1.2017300e+00
   1.5018700e-01   1.1954400e+00
  -1.5337700e-01   1.0955500e+00
  -3.9933000e-01   9.1838000e-01
  -5.6847100e-01   6.8713700e-01
  -6.4993700e-01   4.2951600e-01
  -6.4212900e-01   1.7487800e-01
  -5.5271000e-01  -4.8724700e-02
  -3.9768800e-01  -2.1735000e-01
  -1.9967500e-01  -3.1354600e-01
   1.4500200e-02  -3.2806300e-01
   2.1658600e-01  -2.6073000e-01
   3.7983600e-01  -1.2042200e-01
   4.8176300e-01   7.5885800e-02
   5.0647500e-01   3.0487000e-01
   4.4633000e-01   5.3925500e-01
   3.0277300e-01   7.5059600e-01
   8.6258200e-02   9.1219000e-01
  -1.8472500e-01   1.0018200e+00
  -4.8543600e-01   1.0040400e+00
  -7.8729300e-01   9.1182900e-01
  -1.0606700e+00   7.2740400e-01
  -1.2778000e+00   4.6209600e-01
  -1.4155600e+00   1.3536700e-01
  -1.4577000e+00  -2.2698300e-01
  -1.3965500e+00  -5.9524200e-01
  -1.2337700e+00  -9.3859399e-01
  -9.8031499e-01  -1.2280400e+00
  -6.5537700e-01  -1.4391300e+00
  -2.8464800e-01  -1.5543100e+00
   1.0210800e-01  -1.5645300e+00
   4.7384600e-01  -1.4700700e+00
   8.0114900e-01  -1.2805000e+00
   1.0589600e+00  -1.0136900e+00
   1.2289000e+00  -6.9404300e-01
   1.3009000e+00  -3.5015300e-01
   1.2740300e+00  -1.2032300e-02
   1.1564700e+00   2.9175400e-01
   9.6454499e-01   5.3679200e-01
   7.2102500e-01   7.0508800e-01
   4.5279100e-01   7.8669500e-01
   1.8812600e-01   7.8053200e-01
  -4.6094600e-02   6.9432400e-01
  -2.2705300e-01   5.4367800e-01
  -3.3821400e-01   3.5038200e-01
  -3.7090100e-01   1.4011100e-01
  -3.2507700e-01  -6.0237700e-02
  -2.0926200e-01  -2.2531800e-01
  -3.9587900e-02  -3.3392800e-01
   1.6190300e-01  -3.7118300e-01
   3.6955000e-01  -3.3004400e-01
   5.5672200e-01  -2.1205700e-01
   6.9856400e-01  -2.7221100e-02
   7.7456700e-01   2.0697600e-01
   7.7070100e-01   4.6729000e-01
   6.8091700e-01   7.2702000e-01
   5.0784400e-01   9.5866799e-01
   2.6264200e-01   1.1366800e+00
  -3.5999200e-02   1.2400200e+00
  -3.6360600e-01   1.2542700e+00
  -6.9223800e-01   1.1731800e+00
  -9.9315799e-01   9.9927499e-01
  -1.2395800e+00   7.4378600e-01
  -1.4092500e+00   4.2558800e-01
  -1.4865600e+00   6.9482900e-02
  -1.4640900e+00  -2.9612300e-01
  -1.3432500e+00  -6.4188300e-01
  -1.1342100e+00  -9.4025699e-01
  -8.5486499e-01  -1.1680800e+00
  -5.2914600e-01  -1.3087000e+00
  -1.8471700e-01  -1.3534800e+00
   1.4965200e-01  -1.3025300e+00
   4.4680600e-01  -1.1645700e+00
   6.8375200e-01  -9.5600299e-01
   8.4377199e-01  -6.9920100e-01
   9.1791599e-01  -4.2028200e-01
   9.0572199e-01  -1.4651600e-01
   8.1510100e-01   9.6352599e-02
   6.6140100e-01   2.8659500e-01
   4.6575300e-01   4.0857900e-01
   2.5285900e-01   4.5421700e-01
   4.8451600e-02   4.2366400e-01
  -1.2333500e-01   3.2518100e-01
  -2.4240900e-01   1.7419500e-01
  -2.9474100e-01  -8.3534799e-03
  -2.7377900e-01  -1.9820500e-01
  -1.8109100e-01  -3.7029900e-01
  -2.6202800e-02  -5.0137400e-01
   1.7437400e-01  -5.7236600e-01
   3.9880400e-01  -5.7040700e-01
   6.2213800e-01  -4.9018100e-01
   8.1882499e-01  -3.3454700e-01
   9.6530499e-01  -1.1433500e-01
   1.0424000e+00   1.5264700e-01
   1.0373000e+00   4.4330500e-01
   9.4487799e-01   7.3147400e-01
   7.6834000e-01   9.9044799e-01
   5.1897400e-01   1.1955800e+00
   2.1515800e-01   1.3266700e+00
  -1.1933300e-01   1.3699600e+00
  -4.5755700e-01   1.3194700e+00
  -7.7192999e-01   1.1776100e+00
  -1.0368300e+00   9.5500199e-01
  -1.2309900e+00   6.6944100e-01
  -1.3394900e+00   3.4425700e-01
  -1.3551300e+00   6.0916100e-03
  -1.2790100e+00  -3.1761100e-01
  -1.1204000e+00  -6.0118000e-01
  -8.9576299e-01  -8.2310699e-01
  -6.2707900e-01  -9.6801899e-01
  -3.3971300e-01  -1.0280300e+00
  -5.9921800e-02  -1.0034000e+00
   1.8767300e-01  -9.0229899e-01
   3.8244100e-01  -7.3994600e-01
   5.0967700e-01  -5.3694000e-01
   5.6193600e-01  -3.1715000e-01
   5.3964500e-01  -1.0528100e-01
   4.5091900e-01   7.5608899e-02
   3.1062800e-01   2.0641300e-01
   1.3879300e-01   2.7386700e-01
  -4.1520400e-02   2.7184000e-01
  -2.0660200e-01   2.0190400e-01
  -3.3454600e-01   7.3133200e-02
  -4.0751000e-01  -9.8858299e-02
  -4.1356800e-01  -2.9352600e-01
  -3.4795700e-01  -4.8750200e-01
  -2.1361200e-01  -6.5698500e-01
  -2.0927400e-02  -7.8017699e-01
   2.1322600e-01  -8.3952399e-01
   4.6713600e-01  -8.2354299e-01
   7.1636600e-01  -7.2804699e-01
   9.3615799e-01  -5.5666200e-01
   1.1038700e+00  -3.2056300e-01
   1.2012000e+00  -3.7478000e-02
   1.2160700e+00   2.6996000e-01
   1.1437600e+00   5.7634100e-01
   9.8750899e-01   8.5588199e-01
   7.5820399e-01   1.0848800e+00
   4.7340900e-01   1.2439300e+00
   1.5572200e-01   1.3198200e+00
  -1.6934400e-01   1.3066900e+00
  -4.7575700e-01   1.2066200e+00
  -7.3939699e-01   1.0293600e+00
  -9.4030099e-01   7.9135799e-01
  -1.0644900e+00   5.1418700e-01
  -1.1052000e+00   2.2241300e-01
  -1.0634400e+00  -5.8747200e-02
  -9.4774499e-01  -3.0582900e-01
  -7.7326299e-01  -4.9933600e-01
  -5.6014700e-01  -6.2554000e-01
  -3.3152100e-01  -6.7771100e-01
  -1.1115900e-01  -6.5663400e-01
   7.8875999e-02  -5.7040000e-01
   2.2039600e-01  -4.3346500e-01
   3.0085300e-01  -2.6509500e-01
   3.1452400e-01  -8.7344599e-02
   2.6301100e-01   7.7227599e-02
   1.5499800e-01   2.0787600e-01
   5.3092600e-03   2.8779200e-01
  -1.6665300e-01   3.0582500e-01
  -3.3892000e-01   2.5762500e-01
  -4.8922800e-01   1.4610400e-01
  -5.9731100e-01  -1.8831900e-02
  -6.4700000e-01  -2.2125600e-01
  -6.2791200e-01  -4.4079700e-01
  -5.3657300e-01  -6.5465800e-01
  -3.7684200e-01  -8.3989499e-01
  -1.5962400e-01  -9.7570699e-01
   9.8122899e-02  -1.0455300e+00
   3.7498000e-01  -1.0387200e+00
   6.4710300e-01  -9.5166699e-01
   8.9050199e-01  -7.8821199e-01
   1.0833500e+00  -5.5935800e-01
   1.2080500e+00  -2.8227600e-01
   1.2529900e+00   2.1293000e-02
   1.2135900e+00   3.2706300e-01
   1.0927700e+00   6.1048400e-01
   9.0067499e-01   8.4904099e-01
   6.5369099e-01   1.0243500e+00
   3.7287000e-01   1.1238500e+00
   8.1927099e-02   1.1419200e+00
  -1.9501700e-01   1.0803600e+00
  -4.3570800e-01   9.4807499e-01
  -6.2183700e-01   7.6017899e-01
  -7.4071499e-01   5.3642200e-01
  -7.8639299e-01   2.9922900e-01
  -7.6010799e-01   7.1483399e-02
  -6.7003099e-01  -1.2570600e-01
  -5.3032800e-01  -2.7504700e-01
  -3.5965400e-01  -3.6470500e-01
  -1.7920300e-01  -3.8939000e-01
  -1.0541400e-02  -3.5078700e-01
   1.2659300e-01  -2.5728500e-01
   2.1628300e-01  -1.2304000e-01
   2.4803300e-01   3.3526100e-02
   2.1781800e-01   1.9166000e-01
   1.2847800e-01   3.3042500e-01
  -1.0578300e-02   4.3087000e-01
  -1.8433000e-01   4.7799300e-01
  -3.7366000e-01   4.6230500e-01
  -5.5729200e-01   3.8085200e-01
  -7.1393399e-01   2.3757600e-01
  -8.2444399e-01   4.2989700e-02
  -8.7377799e-01  -1.8679500e-01
  -8.5254599e-01  -4.3160800e-01
  -7.5801399e-01  -6.6916099e-01
  -5.9445400e-01  -8.7720999e-01
  -3.7281100e-01  -1.0357200e+00
  -1.0971900e-01  -1.1288100e+00
   1.7404200e-01  -1.1463200e+00
   4.5549500e-01  -1.0848300e+00
   7.1162399e-01  -9.4799599e-01
   9.2154199e-01  -7.4621999e-01
   1.0684500e+00  -4.9570200e-01
   1.1412000e+00  -2.1689300e-01
   1.1353000e+00   6.7427699e-02
   1.0533100e+00   3.3430500e-01
   9.0451499e-01   5.6275200e-01
   7.0397799e-01   7.3570499e-01
   4.7104700e-01   8.4156899e-01
   2.2744900e-01   8.7524199e-01
  -4.8149300e-03   8.3848399e-01
  -2.0559600e-01   7.3962799e-01
  -3.5850800e-01   5.9264999e-01
  -4.5245800e-01   4.1569900e-01
  -4.8263800e-01   2.2922800e-01
  -4.5089100e-01   5.3923500e-02
  -3.6541300e-01  -9.1374799e-02
  -2.3982800e-01  -1.9154500e-01
  -9.1730299e-02  -2.3667700e-01
   5.9162699e-02  -2.2302800e-01
   1.9305300e-01  -1.5335800e-01
   2.9210800e-01  -3.6610900e-02
   3.4230300e-01   1.1302100e-01
   3.3487100e-01   2.7756700e-01
   2.6723000e-01   4.3711600e-01
   1.4328400e-01   5.7185499e-01
  -2.6917500e-02   6.6410299e-01
  -2.2814600e-01   7.0012699e-01
  -4.4147100e-01   6.7158499e-01
  -6.4611099e-01   5.7642399e-01
  -8.2147999e-01   4.1916600e-01
  -9.4921799e-01   2.1055100e-01
  -1.0150200e+00  -3.3443800e-02
  -1.0100500e+00  -2.9308800e-01
  -9.3187299e-01  -5.4676000e-01
  -7.8471799e-01  -7.7299899e-01
  -5.7912899e-01  -9.5253899e-01
  -3.3099300e-01  -1.0701400e+00
  -6.0055299e-02  -1.1160100e+00
   2.1192700e-01  -1.0867600e+00
   4.6323100e-01  -9.8564899e-01
   6.7419399e-01  -8.2227899e-01
   8.2904099e-01  -6.1163299e-01
   9.1731499e-01  -3.7261600e-01
   9.3480099e-01  -1.2622900e-01
   8.8382999e-01   1.0644100e-01
   7.7295399e-01   3.0623000e-01
   6.1602299e-01   4.5769400e-01
   4.3075000e-01   5.5052699e-01
   2.3691800e-01   5.8046599e-01
   5.4409899e-02   5.4959699e-01
  -9.8767199e-02   4.6602400e-01
  -2.0823700e-01   3.4296300e-01
  -2.6464200e-01   1.9732500e-01
  -2.6451900e-01   4.7948000e-02
  -2.1057900e-01  -8.6343699e-02
  -1.1136700e-01  -1.8867500e-01
   1.9657900e-02  -2.4584500e-01
   1.6553500e-01  -2.4967300e-01
   3.0755900e-01  -1.9784300e-01
   4.2721400e-01  -9.4150399e-02
   5.0808000e-01   5.1857800e-02
   5.3754099e-01   2.2582700e-01
   5.0810400e-01   4.1001800e-01
   4.1822000e-01   5.8507099e-01
   2.7251000e-01   7.3193999e-01
   8.1378899e-02   8.3380099e-01
  -1.3993600e-01   8.7774999e-01
  -3.7280900e-01   8.5611899e-01
  -5.9699299e-01   7.6728799e-01
  -7.9256499e-01   6.1590699e-01
  -9.4183799e-01   4.1250500e-01
  -1.0310600e+00   1.7254000e-01
  -1.0517500e+00  -8.5048199e-02
  -1.0015000e+00  -3.3960200e-01
  -8.8419499e-01  -5.7068799e-01
  -7.0968399e-01  -7.6000799e-01
  -4.9279000e-01  -8.9309799e-01
  -2.5191600e-01  -9.6065899e-01
  -7.2814299e-03  -9.5937999e-01
   2.2098800e-01  -8.9217899e-01
   4.1475900e-01  -7.6785099e-01
   5.5957499e-01  -6.0014499e-01
   6.4596999e-01  -4.0637000e-01
   6.7028999e-01  -2.0567900e-01
   6.3493799e-01  -1.7180200e-02
   5.4802299e-01   1.4192300e-01
   4.2245700e-01   2.5798400e-01
   2.7458800e-01   3.2220500e-01
   1.2250600e-01   3.3143000e-01
  -1.5812000e-02   2.8837300e-01
  -1.2432000e-01   2.0126600e-01
  -1.9052700e-01   8.2948399e-02
  -2.0674800e-01  -5.0489099e-02
  -1.7086500e-01  -1.8138600e-01
  -8.6534899e-02  -2.9234400e-01
   3.7193300e-02  -3.6802400e-01
   1.8679600e-01  -3.9674000e-01
   3.4564600e-01  -3.7168100e-01
   4.9569199e-01  -2.9165200e-01
   6.1928499e-01  -1.6124600e-01
   7.0097599e-01   9.5538299e-03
   7.2908999e-01   2.0630900e-01
   6.9694399e-01   4.1151200e-01
   6.0356899e-01   6.0627499e-01
   4.5387600e-01   7.7216299e-01
   2.5824800e-01   8.9299299e-01
   3.1595200e-02   9.5641399e-01
  -2.0803100e-01   9.5512499e-01
  -4.4113200e-01   8.8759799e-01
  -6.4859999e-01   7.5825699e-01
  -8.1351499e-01   5.7707199e-01
  -9.2272799e-01   3.5862300e-01
  -9.6808499e-01   1.2072900e-01
  -9.4716499e-01  -1.1723700e-01
  -8.6345899e-01  -3.3616600e-01
  -7.2599199e-01  -5.1900499e-01
  -5.4840399e-01  -6.5233099e-01
  -3.4760300e-01  -7.2756799e-01
  -1.4210600e-01  -7.4172299e-01
   4.9747799e-02  -6.9757799e-01
   2.1156500e-01  -6.0331899e-01
   3.3044400e-01  -4.7163699e-01
   3.9817300e-01  -3.1840900e-01
   4.1195100e-01  -1.6106700e-01
   3.7456600e-01  -1.6842600e-02
   2.9402700e-01   9.8964499e-02
   1.8267400e-01   1.7449900e-01
   5.5860799e-02   2.0251600e-01
  -6.9644699e-02   1.8107300e-01
  -1.7740000e-01   1.1368800e-01
  -2.5298400e-01   8.9509899e-03
  -2.8548700e-01  -1.2037400e-01
  -2.6863900e-01  -2.5866600e-01
  -2.0147900e-01  -3.8904800e-01
  -8.8485799e-02  -4.9511899e-01
   6.0834299e-02  -5.6262999e-01
   2.3286000e-01  -5.8096299e-01
   4.1118600e-01  -5.4424599e-01
   5.7822899e-01  -4.5199699e-01
   7.1696399e-01  -3.0924700e-01
   8.1260499e-01  -1.2610800e-01
   8.5407999e-01   8.3144899e-02
   8.3514299e-01   3.0141500e-01
   7.5502199e-01   5.1039999e-01
   6.1853599e-01   6.9232399e-01
   4.3567300e-01   8.3163299e-01
   2.2066800e-01   9.1646299e-01
  -9.3275699e-03   9.3976699e-01
  -2.3585500e-01   8.9996599e-01
  -4.4087900e-01   8.0108199e-01
  -6.0846799e-01   6.5232299e-01
  -7.2627099e-01   4.6718799e-01
  -7.8663399e-01   2.6214700e-01
  -7.8725999e-01   5.5060099e-02
  -7.3135199e-01  -1.3653100e-01
  -6.2721699e-01  -2.9706700e-01
  -4.8737999e-01  -4.1442500e-01
  -3.2730200e-01  -4.8101999e-01
  -1.6382400e-01  -4.9446199e-01
  -1.3482200e-02  -4.5768999e-01
   1.0911300e-01  -3.7858000e-01
   1.9270600e-01  -2.6907700e-01
   2.3047500e-01  -1.4392400e-01
   2.2065400e-01  -1.9128300e-02
   1.6666000e-01   8.9686499e-02
   7.6684799e-02   1.6888400e-01
  -3.7175700e-02   2.0820400e-01
  -1.6019000e-01   2.0181300e-01
  -2.7651500e-01   1.4890200e-01
  -3.7083500e-01   5.3782499e-02
  -4.2993899e-01  -7.4534499e-02
  -4.4409699e-01  -2.2322900e-01
  -4.0808700e-01  -3.7694800e-01
  -3.2177000e-01  -5.1933399e-01
  -1.9017100e-01  -6.3466299e-01
  -2.3039200e-02  -7.0942099e-01
   1.6605600e-01  -7.3367599e-01
   3.6100800e-01  -7.0209299e-01
   5.4471399e-01  -6.1451199e-01
   7.0071299e-01  -4.7601899e-01
   8.1477399e-01  -2.9650400e-01
   8.7626099e-01  -8.9754699e-02
   8.7916299e-01   1.2782300e-01
   8.2267299e-01   3.3874800e-01
   7.1126699e-01   5.2609699e-01
   5.5427399e-01   6.7509199e-01
   3.6498700e-01   7.7447099e-01
   1.5938800e-01   8.1751599e-01
  -4.5365699e-02   8.0263899e-01
  -2.3257000e-01   7.3347599e-01
  -3.8753800e-01   6.1847099e-01
  -4.9896399e-01   4.7000699e-01
  -5.5993899e-01   3.0315800e-01
  -5.6853999e-01   1.3419400e-01
  -5.2791999e-01  -2.1009800e-02
  -4.4590499e-01  -1.4851900e-01
  -3.3413600e-01  -2.3767000e-01
  -2.0684700e-01  -2.8207100e-01
  -7.9393999e-02  -2.8016600e-01
   3.3313600e-02  -2.3531900e-01
   1.1831900e-01  -1.5540400e-01
   1.6592400e-01  -5.1948799e-02
   1.7065800e-01   6.1079799e-02
   1.3181900e-01   1.6873400e-01
   5.3531699e-02   2.5663300e-01
  -5.5675099e-02   3.1245000e-01
  -1.8373800e-01   3.2719000e-01
  -3.1627900e-01   2.9614200e-01
  -4.3806299e-01   2.1939000e-01
  -5.3454299e-01   1.0185700e-01
  -5.9333799e-01  -4.7140299e-02
  -6.0550399e-01  -2.1477400e-01
  -5.6647299e-01  -3.8593400e-01
  -4.7655499e-01  -5.4469399e-01
  -3.4097100e-01  -6.7585899e-01
  -1.6940400e-01  -7.6644899e-01
   2.4892900e-02  -8.0697399e-01
   2.2632800e-01  -7.9236499e-01
   4.1843899e-01  -7.2249199e-01
   5.8544299e-01  -6.0219199e-01
   7.1372199e-01  -4.4082999e-01
   7.9309899e-01  -2.5141600e-01
   8.1777999e-01  -4.9381699e-02
   7.8687199e-01   1.4887500e-01
   7.0442999e-01   3.2753100e-01
   5.7902599e-01   4.7281599e-01
   4.2289099e-01   5.7427899e-01
   2.5070900e-01   6.2572699e-01
   7.8182399e-02   6.2574899e-01
  -7.9482399e-02   5.7776599e-01
  -2.0903000e-01   4.8961499e-01
  -3.0040400e-01   3.7270400e-01
  -3.4767200e-01   2.4083300e-01
  -3.4953100e-01   1.0878400e-01
  -3.0935900e-01  -9.1688299e-03
  -2.3479300e-01  -1.0068000e-01
  -1.3689600e-01  -1.5655500e-01
  -2.8985800e-02  -1.7165000e-01
   7.4755099e-02  -1.4535100e-01
   1.6074500e-01  -8.1611999e-02
   2.1740300e-01   1.1483300e-02
   2.3634800e-01   1.2255800e-01
   2.1326300e-01   2.3811700e-01
   1.4836400e-01   3.4392900e-01
   4.6404299e-02   4.2648999e-01
  -8.3769799e-02   4.7440399e-01
  -2.3007700e-01   4.7957199e-01
  -3.7838099e-01   4.3804399e-01
  -5.1388099e-01   3.5046800e-01
  -6.2257199e-01   2.2208500e-01
  -6.9263499e-01   6.2274099e-02
  -7.1561499e-01  -1.1631700e-01
  -6.8727899e-01  -2.9895800e-01
  -6.0805899e-01  -4.7022899e-01
  -4.8305199e-01  -6.1548799e-01
  -3.2156000e-01  -7.2226199e-01
  -1.3623300e-01  -7.8142999e-01
   5.8118099e-02  -7.8808399e-01
   2.4591000e-01  -7.4198699e-01
   4.1224399e-01  -6.4757099e-01
   5.4429899e-01  -5.1350199e-01
   6.3250899e-01  -3.5182600e-01
   6.7142399e-01  -1.7681000e-01
   6.6017399e-01  -3.5648300e-03
   6.0248299e-01   1.5339100e-01
   5.0623499e-01   2.8150700e-01
   3.8265199e-01   3.7136299e-01
   2.4514600e-01   4.1752599e-01
   1.0797300e-01   4.1899699e-01
  -1.5178200e-02   3.7922999e-01
  -1.1253700e-01   3.0570600e-01
  -1.7538600e-01   2.0911800e-01
  -1.9889600e-01   1.0223800e-01
  -1.8255700e-01  -1.4026600e-03
  -1.3018100e-01  -8.8908499e-02
  -4.9469299e-02  -1.4933700e-01
   4.8805599e-02  -1.7481400e-01
   1.5192500e-01  -1.6133900e-01
   2.4654100e-01  -1.0919500e-01
   3.2005300e-01  -2.2930900e-02
   3.6191499e-01   8.9085099e-02
   3.6472799e-01   2.1549800e-01
   3.2503000e-01   3.4309400e-01
   2.4368900e-01   4.5812399e-01
   1.2586900e-01   5.4767799e-01
  -1.9431200e-02   6.0098499e-01
  -1.8021800e-01   6.1050899e-01
  -3.4264400e-01   5.7272699e-01
  -4.9233099e-01   4.8851799e-01
  -6.1575399e-01   3.6312799e-01
  -7.0154499e-01   2.0570300e-01
  -7.4158499e-01   2.8451300e-02
  -7.3179499e-01  -1.5450100e-01
  -6.7252399e-01  -3.2843000e-01
  -5.6852499e-01  -4.7939499e-01
  -4.2849599e-01  -5.9554399e-01
  -2.6425200e-01  -6.6820999e-01
  -8.9596199e-02  -6.9269499e-01
   8.0987899e-02  -6.6868099e-01
   2.3370600e-01  -6.0019999e-01
   3.5674299e-01  -4.9520199e-01
   4.4135199e-01  -3.6473699e-01
   4.8263699e-01  -2.2185100e-01
   4.7995299e-01  -8.0298899e-02
   4.3688999e-01   4.6802699e-02
   3.6084199e-01   1.4824100e-01
   2.6220600e-01   2.1577700e-01
   1.5330000e-01   2.4490700e-01
   4.7088699e-02   2.3525500e-01
  -4.4127299e-02   1.9054300e-01
  -1.0996000e-01   1.1815800e-01
  -1.4297500e-01   2.8359800e-02
  -1.3943100e-01  -6.6802899e-02
  -9.9645998e-02  -1.5474400e-01
  -2.7957300e-02  -2.2364200e-01
   6.7726799e-02  -2.6366600e-01
   1.7673100e-01  -2.6799700e-01
   2.8669600e-01  -2.3354700e-01
   3.8482799e-01  -1.6130600e-01
   4.5920499e-01  -5.6285699e-02
   4.9998199e-01   7.2942599e-02
   5.0041499e-01   2.1506500e-01
   4.5756799e-01   3.5711399e-01
   3.7264999e-01   4.8572799e-01
   2.5095000e-01   5.8845099e-01
   1.0137000e-01   6.5495399e-01
  -6.4394799e-02   6.7804899e-01
  -2.3295200e-01   6.5439999e-01
  -3.9047199e-01   5.8486799e-01
  -5.2398599e-01   4.7444299e-01
  -6.2261599e-01   3.3178599e-01
  -6.7858599e-01   1.6841700e-01
  -6.8793899e-01  -2.3746500e-03
  -6.5089199e-01  -1.6678000e-01
  -5.7177799e-01  -3.1176500e-01
  -4.5859699e-01  -4.2628499e-01
  -3.2222299e-01  -5.0229799e-01
  -1.7533400e-01  -5.3547999e-01
  -3.1178100e-02  -5.2557899e-01
   9.7701198e-02  -4.7636399e-01
   2.0065900e-01  -3.9519499e-01
   2.6994800e-01  -2.9223500e-01
   3.0142100e-01  -1.7940600e-01
   2.9487500e-01  -6.9176599e-02
   2.5400000e-01   2.6689300e-02
   1.8594400e-01   9.8302998e-02
   1.0054300e-01   1.3862500e-01
   9.2750399e-03   1.4414700e-01
  -7.5923699e-02   1.1521700e-01
  -1.4389800e-01   5.5975499e-02
  -1.8542200e-01  -2.6087600e-02
  -1.9414800e-01  -1.2091400e-01
  -1.6727400e-01  -2.1691000e-01
  -1.0584200e-01  -3.0214000e-01
  -1.4661400e-02  -3.6554799e-01
   9.8149698e-02  -3.9809499e-01
   2.2195400e-01  -3.9370399e-01
   3.4463799e-01  -3.4990399e-01
   4.5380599e-01  -2.6812600e-01
   5.3800299e-01  -1.5360900e-01
   5.8785799e-01  -1.4934400e-02
   5.9701899e-01   1.3677000e-01
   5.6280099e-01   2.8887900e-01
   4.8647999e-01   4.2846899e-01
   3.7319999e-01   5.4354299e-01
   2.3150500e-01   6.2417699e-01
   7.2553099e-02   6.6345799e-01
  -9.0936399e-02   6.5813899e-01
  -2.4587100e-01   6.0893399e-01
  -3.8001099e-01   5.2044199e-01
  -4.8310999e-01   4.0068299e-01
  -5.4785199e-01   2.6032900e-01
  -5.7050999e-01   1.1166200e-01
  -5.5124699e-01  -3.2592099e-02
  -4.9404199e-01  -1.6048400e-01
  -4.0624999e-01  -2.6195700e-01
  -2.9783800e-01  -3.2978499e-01
  -1.8037200e-01  -3.6020999e-01
  -6.5861399e-02  -3.5324899e-01
   3.4427899e-02  -3.1261799e-01
   1.1107700e-01  -2.4529500e-01
   1.5742400e-01  -1.6076900e-01
   1.7019200e-01  -7.0043099e-02
   1.4977100e-01   1.5506900e-02
   1.0014200e-01   8.5295699e-02
   2.8430400e-02   1.3061100e-01
  -5.5846499e-02   1.4550000e-01
  -1.4177000e-01   1.2737900e-01
  -2.1815300e-01   7.7294999e-02
  -2.7469100e-01  -1.6730700e-04
  -3.0303299e-01  -9.7342198e-02
  -2.9765099e-01  -2.0424400e-01
  -2.5643300e-01  -3.0956599e-01
  -1.8093500e-01  -4.0180699e-01
  -7.6268699e-02  -4.7043099e-01
   4.9360799e-02  -5.0692699e-01
   1.8542800e-01  -5.0567699e-01
   3.2008999e-01  -4.6454499e-01
   4.4132199e-01  -3.8512199e-01
   5.3807199e-01  -2.7261500e-01
   6.0133299e-01  -1.3537700e-01
   6.2500699e-01   1.5862700e-02
   6.0650199e-01   1.6900300e-01
   5.4697699e-01   3.1170399e-01
   4.5124099e-01   4.3254599e-01
   3.2728899e-01   5.2209299e-01
   1.8554500e-01   5.7376799e-01
   3.7864099e-02   5.8444399e-01
  -1.0358700e-01   5.5470599e-01
  -2.2747900e-01   4.8875099e-01
  -3.2437299e-01   3.9394099e-01
  -3.8759299e-01   2.8005900e-01
  -4.1380699e-01   1.5833200e-01
  -4.0329299e-01   4.0327999e-02
  -3.5984299e-01  -6.3172199e-02
  -2.9032599e-01  -1.4321300e-01
  -2.0395200e-01  -1.9351100e-01
  -1.1131600e-01  -2.1103400e-01
  -2.3312700e-02  -1.9624800e-01
   4.9970699e-02  -1.5301800e-01
   1.0027000e-01  -8.8169098e-02
   1.2197200e-01  -1.0758100e-02
   1.1266800e-01   6.8878899e-02
   7.3392499e-02   1.4019900e-01
   8.5030198e-03   1.9354400e-01
  -7.4764199e-02   2.2114000e-01
  -1.6703100e-01   2.1790700e-01
  -2.5773100e-01   1.8199900e-01
  -3.3617699e-01   1.1502200e-01
  -3.9265499e-01   2.1904200e-02
  -4.1940899e-01  -8.9563998e-02
  -4.1145099e-01  -2.0947200e-01
  -3.6708599e-01  -3.2675099e-01
  -2.8812699e-01  -4.3024499e-01
  -1.7975800e-01  -5.0980599e-01
  -5.0066999e-02  -5.5728299e-01
   9.0697398e-02  -5.6733199e-01
   2.3109100e-01  -5.3794099e-01
   3.5955099e-01  -4.7064699e-01
   4.6548599e-01  -3.7040399e-01
   5.4027199e-01  -2.4512200e-01
   5.7806099e-01  -1.0492600e-01
   5.7631399e-01   3.8799999e-02
   5.3602599e-01   1.7448400e-01
   4.6159699e-01   2.9144699e-01
   3.6038999e-01   3.8089699e-01
   2.4199800e-01   4.3673399e-01
   1.1730400e-01   4.5608199e-01
  -2.5685200e-03   4.3951299e-01
  -1.0732900e-01   3.9093399e-01
  -1.8849300e-01   3.1714699e-01
  -2.4017300e-01   2.2713500e-01
  -2.5960800e-01   1.3113800e-01
  -2.4737700e-01   3.9619699e-02
  -2.0728200e-01  -3.7779099e-02
  -1.4591400e-01  -9.3199698e-02
  -7.1944599e-02  -1.2133500e-01
   4.7843199e-03  -1.1993800e-01
   7.4282299e-02  -9.0025498e-02
   1.2744100e-01  -3.5750499e-02
   1.5697200e-01   3.6041299e-02
   1.5815900e-01   1.1652100e-01
   1.2935100e-01   1.9578400e-01
   7.2147799e-02   2.6387099e-01
  -8.7430798e-03   3.1178399e-01
  -1.0595700e-01   3.3242299e-01
  -2.1019300e-01   3.2132099e-01
  -3.1112399e-01   2.7712799e-01
  -3.9842099e-01   2.0178800e-01
  -4.6277399e-01   1.0038700e-01
  -4.9681999e-01  -1.9308600e-02
  -4.9588299e-01  -1.4757400e-01
  -4.5845399e-01  -2.7364699e-01
  -3.8636999e-01  -3.8674499e-01
  -2.8465699e-01  -4.7709999e-01
  -1.6107500e-01  -5.3688099e-01
  -2.5396100e-02  -5.6094199e-01
   1.1151100e-01  -5.4730499e-01
   2.3870300e-01  -4.9734099e-01
   3.4617799e-01  -4.1562499e-01
   4.2581399e-01  -3.0949099e-01
   4.7210299e-01  -1.8831900e-01
   4.8264299e-01  -6.2632099e-02
   4.5832299e-01   5.6911899e-02
   4.0318499e-01   1.6052800e-01
   3.2399299e-01   2.4022300e-01
   2.2953100e-01   2.9053099e-01
   1.2971700e-01   3.0899399e-01
   3.4617199e-02   2.9634099e-01
  -4.6547899e-02   2.5636499e-01
  -1.0630300e-01   1.9548100e-01
  -1.3963500e-01   1.2204700e-01
  -1.4446100e-01   4.5484199e-02
  -1.2179800e-01  -2.4689200e-02
  -7.5627398e-02  -7.9836798e-02
  -1.2455500e-02  -1.1308200e-01
   5.9369099e-02  -1.2000900e-01
   1.3052600e-01  -9.9111998e-02
   1.9168500e-01  -5.1949399e-02
   2.3447400e-01   1.7004300e-02
   2.5234299e-01   1.0080500e-01
   2.4125100e-01   1.9073300e-01
   2.0010600e-01   2.7715999e-01
   1.3090500e-01   3.5051899e-01
   3.8576199e-02   4.0226399e-01
  -6.9479599e-02   4.2573399e-01
  -1.8408500e-01   4.1683599e-01
  -2.9516199e-01   3.7447999e-01
  -3.9270399e-01   3.0071499e-01
  -4.6773799e-01   2.0056900e-01
  -5.1319099e-01   8.1587798e-02
  -5.2457499e-01  -4.6858899e-02
  -5.0042599e-01  -1.7445800e-01
  -4.4244399e-01  -2.9091999e-01
  -3.5533599e-01  -3.8694199e-01
  -2.4636599e-01  -4.5507699e-01
  -1.2466700e-01  -4.9041899e-01
  -3.6707599e-04  -4.9104399e-01
   1.1636400e-01  -4.5815799e-01
   2.1627100e-01  -3.9594999e-01
   2.9187899e-01  -3.1115099e-01
   3.3816699e-01  -2.1235700e-01
   3.5300899e-01  -1.0917900e-01
   3.3732799e-01  -1.1295600e-02
   2.9494399e-01   7.2482098e-02
   2.3215200e-01   1.3505900e-01
   1.5704900e-01   1.7172100e-01
   7.8700398e-02   1.8056400e-01
   6.2103999e-03   1.6263600e-01
  -5.2195999e-02   1.2178800e-01
  -9.0001898e-02   6.4246699e-02
  -1.0304800e-01  -2.0520800e-03
  -8.9942498e-02  -6.8289199e-02
  -5.2193199e-02  -1.2568000e-01
   5.9549399e-03  -1.6638200e-01
   7.7954698e-02  -1.8430800e-01
   1.5562300e-01  -1.7576100e-01
   2.2997400e-01  -1.3982900e-01
   2.9212699e-01  -7.8506498e-02
   3.3421799e-01   3.4827899e-03
   3.5019799e-01   9.9126998e-02
   3.3646999e-01   1.9980100e-01
   2.9227199e-01   2.9610399e-01
   2.1978900e-01   3.7877199e-01
   1.2397800e-01   4.3958699e-01
   1.2118600e-02   4.7218199e-01
  -1.0686700e-01   4.7267199e-01
  -2.2325000e-01   4.4004499e-01
  -3.2740999e-01   3.7627199e-01
  -4.1074899e-01   2.8613599e-01
  -4.6649099e-01   1.7678300e-01
  -4.9032499e-01   5.7054899e-02
  -4.8078999e-01  -6.3347299e-02
  -4.3940099e-01  -1.7477300e-01
  -3.7047799e-01  -2.6852499e-01
  -2.8071399e-01  -3.3766299e-01
  -1.7851300e-01  -3.7763699e-01
  -7.3171098e-02  -3.8668099e-01
   2.6021899e-02  -3.6593499e-01
   1.1067100e-01  -3.1928299e-01
   1.7407000e-01  -2.5293399e-01
   2.1182100e-01  -1.7476800e-01
   2.2222300e-01  -9.3534098e-02
   2.0639000e-01  -1.7970200e-02
   1.6809000e-01   4.4072099e-02
   1.1332400e-01   8.6401898e-02
   4.9685899e-02   1.0509300e-01
  -1.4434100e-02   9.8859698e-02
  -7.0716798e-02   6.9160498e-02
  -1.1177200e-01   2.0033300e-02
  -1.3189800e-01  -4.2333299e-02
  -1.2767400e-01  -1.1024100e-01
  -9.8312798e-02  -1.7527400e-01
  -4.5761499e-02  -2.2916399e-01
   2.5481899e-02  -2.6464099e-01
   1.0880300e-01  -2.7618099e-01
   1.9611800e-01  -2.6059199e-01
   2.7867199e-01  -2.1736100e-01
   3.4790099e-01  -1.4873600e-01
   3.9628699e-01  -5.9546199e-02
   4.1810499e-01   4.3245499e-02
   4.1000599e-01   1.5119300e-01
   3.7135799e-01   2.5516499e-01
   3.0434099e-01   3.4621599e-01
   2.1375100e-01   4.1643999e-01
   1.0656600e-01   4.5971699e-01
  -8.7089298e-03   4.7230399e-01
  -1.2283400e-01   4.5317899e-01
  -2.2670599e-01   4.0413499e-01
  -3.1220399e-01   3.2960099e-01
  -3.7294399e-01   2.3620699e-01
  -4.0485999e-01   1.3214400e-01
  -4.0655699e-01   2.6378299e-02
  -3.7941099e-01  -7.2205198e-02
  -3.2738999e-01  -1.5564200e-01
  -2.5663799e-01  -2.1763400e-01
  -1.7484400e-01  -2.5411999e-01
  -9.0468098e-02  -2.6363199e-01
  -1.1903700e-02  -2.4738399e-01
   5.3347899e-02  -2.0910700e-01
   9.9405998e-02  -1.5462900e-01
   1.2257200e-01  -9.1259598e-02
   1.2166900e-01  -2.7024499e-02
   9.8127898e-02   3.0156599e-02
   5.5810299e-02   7.3280898e-02
   5.9358299e-04   9.6974898e-02
  -6.0248299e-02   9.8039998e-02
  -1.1880100e-01   7.5778198e-02
  -1.6732600e-01   3.2065399e-02
  -1.9906500e-01  -2.8833999e-02
  -2.0893600e-01  -1.0069200e-01
  -1.9407300e-01  -1.7593900e-01
  -1.5413700e-01  -2.4642199e-01
  -9.1382698e-02  -3.0422399e-01
  -1.0460200e-02  -3.4245799e-01
   8.2013498e-02  -3.5597099e-01
   1.7808400e-01  -3.4187099e-01
   2.6922099e-01  -2.9983999e-01
   3.4713999e-01  -2.3219399e-01
   4.0459899e-01  -1.4368500e-01
   4.3610699e-01  -4.1068899e-02
   4.3844599e-01   6.7521998e-02
   4.1099399e-01   1.7334300e-01
   3.5578299e-01   2.6785699e-01
   2.7731099e-01   3.4353299e-01
   1.8211300e-01   3.9454899e-01
   7.8136598e-02   4.1732599e-01
  -2.6006599e-02   4.1084699e-01
  -1.2185900e-01   3.7672199e-01
  -2.0190700e-01   3.1900999e-01
  -2.6027999e-01   2.4379599e-01
  -2.9327799e-01   1.5858600e-01
  -2.9969099e-01   7.1561698e-02
  -2.8086699e-01  -9.2185798e-03
  -2.4053599e-01  -7.6597898e-02
  -1.8439800e-01  -1.2500600e-01
  -1.1952400e-01  -1.5097700e-01
  -5.3627799e-02  -1.5346100e-01
   5.7207599e-03  -1.3388600e-01
   5.1857899e-02  -9.5979998e-02
   7.9695498e-02  -4.5358599e-02
   8.6226498e-02   1.1067500e-02
   7.0819098e-02   6.5814698e-02
   3.5272399e-02   1.1160200e-01
  -1.6373800e-02   1.4210500e-01
  -7.8253198e-02   1.5261000e-01
  -1.4327000e-01   1.4050700e-01
  -2.0382100e-01   1.0557600e-01
  -2.5256899e-01   5.0025299e-02
  -2.8318899e-01  -2.1701199e-02
  -2.9102099e-01  -1.0335000e-01
  -2.7355899e-01  -1.8746100e-01
  -2.3072299e-01  -2.6608699e-01
  -1.6490100e-01  -3.3157799e-01
  -8.0745298e-02  -3.7732299e-01
   1.5253500e-02  -3.9840499e-01
   1.1537100e-01  -3.9208899e-01
   2.1137799e-01  -3.5809799e-01
   2.9531299e-01  -2.9865599e-01
   3.6023799e-01  -2.1828099e-01
   4.0088699e-01  -1.2337300e-01
   4.1416199e-01  -2.1604299e-02
   3.9940699e-01   7.8799398e-02
   3.5845999e-01   1.6983100e-01
   2.9545899e-01   2.4444899e-01
   2.1642399e-01   2.9722799e-01
   1.2867200e-01   3.2484999e-01
   4.0100599e-02   3.2638199e-01
  -4.1568799e-02   3.0333199e-01
  -1.0953000e-01   2.5945499e-01
  -1.5853300e-01   2.0035499e-01
  -1.8536100e-01   1.3290000e-01
  -1.8911300e-01   6.4525498e-02
  -1.7124900e-01   2.4887999e-03
  -1.3540000e-01  -4.6854899e-02
  -8.6972998e-02  -7.8677298e-02
  -3.2572299e-02  -9.0146198e-02
   2.0686199e-02  -8.0691498e-02
   6.5912198e-02  -5.2042699e-02
   9.7149698e-02  -8.0370598e-03
   1.0999000e-01   4.5785099e-02
   1.0202800e-01   1.0275300e-01
   7.3114298e-02   1.5575400e-01
   2.5384099e-02   1.9795999e-01
  -3.6945099e-02   2.2353799e-01
  -1.0798400e-01   2.2824599e-01
  -1.8074900e-01   2.0988799e-01
  -2.4785399e-01   1.6855700e-01
  -3.0223799e-01   1.0665600e-01
  -3.3787299e-01   2.8687999e-02
  -3.5036299e-01  -5.9155698e-02
  -3.3739399e-01  -1.4958100e-01
  -2.9897899e-01  -2.3488199e-01
  -2.3747399e-01  -3.0767299e-01
  -1.5737400e-01  -3.6159799e-01
  -6.4897398e-02  -3.9193099e-01
   3.2594299e-02  -3.9602899e-01
   1.2728800e-01  -3.7357699e-01
   2.1164799e-01  -3.2661699e-01
   2.7912199e-01  -2.5934099e-01
   3.2474399e-01  -1.7768700e-01
   3.4558799e-01  -8.8763798e-02
   3.4101199e-01  -1.7396000e-04
   3.1269399e-01   8.0714098e-02
   2.6443399e-01   1.4745800e-01
   2.0175499e-01   1.9514299e-01
   1.3134400e-01   2.2082199e-01
   6.0380998e-02   2.2376999e-01
  -4.1724199e-03   2.0550599e-01
  -5.6251899e-02   1.6960700e-01
  -9.1278598e-02   1.2131400e-01
  -1.0659300e-01   6.6977398e-02
  -1.0169300e-01   1.3397700e-02
  -7.8258698e-02  -3.2869799e-02
  -3.9954799e-02  -6.6185698e-02
   7.9614798e-03  -8.2398698e-02
   5.9191798e-02  -7.9266898e-02
   1.0705000e-01  -5.6685098e-02
   1.4515500e-01  -1.6698000e-02
   1.6808900e-01   3.6703599e-02
   1.7196000e-01   9.7981697e-02
   1.5481900e-01   1.6060500e-01
   1.1687200e-01   2.1770399e-01
   6.0487298e-02   2.6276099e-01
  -1.0014300e-02   2.9027099e-01
  -8.8766298e-02   2.9629799e-01
  -1.6891300e-01   2.7888699e-01
  -2.4326999e-01   2.3827599e-01
  -3.0501499e-01   1.7690300e-01
  -3.4834699e-01   9.9186097e-02
  -3.6905199e-01   1.1124600e-02
  -3.6490799e-01  -8.0264298e-02
  -3.3590699e-01  -1.6760200e-01
  -2.8425699e-01  -2.4384199e-01
  -2.1417699e-01  -3.0292799e-01
  -1.3149100e-01  -3.4035899e-01
  -4.3079499e-02  -3.5359999e-01
   4.3775499e-02  -3.4230499e-01
   1.2207500e-01  -3.0832199e-01
   1.8575799e-01  -2.5549899e-01
   2.3026299e-01  -1.8928599e-01
   2.5293199e-01  -1.1619300e-01
   2.5323599e-01  -4.3150599e-02
   2.3278599e-01   2.3165499e-02
   1.9513699e-01   7.6979898e-02
   1.4539800e-01   1.1396400e-01
   8.9705498e-02   1.3163900e-01
   3.4589199e-02   1.2958900e-01
  -1.3690000e-02   1.0946700e-01
  -4.9770399e-02   7.4803998e-02
  -6.9724998e-02   3.0617399e-02
  -7.1450898e-02  -1.7112800e-02
  -5.4872998e-02  -6.2068998e-02
  -2.1943299e-02  -9.8250397e-02
   2.3562699e-02  -1.2059300e-01
   7.6433498e-02  -1.2549500e-01
   1.3055200e-01  -1.1119500e-01
   1.7951999e-01  -7.7967998e-02
   2.1730499e-01  -2.8111799e-02
   2.3886199e-01   3.4260599e-02
   2.4065299e-01   1.0361600e-01
   2.2101499e-01   1.7353400e-01
   1.8035699e-01   2.3733699e-01
   1.2114100e-01   2.8873699e-01
   4.7665399e-02   3.2245699e-01
  -3.4324899e-02   3.3475199e-01
  -1.1818200e-01   3.2377999e-01
  -1.9697599e-01   2.8979499e-01
  -2.6415699e-01   2.3513199e-01
  -3.1416399e-01   1.6399400e-01
  -3.4295399e-01   8.2060798e-02
  -3.4837799e-01  -4.0457799e-03
  -3.3036899e-01  -8.7385198e-02
  -2.9094199e-01  -1.6134800e-01
  -2.3397999e-01  -2.2027299e-01
  -1.6485300e-01  -2.5996499e-01
  -8.9891597e-02  -2.7807199e-01
  -1.5773400e-02  -2.7428199e-01
   5.1118699e-02  -2.5031399e-01
   1.0530300e-01  -2.0972299e-01
   1.4271100e-01  -1.5751800e-01
   1.6105900e-01  -9.9648597e-02
   1.6003800e-01  -4.2401399e-02
   1.4130600e-01   8.2280698e-03
   1.0829300e-01   4.7130799e-02
   6.5821498e-02   7.0585398e-02
   1.9603399e-02   7.6616798e-02
  -2.4358899e-02   6.5178498e-02
  -6.0389798e-02   3.8140199e-02
  -8.3724998e-02  -9.1659697e-04
  -9.1000897e-02  -4.7073599e-02
  -8.0602898e-02  -9.4584997e-02
  -5.2837598e-02  -1.3746900e-01
  -9.9113297e-03  -1.7012100e-01
   4.4280799e-02  -1.8789499e-01
   1.0453600e-01  -1.8758399e-01
   1.6485600e-01  -1.6776200e-01
   2.1903799e-01  -1.2895100e-01
   2.6129699e-01  -7.3589198e-02
   2.8683399e-01  -5.8217698e-03
   2.9232499e-01   6.8889998e-02
   2.7625899e-01   1.4428100e-01
   2.3910099e-01   2.1387999e-01
   1.8326799e-01   2.7162299e-01
   1.1290800e-01   3.1243799e-01
   3.3520799e-02   3.3272199e-01
  -4.8558999e-02   3.3069099e-01
  -1.2675500e-01   3.0653999e-01
  -1.9486299e-01   2.6242399e-01
  -2.4763399e-01   2.0224599e-01
  -2.8125099e-01   1.3128100e-01
  -2.9367599e-01   5.5662898e-02
  -2.8482299e-01  -1.8195399e-02
  -2.5653299e-01  -8.4214497e-02
  -2.1237199e-01  -1.3721900e-01
  -1.5726400e-01  -1.7341499e-01
  -9.6988697e-02  -1.9073199e-01
  -3.7606899e-02  -1.8898899e-01
   1.5135900e-02  -1.6987799e-01
   5.6371698e-02  -1.3676000e-01
   8.2577398e-02  -9.4304697e-02
   9.1906497e-02  -4.7995799e-02
   8.4349697e-02  -3.5668799e-03
   6.1713098e-02   3.3586699e-02
   2.7413099e-02   5.8956998e-02
  -1.3887300e-02   6.9380398e-02
  -5.6766298e-02   6.3358398e-02
  -9.5605697e-02   4.1208899e-02
  -1.2517100e-01   5.0358798e-03
  -1.4115600e-01  -4.1481099e-02
  -1.4062600e-01  -9.3455197e-02
  -1.2233900e-01  -1.4528300e-01
  -8.6880897e-02  -1.9120499e-01
  -3.6633099e-02  -2.2588899e-01
   2.4444999e-02  -2.4496599e-01
   9.1189297e-02  -2.4548199e-01
   1.5772400e-01  -2.2620099e-01
   2.1802699e-01  -1.8775099e-01
   2.6651199e-01  -1.3258200e-01
   2.9856899e-01  -6.4749798e-02
   3.1101199e-01   1.0459600e-02
   3.0238799e-01   8.7022997e-02
   2.7312699e-01   1.5874500e-01
   2.2549599e-01   2.1984099e-01
   1.6338999e-01   2.6547699e-01
   9.1962097e-02   2.9221699e-01
   1.7133799e-02   2.9834099e-01
  -5.4966098e-02   2.8398499e-01
  -1.1857700e-01   2.5111499e-01
  -1.6884399e-01   2.0331199e-01
  -2.0226299e-01   1.4541600e-01
  -2.1699399e-01   8.3043797e-02
  -2.1300399e-01   2.2035899e-02
  -1.9204199e-01  -3.2108599e-02
  -1.5743100e-01  -7.4760398e-02
  -1.1371600e-01  -1.0259800e-01
  -6.6186798e-02  -1.1391200e-01
  -2.0343799e-02  -1.0874600e-01
   1.8663899e-02  -8.8866897e-02
   4.6553799e-02  -5.7557598e-02
   6.0336698e-02  -1.9265699e-02
   5.8611698e-02   2.0864799e-02
   4.1699599e-02   5.7528598e-02
   1.1603500e-02   8.5807997e-02
  -2.8199899e-02   1.0168100e-01
  -7.3116198e-02   1.0244000e-01
  -1.1790200e-01   8.6977397e-02
  -1.5719900e-01   5.5908798e-02
  -1.8607899e-01   1.1529400e-02
  -2.0055099e-01  -4.2402199e-02
  -1.9797399e-01  -1.0102500e-01
  -1.7733499e-01  -1.5884499e-01
  -1.3937600e-01  -2.1027699e-01
  -8.6538497e-02  -2.5018399e-01
  -2.2748099e-02  -2.7438799e-01
   4.6949298e-02  -2.8008399e-01
   1.1686100e-01  -2.6611799e-01
   1.8118299e-01  -2.3310999e-01
   2.3455199e-01  -1.8340799e-01
   2.7254799e-01  -1.2086800e-01
   2.9211299e-01  -5.0493898e-02
   2.9182899e-01   2.2030399e-02
   2.7205199e-01   9.0877697e-02
   2.3485899e-01   1.5062200e-01
   1.8384099e-01   1.9674299e-01
   1.2374900e-01   2.2603999e-01
   6.0029898e-02   2.3691399e-01
  -1.6991999e-03   2.2949899e-01
  -5.6189498e-02   2.0561599e-01
  -9.9057097e-02   1.6856899e-01
  -1.2719100e-01   1.2280000e-01
  -1.3903300e-01   7.3432798e-02
  -1.3469900e-01   2.5755399e-02
  -1.1594300e-01  -1.5306099e-02
  -8.5945297e-02  -4.5675399e-02
  -4.8976998e-02  -6.2523798e-02
  -9.9465597e-03  -6.4540998e-02
   2.6108399e-02  -5.2052398e-02
   5.4539898e-02  -2.6971199e-02
   7.1567498e-02   7.4075198e-03
   7.4667098e-02   4.6751398e-02
   6.2832098e-02   8.6138697e-02
   3.6682499e-02   1.2056500e-01
  -1.5893399e-03   1.4545700e-01
  -4.8431098e-02   1.5714799e-01
  -9.9278797e-02   1.5325599e-01
  -1.4900700e-01   1.3294500e-01
  -1.9243799e-01   9.7023097e-02
  -2.2485299e-01   4.7886798e-02
  -2.4246999e-01  -1.0697000e-02
  -2.4281999e-01  -7.3942298e-02
  -2.2500499e-01  -1.3649700e-01
  -1.8979899e-01  -1.9295199e-01
  -1.3958800e-01  -2.3835899e-01
  -7.8157297e-02  -2.6870099e-01
  -1.0334200e-02  -2.8127999e-01
   5.8458198e-02  -2.7496799e-01
   1.2271200e-01  -2.5031699e-01
   1.7734799e-01  -2.0949999e-01
   2.1819099e-01  -1.5610199e-01
   2.4234999e-01  -9.4768797e-02
   2.4847799e-01  -3.0767999e-02
   2.3687999e-01   3.0518399e-02
   2.0945999e-01   8.4101997e-02
   1.6951399e-01   1.2585500e-01
   1.2139400e-01   1.5288999e-01
   7.0069498e-02   1.6381399e-01
   2.0630799e-02   1.5883799e-01
  -2.2207499e-02   1.3972500e-01
  -5.4566598e-02   1.0958400e-01
  -7.3774297e-02   7.2541798e-02
  -7.8613497e-02   3.3307099e-02
  -6.9423498e-02  -3.3118199e-03
  -4.8045898e-02  -3.2899399e-02
  -1.7620299e-02  -5.1881598e-02
   1.7748799e-02  -5.7887498e-02
   5.3420198e-02  -4.9988898e-02
   8.4697297e-02  -2.8794099e-02
   1.0731300e-01   3.6126899e-03
   1.1787400e-01   4.3880598e-02
   1.1421200e-01   8.7727897e-02
   9.5620797e-02   1.3037200e-01
   6.2939198e-02   1.6701099e-01
   1.8488499e-02   1.9330699e-01
  -3.4143599e-02   2.0582699e-01
  -9.0441797e-02   2.0239599e-01
  -1.4539599e-01   1.8232599e-01
  -1.9398499e-01   1.4650299e-01
  -2.3166099e-01   9.7314097e-02
  -2.5479099e-01   3.8439599e-02
  -2.6101299e-01  -2.5493899e-02
  -2.4946099e-01  -8.9343397e-02
  -2.2085899e-01  -1.4793299e-01
  -1.7745299e-01  -1.9653999e-01
  -1.2279500e-01  -2.3133699e-01
  -6.1409998e-02  -2.4974399e-01
   1.6320899e-03  -2.5066599e-01
   6.1198698e-02  -2.3457899e-01
   1.1257400e-01  -2.0346999e-01
   1.5189999e-01  -1.6062899e-01
   1.7652399e-01  -1.1032300e-01
   1.8523599e-01  -5.7366798e-02
   1.7835599e-01  -6.6600398e-03
   1.5767899e-01   3.7292199e-02
   1.2626500e-01   7.0808397e-02
   8.8122197e-02   9.1376797e-02
   4.7790398e-02   9.7882297e-02
   9.8763496e-03   9.0693497e-02
  -2.1409299e-02   7.1602297e-02
  -4.2673998e-02   4.3621398e-02
  -5.1680698e-02   1.0662200e-02
  -4.7566398e-02  -2.2874699e-02
  -3.0922699e-02  -5.2557398e-02
  -3.7296499e-03  -7.4379997e-02
   3.0849799e-02  -8.5177797e-02
   6.8793898e-02  -8.2955697e-02
   1.0563200e-01  -6.7100698e-02
   1.3690000e-01  -3.8454399e-02
   1.5859799e-01   7.5831097e-04
   1.6759899e-01   4.7139698e-02
   1.6197299e-01   9.6447197e-02
   1.4119999e-01   1.4400599e-01
   1.0623500e-01   1.8516499e-01
   5.9435498e-02   2.1575499e-01
   4.3462998e-03   2.3249999e-01
  -5.4627898e-02   2.3334099e-01
  -1.1263800e-01   2.1764599e-01
  -1.6484599e-01   1.8627799e-01
  -2.0688799e-01   1.4152399e-01
  -2.3527999e-01   8.6880597e-02
  -2.4774999e-01   2.6728399e-02
  -2.4344199e-01  -3.4080099e-02
  -2.2299699e-01  -9.0676297e-02
  -1.8847699e-01  -1.3863099e-01
  -1.4315999e-01  -1.7436399e-01
  -9.1219197e-02  -1.9546999e-01
  -3.7316499e-02  -2.0093399e-01
   1.3846899e-02  -1.9119699e-01
   5.7978798e-02  -1.6809799e-01
   9.1601097e-02  -1.3466900e-01
   1.1237100e-01  -9.4817597e-02
   1.1928900e-01  -5.2931698e-02
   1.1277100e-01  -1.3437100e-02
   9.4580197e-02   1.9642099e-02
   6.7632298e-02   4.3080498e-02
   3.5677899e-02   5.4764598e-02
   2.9130599e-03   5.3893098e-02
  -2.6456399e-02   4.1044298e-02
  -4.8647198e-02   1.8105999e-02
  -6.0687398e-02  -1.1927000e-02
  -6.0721298e-02  -4.5264898e-02
  -4.8202798e-02  -7.7714797e-02
  -2.3956099e-02  -1.0511200e-01
   9.9010896e-03  -1.2374800e-01
   5.0163298e-02  -1.3075700e-01
   9.2852997e-02  -1.2441400e-01
   1.3361400e-01  -1.0432400e-01
   1.6814399e-01  -7.1475597e-02
   1.9262299e-01  -2.8164299e-02
   2.0409599e-01   2.2219799e-02
   2.0077399e-01   7.5509397e-02
   1.8221999e-01   1.2715500e-01
   1.4940299e-01   1.7265999e-01
   1.0462100e-01   2.0800799e-01
   5.1287298e-02   2.3005099e-01
  -6.3858198e-03   2.3680699e-01
  -6.3779698e-02   2.2764799e-01
  -1.1630400e-01   2.0336099e-01
  -1.5982499e-01   1.6606899e-01
  -1.9104999e-01   1.1902400e-01
  -2.0782799e-01   6.6295197e-02
  -2.0933899e-01   1.2378200e-02
  -1.9615699e-01  -3.8231399e-02
  -1.7017299e-01  -8.1463497e-02
  -1.3439499e-01  -1.1405300e-01
  -9.2643996e-02  -1.3383699e-01
  -4.9165998e-02  -1.3994599e-01
  -8.2166497e-03  -1.3285899e-01
   2.6357999e-02  -1.1433600e-01
   5.1493498e-02  -8.7216997e-02
   6.5198198e-02  -5.5121798e-02
   6.6735997e-02  -2.2072199e-02
   5.6682398e-02   7.9206097e-03
   3.6849799e-02   3.1265099e-02
   1.0088700e-02   4.5153798e-02
  -2.0012899e-02   4.7846798e-02
  -4.9503598e-02   3.8847199e-02
  -7.4477797e-02   1.8950999e-02
  -9.1479696e-02  -9.8330996e-03
  -9.7861996e-02  -4.4485398e-02
  -9.2063296e-02  -8.1278697e-02
  -7.3777897e-02  -1.1615300e-01
  -4.4000498e-02  -1.4512399e-01
  -4.9409498e-03  -1.6468699e-01
   4.0180798e-02  -1.7217299e-01
   8.7441497e-02  -1.6602299e-01
   1.3259099e-01  -1.4595699e-01
   1.7146399e-01  -1.1301800e-01
   2.0038099e-01  -6.9480397e-02
   2.1650899e-01  -1.8649399e-02
   2.1813599e-01   3.5449799e-02
   2.0483999e-01   8.8448197e-02
   1.7753199e-01   1.3604299e-01
   1.3837499e-01   1.7440299e-01
   9.0574496e-02   2.0052299e-01
   3.8080799e-02   2.1250699e-01
  -1.4789899e-02   2.0973299e-01
  -6.3760097e-02   1.9290199e-01
  -1.0499300e-01   1.6395999e-01
  -1.3544499e-01   1.2589300e-01
  -1.5314799e-01   8.2434497e-02
  -1.5737099e-01   3.7694399e-02
  -1.4867499e-01  -4.2403398e-03
  -1.2883099e-01  -3.9700098e-02
  -1.0062600e-01  -6.5782197e-02
  -6.7570197e-02  -8.0621297e-02
  -3.3535199e-02  -8.3555697e-02
  -2.3611999e-03  -7.5172297e-02
   2.2529499e-02  -5.7227898e-02
   3.8474798e-02  -3.2454199e-02
   4.3835298e-02  -4.2678698e-03
   3.8154498e-02   2.3587099e-02
   2.2198099e-02   4.7427698e-02
  -2.1285599e-03   6.4012297e-02
  -3.1978099e-02   7.0875897e-02
  -6.3852397e-02   6.6587497e-02
  -9.3959996e-02   5.0902798e-02
  -1.1860200e-01   2.4798599e-02
  -1.3455299e-01  -9.6150596e-03
  -1.3938799e-01  -4.9295798e-02
  -1.3174299e-01  -9.0563396e-02
  -1.1145800e-01  -1.2945899e-01
  -7.9614297e-02  -1.6213199e-01
  -3.8438498e-02  -1.8521999e-01
   8.8961696e-03  -1.9618099e-01
   5.8568398e-02  -1.9354699e-01
   1.0646800e-01  -1.7707199e-01
   1.4858399e-01  -1.4776699e-01
   1.8138699e-01  -1.0780900e-01
   2.0215699e-01  -6.0337698e-02
   2.0924499e-01  -9.1642396e-03
   2.0221999e-01   4.1589498e-02
   1.8190399e-01   8.7876296e-02
   1.5028799e-01   1.2610199e-01
   1.1033200e-01   1.5345599e-01
   6.5678297e-02   1.6816999e-01
   2.0295299e-02   1.6966599e-01
  -2.1901699e-02   1.5859299e-01
  -5.7423698e-02   1.3674699e-01
  -8.3535597e-02   1.0687700e-01
  -9.8506896e-02   7.2397397e-02
  -1.0176200e-01   3.7046998e-02
  -9.3915296e-02   4.5103798e-03
  -7.6688097e-02  -2.1945499e-02
  -5.2718098e-02  -3.9792398e-02
  -2.5278699e-02  -4.7484898e-02
   2.0627899e-03  -4.4605398e-02
   2.5813499e-02  -3.1894399e-02
   4.2913998e-02  -1.1165400e-02
   5.1052198e-02   1.4887599e-02
   4.8900898e-02   4.2971098e-02
   3.6256098e-02   6.9531397e-02
   1.4062299e-02   9.1121096e-02
  -1.5677499e-02   1.0475500e-01
  -5.0097598e-02   1.0821800e-01
  -8.5752896e-02   1.0030000e-01
  -1.1896000e-01   8.0931997e-02
  -1.4616299e-01   5.1201798e-02
  -1.6428899e-01   1.3265999e-02
  -1.7105799e-01  -2.9851299e-02
  -1.6521499e-01  -7.4542997e-02
  -1.4666199e-01  -1.1696200e-01
