   3.4270300e+00   2.3055900e-01
   2.9656800e+00   1.6161500e+00
   1.9679800e+00   2.6436200e+00
   6.5801900e-01   3.1224400e+00
  -6.8398600e-01   2.9878400e+00
  -1.7869800e+00   2.3093500e+00
  -2.4491400e+00   1.2677300e+00
  -2.5786300e+00   1.0729300e-01
  -2.2061800e+00  -9.2357200e-01
  -1.4682700e+00  -1.6288400e+00
  -5.6675700e-01  -1.9047700e+00
   2.8365100e-01  -1.7548900e+00
   9.0643600e-01  -1.2782700e+00
   1.2005600e+00  -6.3601800e-01
   1.1560400e+00  -6.0515600e-03
   8.4578300e-01   4.6177500e-01
   3.9801600e-01   6.7905800e-01
  -4.2202300e-02   6.3355000e-01
  -3.5157300e-01   3.8329100e-01
  -4.5757800e-01   3.3653900e-02
  -3.5155300e-01  -2.9515900e-01
  -8.4113900e-02  -5.0095400e-01
   2.5405100e-01  -5.2432000e-01
   5.5957300e-01  -3.5989100e-01
   7.4410700e-01  -5.2694600e-02
   7.5527500e-01   3.1779000e-01
   5.8633000e-01   6.6039700e-01
   2.7350200e-01   8.9528700e-01
  -1.1672200e-01   9.7139700e-01
  -5.0578600e-01   8.7477900e-01
  -8.2142300e-01   6.2714200e-01
  -1.0116300e+00   2.7658100e-01
  -1.0517000e+00  -1.1578800e-01
  -9.4396200e-01  -4.8920300e-01
  -7.1214200e-01  -7.9337500e-01
  -3.9308700e-01  -9.9375700e-01
  -2.8866100e-02  -1.0722100e+00
   3.3882700e-01  -1.0246800e+00
   6.7141200e-01  -8.5812000e-01
   9.3416100e-01  -5.8837300e-01
   1.0965600e+00  -2.3976100e-01
   1.1339200e+00   1.5417600e-01
   1.0309900e+00   5.5036800e-01
   7.8711700e-01   8.9813000e-01
   4.2124000e-01   1.1445000e+00
  -2.5579900e-02   1.2429500e+00
  -4.9226200e-01   1.1640000e+00
  -9.0544300e-01   9.0485800e-01
  -1.1921900e+00   4.9502900e-01
  -1.2953100e+00  -4.6601100e-03
  -1.1874700e+00  -5.1074400e-01
  -8.8043200e-01  -9.3240700e-01
  -4.2598900e-01  -1.1903400e+00
   9.2293200e-02  -1.2347500e+00
   5.7551500e-01  -1.0579100e+00
   9.3052500e-01  -6.9761000e-01
   1.0907300e+00  -2.3017000e-01
   1.0314400e+00   2.4597000e-01
   7.7576600e-01   6.3226900e-01
   3.8925200e-01   8.5254000e-01
  -3.5605700e-02   8.7028700e-01
  -4.0136700e-01   6.9657000e-01
  -6.2873700e-01   3.8635700e-01
  -6.7503900e-01   2.4257100e-02
  -5.4347200e-01  -2.9680400e-01
  -2.8092000e-01  -4.9858500e-01
   3.5016300e-02  -5.3644800e-01
   3.1637900e-01  -4.0949400e-01
   4.8734700e-01  -1.5951600e-01
   5.0316500e-01   1.4076900e-01
   3.6080500e-01   4.0701200e-01
   9.8842700e-02   5.6503000e-01
  -2.1316900e-01   5.6954300e-01
  -4.9289900e-01   4.1519600e-01
  -6.6622500e-01   1.3731100e-01
  -6.8568800e-01  -1.9756500e-01
  -5.4185700e-01  -5.0863200e-01
  -2.6501500e-01  -7.2088300e-01
   8.2938800e-02  -7.8316500e-01
   4.2399800e-01  -6.7986400e-01
   6.8289400e-01  -4.3363300e-01
   8.0453900e-01  -9.8879900e-02
   7.6592800e-01   2.5196200e-01
   5.7992100e-01   5.4569800e-01
   2.9049200e-01   7.2485200e-01
  -3.8898900e-02   7.5949600e-01
  -3.4058400e-01   6.5196300e-01
  -5.5774900e-01   4.3387800e-01
  -6.5578500e-01   1.5683000e-01
  -6.2760300e-01  -1.2057300e-01
  -4.9228400e-01  -3.4590300e-01
  -2.8805500e-01  -4.8329500e-01
  -6.1867700e-02  -5.1892500e-01
   1.4159700e-01  -4.6091300e-01
   2.8889400e-01  -3.3441100e-01
   3.6295600e-01  -1.7368900e-01
   3.6379500e-01  -1.3503100e-02
   3.0533400e-01   1.1812600e-01
   2.0977200e-01   2.0427500e-01
   1.0129400e-01   2.4014500e-01
   7.4447900e-04   2.3116700e-01
  -7.7657900e-02   1.8930900e-01
  -1.2723700e-01   1.2890800e-01
  -1.4780200e-01   6.3213700e-02
  -1.4346600e-01   2.3450700e-03
  -1.2028900e-01  -4.7232100e-02
  -8.4535300e-02  -8.2088300e-02
  -4.1871900e-02  -1.0075000e-01
   2.5797400e-03  -1.0281300e-01
   4.3778800e-02  -8.8656900e-02
   7.6440300e-02  -5.9809900e-02
   9.5271500e-02  -1.9631000e-02
   9.5894200e-02   2.6178100e-02
   7.6217300e-02   6.9727000e-02
   3.7757500e-02   1.0200100e-01
  -1.3681800e-02   1.1473500e-01
  -6.8426500e-02   1.0264100e-01
  -1.1457200e-01   6.5327100e-02
  -1.4058100e-01   8.2229200e-03
  -1.3820700e-01  -5.7921800e-02
  -1.0495600e-01  -1.1903600e-01
  -4.5322100e-02  -1.6083200e-01
   2.9660700e-02  -1.7227700e-01
   1.0457100e-01  -1.4852500e-01
   1.6301300e-01  -9.2495900e-02
   1.9146600e-01  -1.4607100e-02
   1.8260200e-01   6.9352100e-02
   1.3721600e-01   1.4173900e-01
   6.4229600e-02   1.8711600e-01
  -2.1253300e-02   1.9584200e-01
  -1.0138500e-01   1.6631400e-01
  -1.5965600e-01   1.0529800e-01
  -1.8463000e-01   2.6278900e-02
  -1.7242300e-01  -5.3729700e-02
  -1.2735800e-01  -1.1813400e-01
  -6.0685100e-02  -1.5447900e-01
   1.2254700e-02  -1.5707100e-01
   7.5692400e-02  -1.2790800e-01
   1.1700200e-01  -7.5786400e-02
   1.2934500e-01  -1.3886300e-02
   1.1280300e-01   4.3504500e-02
   7.3851200e-02   8.4297100e-02
   2.3378300e-02   1.0115800e-01
  -2.6138500e-02   9.2768300e-02
  -6.3595000e-02   6.3593300e-02
  -8.1640100e-02   2.2348300e-02
  -7.7975500e-02  -2.0364900e-02
  -5.5377500e-02  -5.4616300e-02
  -2.0568100e-02  -7.3288000e-02
   1.7674000e-02  -7.3348000e-02
   5.0640400e-02  -5.6069800e-02
   7.1543500e-02  -2.6281400e-02
   7.6710800e-02   9.0547100e-03
   6.5954400e-02   4.2513800e-02
   4.2166900e-02   6.7727400e-02
   1.0366300e-02   8.0446100e-02
  -2.3502400e-02   7.9008800e-02
  -5.3708800e-02   6.4250100e-02
  -7.5608900e-02   3.8997000e-02
  -8.6151800e-02   7.3627200e-03
  -8.4045200e-02  -2.5971500e-02
  -6.9675500e-02  -5.6365900e-02
  -4.4898900e-02  -7.9684000e-02
  -1.2788800e-02  -9.2638300e-02
   2.2634200e-02  -9.3075700e-02
   5.6718300e-02  -8.0246000e-02
   8.4599300e-02  -5.5039000e-02
   1.0176200e-01  -2.0125400e-02
   1.0472500e-01   2.0106200e-02
   9.1765600e-02   5.9914700e-02
   6.3514000e-02   9.2917600e-02
   2.3242400e-02   1.1310100e-01
  -2.3314300e-02   1.1597400e-01
  -6.8676300e-02   9.9631900e-02
  -1.0481900e-01   6.5461600e-02
  -1.2466700e-01   1.8269100e-02
  -1.2358200e-01  -3.4297300e-02
  -1.0051600e-01  -8.2983600e-02
  -5.8526300e-02  -1.1862900e-01
  -4.4775900e-03  -1.3399800e-01
   5.2073000e-02  -1.2534600e-01
   1.0062400e-01  -9.3376600e-02
   1.3177400e-01  -4.3316200e-02
   1.3914000e-01   1.5924800e-02
   1.2073300e-01   7.3389800e-02
   7.9487500e-02   1.1818300e-01
   2.2799900e-02   1.4162700e-01
  -3.8840300e-02   1.3901000e-01
  -9.3868200e-02   1.1057800e-01
  -1.3190200e-01   6.1532700e-02
  -1.4578500e-01   1.0443600e-03
  -1.3299400e-01  -5.9533700e-02
  -9.6127700e-02  -1.0889200e-01
  -4.2372400e-02  -1.3798200e-01
   1.7947700e-02  -1.4177800e-01
   7.3446600e-02  -1.2022000e-01
   1.1395400e-01  -7.8153300e-02
   1.3252700e-01  -2.4264800e-02
   1.2678400e-01   3.0756800e-02
   9.9273500e-02   7.6460100e-02
   5.6799000e-02   1.0479500e-01
   8.8456000e-03   1.1173300e-01
  -3.4561400e-02   9.7998600e-02
  -6.5088700e-02   6.8724700e-02
  -7.7918700e-02   3.2126200e-02
  -7.2742400e-02  -2.5347200e-03
  -5.3678600e-02  -2.7216900e-02
  -2.8122100e-02  -3.7069400e-02
  -4.7741300e-03  -3.1623700e-02
   8.6846400e-03  -1.4893800e-02
   7.7148700e-03   5.6730000e-03
  -7.7064000e-03   2.1180700e-02
  -3.2837700e-02   2.3745200e-02
  -5.9175800e-02   8.8329800e-03
  -7.6530600e-02  -2.3125300e-02
  -7.5714800e-02  -6.6305200e-02
  -5.1211000e-02  -1.1043800e-01
  -3.1398100e-03  -1.4300800e-01
   6.2019900e-02  -1.5223900e-01
   1.3224000e-01  -1.3020000e-01
   1.9220900e-01  -7.5267400e-02
   2.2661300e-01   6.7001900e-03
   2.2373200e-01   1.0287100e-01
   1.7850400e-01   1.9562000e-01
   9.4314600e-02   2.6600500e-01
  -1.7001900e-02   2.9778800e-01
  -1.3704800e-01   2.8113200e-01
  -2.4430400e-01   2.1510000e-01
  -3.1841600e-01   1.0834000e-01
  -3.4440600e-01  -2.2258000e-02
  -3.1586700e-01  -1.5470400e-01
  -2.3641800e-01  -2.6618100e-01
  -1.1907500e-01  -3.3754300e-01
   1.6321800e-02  -3.5703900e-01
   1.4706900e-01  -3.2248100e-01
   2.5206300e-01  -2.4139100e-01
   3.1578800e-01  -1.2914700e-01
   3.3098200e-01  -5.5967300e-03
   2.9945700e-01   1.0906800e-01
   2.3097500e-01   1.9823300e-01
   1.4054400e-01   2.5173200e-01
   4.4847100e-02   2.6707900e-01
  -4.1334500e-02   2.4892400e-01
  -1.0787400e-01   2.0697500e-01
  -1.5064800e-01   1.5302900e-01
  -1.7128200e-01   9.7887500e-02
  -1.7550600e-01   4.8940300e-02
  -1.7065000e-01   8.9787100e-03
  -1.6302900e-01  -2.3562900e-02
  -1.5592000e-01  -5.3106300e-02
  -1.4866300e-01  -8.4669200e-02
  -1.3707500e-01  -1.2152200e-01
  -1.1503000e-01  -1.6343000e-01
  -7.6723400e-02  -2.0598000e-01
  -1.8992100e-02  -2.4116700e-01
   5.6942600e-02  -2.5910500e-01
   1.4478300e-01  -2.5042200e-01
   2.3370700e-01  -2.0875000e-01
   3.1004600e-01  -1.3270700e-01
   3.5972000e-01  -2.6915300e-02
   3.7089400e-01   9.8151600e-02
   3.3632100e-01   2.2746100e-01
   2.5493700e-01   3.4355400e-01
   1.3245400e-01   4.2912700e-01
  -1.9075200e-02   4.6959900e-01
  -1.8260000e-01   4.5531600e-01
  -3.3807500e-01   3.8311100e-01
  -4.6486100e-01   2.5710300e-01
  -5.4426800e-01   8.8676300e-02
  -5.6202400e-01  -1.0433900e-01
  -5.1046100e-01  -2.9927500e-01
  -3.9021200e-01  -4.7097800e-01
  -2.1112100e-01  -5.9479800e-01
   7.8897200e-03  -6.5001900e-01
   2.4028200e-01  -6.2334200e-01
   4.5478700e-01  -5.1188500e-01
   6.1960200e-01  -3.2505500e-01
   7.0741600e-01  -8.4664900e-02
   7.0051000e-01   1.7713900e-01
   5.9489600e-01   4.2216600e-01
   4.0246700e-01   6.1224100e-01
   1.5036400e-01   7.1606500e-01
  -1.2274900e-01   7.1553900e-01
  -3.7313400e-01   6.1009200e-01
  -5.6007100e-01   4.1781200e-01
  -6.5397700e-01   1.7276000e-01
  -6.4272100e-01  -8.1313900e-02
  -5.3450000e-01  -2.9974000e-01
  -3.5635500e-01  -4.4634100e-01
  -1.4832500e-01  -5.0130200e-01
   4.5617300e-02  -4.6550700e-01
   1.8784500e-01  -3.6006700e-01
   2.5607300e-01  -2.2087100e-01
   2.4873000e-01  -8.9280600e-02
   1.8511300e-01  -1.1461900e-03
   1.0001700e-01   2.3074200e-02
   3.3917700e-02  -1.5603900e-02
   2.1104300e-02  -9.4274800e-02
   7.8835000e-02  -1.7388200e-01
   2.0056900e-01  -2.0998300e-01
   3.5545100e-01  -1.6596200e-01
   4.9470200e-01  -2.5255700e-02
   5.6376400e-01   2.0085700e-01
   5.1738700e-01   4.7242500e-01
   3.3385300e-01   7.2783000e-01
   2.4419500e-02   8.9745900e-01
  -3.6495800e-01   9.2104600e-01
  -7.6077200e-01   7.6444600e-01
  -1.0769100e+00   4.3145800e-01
  -1.2342000e+00  -3.2741800e-02
  -1.1800600e+00  -5.4808900e-01
  -9.0317100e-01  -1.0151400e+00
  -4.3944800e-01  -1.3363500e+00
   1.3287100e-01  -1.4382900e+00
   7.0829900e-01  -1.2894500e+00
   1.1762000e+00  -9.0909400e-01
   1.4449100e+00  -3.6474200e-01
   1.4621200e+00   2.4144200e-01
   1.2267400e+00   7.9447800e-01
   7.8909300e-01   1.1914900e+00
   2.3947200e-01   1.3639200e+00
  -3.1238500e-01   1.2916500e+00
  -7.6190600e-01   1.0058600e+00
  -1.0325000e+00   5.7995100e-01
  -1.0911000e+00   1.1097700e-01
  -9.5293500e-01  -3.0374800e-01
  -6.7453700e-01  -5.8899100e-01
  -3.3722100e-01  -7.0747100e-01
  -2.5416800e-02  -6.6552900e-01
   1.9446900e-01  -5.0758800e-01
   2.8930500e-01  -3.0126000e-01
   2.6490000e-01  -1.1736500e-01
   1.6101700e-01  -1.0273900e-02
   3.7473200e-02  -3.7892600e-03
  -4.4601700e-02  -8.6129600e-02
  -4.1110800e-02  -2.1505900e-01
   6.2053200e-02  -3.3144700e-01
   2.4484600e-01  -3.7732300e-01
   4.5864500e-01  -3.1334100e-01
   6.3983300e-01  -1.3089400e-01
   7.2752400e-01   1.4436000e-01
   6.8055400e-01   4.5836600e-01
   4.8913700e-01   7.4218000e-01
   1.7819600e-01   9.2935300e-01
  -1.9832500e-01   9.7247700e-01
  -5.7040000e-01   8.5458000e-01
  -8.6844600e-01   5.9259100e-01
  -1.0390200e+00   2.3234800e-01
  -1.0556700e+00  -1.6306200e-01
  -9.2244600e-01  -5.2816900e-01
  -6.6992300e-01  -8.0908200e-01
  -3.4531400e-01  -9.7299500e-01
  -1.5124900e-04  -1.0112300e+00
   3.2088500e-01  -9.3587500e-01
   5.8697000e-01  -7.7187800e-01
   7.8259400e-01  -5.4780300e-01
   9.0399000e-01  -2.8836900e-01
   9.5271900e-01  -1.1163900e-02
   9.2942800e-01   2.7187800e-01
   8.3059900e-01   5.4941000e-01
   6.4987300e-01   8.0464700e-01
   3.8371800e-01   1.0114800e+00
   3.9407400e-02   1.1352000e+00
  -3.5793600e-01   1.1387800e+00
  -7.6259700e-01   9.9350000e-01
  -1.1121400e+00   6.9104400e-01
  -1.3382500e+00   2.5291400e-01
  -1.3824800e+00  -2.6654300e-01
  -1.2130300e+00  -7.8589000e-01
  -8.3757500e-01  -1.2110400e+00
  -3.0783100e-01  -1.4556200e+00
   2.8680800e-01  -1.4623600e+00
   8.3606600e-01  -1.2197400e+00
   1.2327600e+00  -7.6876800e-01
   1.3981800e+00  -1.9714900e-01
   1.3022700e+00   3.7881300e-01
   9.7286500e-01   8.4068100e-01
   4.9074700e-01   1.0963300e+00
  -2.8954900e-02   1.1030000e+00
  -4.6489600e-01   8.7854600e-01
  -7.2015700e-01   4.9737000e-01
  -7.4736300e-01   7.1471900e-02
  -5.6135300e-01  -2.7896800e-01
  -2.3552500e-01  -4.5792800e-01
   1.1776500e-01  -4.2020300e-01
   3.7800400e-01  -1.8494300e-01
   4.5056800e-01   1.6809700e-01
   2.9483700e-01   5.1924500e-01
  -6.1540800e-02   7.4153300e-01
  -5.2670400e-01   7.3686300e-01
  -9.6663700e-01   4.6596800e-01
  -1.2400300e+00  -3.6227100e-02
  -1.2370700e+00  -6.6466700e-01
  -9.1195000e-01  -1.2674300e+00
  -3.0008800e-01  -1.6828800e+00
   4.8513900e-01  -1.7813500e+00
   1.2761300e+00  -1.5008400e+00
   1.8899000e+00  -8.6695500e-01
   2.1725400e+00   8.4491600e-03
   2.0381700e+00   9.5024400e-01
   1.4922800e+00   1.7594700e+00
   6.3335800e-01   2.2596600e+00
  -3.6800900e-01   2.3385400e+00
  -1.3076600e+00   1.9749300e+00
  -1.9945600e+00   1.2438900e+00
  -2.2942500e+00   2.9905700e-01
  -2.1584900e+00  -6.6342400e-01
  -1.6339600e+00  -1.4503500e+00
  -8.4840800e-01  -1.9150100e+00
   2.1872200e-02  -1.9883400e+00
   7.9470600e-01  -1.6904000e+00
   1.3240100e+00  -1.1201500e+00
   1.5308500e+00  -4.2697000e-01
   1.4163800e+00   2.2820100e-01
   1.0544500e+00   7.1188400e-01
   5.6695800e-01   9.4746600e-01
   8.9059000e-02   9.2815500e-01
  -2.6604900e-01   7.1124700e-01
  -4.3379000e-01   3.9641800e-01
  -4.0990400e-01   9.4813500e-02
  -2.4514200e-01  -1.0230000e-01
  -2.5564700e-02  -1.4691000e-01
   1.5527800e-01  -4.3932600e-02
   2.2414500e-01   1.5453700e-01
   1.4827300e-01   3.6779200e-01
  -5.7167700e-02   5.1197000e-01
  -3.3562500e-01   5.2489600e-01
  -6.0704000e-01   3.8344100e-01
  -7.9140000e-01   1.0900200e-01
  -8.3106900e-01  -2.3971900e-01
  -7.0574300e-01  -5.8385000e-01
  -4.3634200e-01  -8.4600600e-01
  -7.7509300e-02  -9.7014900e-01
   2.9837800e-01  -9.3424800e-01
   6.2055600e-01  -7.5279600e-01
   8.3685300e-01  -4.6933500e-01
   9.2371100e-01  -1.4208400e-01
   8.8708200e-01   1.7248800e-01
   7.5495500e-01   4.3304600e-01
   5.6478800e-01   6.2001400e-01
   3.5046700e-01   7.3414000e-01
   1.3324000e-01   7.8845400e-01
  -8.0572400e-02   7.9720200e-01
  -2.9477600e-01   7.6621300e-01
  -5.1367100e-01   6.8855000e-01
  -7.3160900e-01   5.4730900e-01
  -9.2620200e-01   3.2485000e-01
  -1.0585000e+00   1.5271600e-02
  -1.0811700e+00  -3.6451500e-01
  -9.5287100e-01  -7.6969000e-01
  -6.5470700e-01  -1.1314300e+00
  -2.0328400e-01  -1.3700700e+00
   3.4445400e-01  -1.4148000e+00
   8.9753400e-01  -1.2247200e+00
   1.3481300e+00  -8.0499900e-01
   1.5960500e+00  -2.1286100e-01
   1.5743500e+00   4.4965800e-01
   1.2692900e+00   1.0554900e+00
   7.2835200e-01   1.4807300e+00
   5.3506400e-02   1.6343000e+00
  -6.1979800e-01   1.4814300e+00
  -1.1531700e+00   1.0544000e+00
  -1.4379700e+00   4.4698800e-01
  -1.4217100e+00  -2.0645900e-01
  -1.1213200e+00  -7.6272800e-01
  -6.1923700e-01  -1.1042300e+00
  -4.3100200e-02  -1.1675300e+00
   4.6612000e-01  -9.5849800e-01
   7.8948400e-01  -5.4989500e-01
   8.5983500e-01  -6.1935800e-02
   6.7819100e-01   3.6935000e-01
   3.1243300e-01   6.2775800e-01
  -1.2144800e-01   6.4728900e-01
  -4.9068200e-01   4.2929400e-01
  -6.8148300e-01   4.1862500e-02
  -6.2983800e-01  -3.9844000e-01
  -3.3925600e-01  -7.5775400e-01
   1.1925300e-01  -9.2087600e-01
   6.2500100e-01  -8.2259500e-01
   1.0386800e+00  -4.6621100e-01
   1.2386000e+00   7.5620300e-02
   1.1528200e+00   6.7797500e-01
   7.7878800e-01   1.1943300e+00
   1.8562300e-01   1.4929700e+00
  -5.0161400e-01   1.4899200e+00
  -1.1315400e+00   1.1701500e+00
  -1.5625100e+00   5.9179500e-01
  -1.6960800e+00  -1.2731900e-01
  -1.4997400e+00  -8.3735000e-01
  -1.0135800e+00  -1.3912100e+00
  -3.3974700e-01  -1.6778600e+00
   3.8222400e-01  -1.6461500e+00
   1.0078100e+00  -1.3139500e+00
   1.4195200e+00  -7.6092000e-01
   1.5510300e+00  -1.0766700e-01
   1.3981900e+00   5.1317600e-01
   1.0151400e+00   9.8651300e-01
   4.9763700e-01   1.2380500e+00
  -4.1588200e-02   1.2462900e+00
  -4.9889800e-01   1.0414400e+00
  -8.0094900e-01   6.9275000e-01
  -9.1656300e-01   2.8845200e-01
  -8.5748100e-01  -8.6072700e-02
  -6.6916600e-01  -3.6651700e-01
  -4.1514100e-01  -5.2031700e-01
  -1.5955400e-01  -5.4822600e-01
   4.7491300e-02  -4.7772600e-01
   1.7862500e-01  -3.5118200e-01
   2.3069900e-01  -2.1257800e-01
   2.1993000e-01  -9.6495300e-02
   1.7312100e-01  -2.1789000e-02
   1.1805200e-01   9.2125200e-03
   7.5836200e-02   6.8867300e-03
   5.6996000e-02  -1.2087800e-02
   6.1584200e-02  -3.1280900e-02
   8.2377100e-02  -3.9181200e-02
   1.0937800e-01  -3.0950600e-02
   1.3376900e-01  -7.4060300e-03
   1.4998800e-01   2.7668900e-02
   1.5557900e-01   7.0338700e-02
   1.4940700e-01   1.1809900e-01
   1.2951400e-01   1.6957000e-01
   9.1973900e-02   2.2256700e-01
   3.1649200e-02   2.7162700e-01
  -5.5097600e-02   3.0642300e-01
  -1.6663200e-01   3.1231100e-01
  -2.9275300e-01   2.7350000e-01
  -4.1353300e-01   1.7831100e-01
  -5.0145400e-01   2.5049400e-02
  -5.2698100e-01  -1.7354500e-01
  -4.6652000e-01  -3.8920000e-01
  -3.1069400e-01  -5.8149400e-01
  -7.0411300e-02  -7.0562600e-01
   2.2152900e-01  -7.2304000e-01
   5.1449800e-01  -6.1231000e-01
   7.4950500e-01  -3.7727200e-01
   8.7218500e-01  -4.9772400e-02
   8.4627100e-01   3.1433500e-01
   6.6404000e-01   6.4562400e-01
   3.5075200e-01   8.7586600e-01
  -3.8539100e-02   9.5374100e-01
  -4.2955500e-01   8.5758000e-01
  -7.4455500e-01   6.0181000e-01
  -9.1965700e-01   2.3516600e-01
  -9.1956800e-01  -1.6920900e-01
  -7.4601500e-01  -5.2966300e-01
  -4.3772000e-01  -7.7420700e-01
  -6.1753400e-02  -8.5663600e-01
   3.0173300e-01  -7.6669300e-01
   5.7774500e-01  -5.3182300e-01
   7.1328000e-01  -2.1012200e-01
   6.8873900e-01   1.2375200e-01
   5.2125600e-01   3.9621900e-01
   2.5930200e-01   5.5167900e-01
  -2.9920900e-02   5.6462900e-01
  -2.7708000e-01   4.4421400e-01
  -4.2715500e-01   2.3036000e-01
  -4.5177900e-01  -1.7281100e-02
  -3.5464900e-01  -2.3463100e-01
  -1.6896600e-01  -3.6885200e-01
   5.2122000e-02  -3.9056000e-01
   2.4943400e-01  -2.9979200e-01
   3.7246400e-01  -1.2455500e-01
   3.9126700e-01   8.7303400e-02
   3.0279100e-01   2.8062200e-01
   1.3042800e-01   4.0658100e-01
  -8.2749600e-02   4.3414200e-01
  -2.8507700e-01   3.5666300e-01
  -4.2882500e-01   1.9240200e-01
  -4.8110600e-01  -2.0840100e-02
  -4.3070800e-01  -2.3528800e-01
  -2.8954700e-01  -4.0445500e-01
  -8.8791800e-02  -4.9337900e-01
   1.2903300e-01  -4.8557900e-01
   3.1985300e-01  -3.8542600e-01
   4.4739900e-01  -2.1581200e-01
   4.9009800e-01  -1.2080100e-02
   4.4425500e-01   1.8609300e-01
   3.2325100e-01   3.4289200e-01
   1.5339900e-01   4.3292200e-01
  -3.2268000e-02   4.4496900e-01
  -2.0074900e-01   3.8260900e-01
  -3.2496300e-01   2.6198000e-01
  -3.8778300e-01   1.0760000e-01
  -3.8379800e-01  -5.2689300e-02
  -3.1887500e-01  -1.9261500e-01
  -2.0800800e-01  -2.9142100e-01
  -7.2103400e-02  -3.3644200e-01
   6.5645300e-02  -3.2420600e-01
   1.8326600e-01  -2.6019400e-01
   2.6303500e-01  -1.5748800e-01
   2.9378500e-01  -3.4580200e-02
   2.7234400e-01   8.7405200e-02
   2.0395600e-01   1.8784200e-01
   1.0159100e-01   2.4976600e-01
  -1.5924900e-02   2.6269500e-01
  -1.2683300e-01   2.2465000e-01
  -2.1013000e-01   1.4291100e-01
  -2.4946600e-01   3.3182600e-02
  -2.3652100e-01  -8.2921300e-02
  -1.7311300e-01  -1.8179000e-01
  -7.1414700e-02  -2.4248400e-01
   4.7987500e-02  -2.5123100e-01
   1.5999300e-01  -2.0472800e-01
   2.4015200e-01  -1.1139000e-01
   2.7002700e-01   9.9189800e-03
   2.4151600e-01   1.3357000e-01
   1.5908000e-01   2.3258300e-01
   3.9200600e-02   2.8460700e-01
  -9.2921800e-02   2.7708300e-01
  -2.0880600e-01   2.1035000e-01
  -2.8304700e-01   9.7867500e-02
  -2.9911800e-01  -3.6589400e-02
  -2.5323800e-01  -1.6418200e-01
  -1.5533400e-01  -2.5750800e-01
  -2.6828200e-02  -2.9683500e-01
   1.0426000e-01  -2.7457400e-01
   2.0974800e-01  -1.9692100e-01
   2.6772900e-01  -8.2278900e-02
   2.6748600e-01   4.3169600e-02
   2.1171400e-01   1.5164400e-01
   1.1555100e-01   2.2021700e-01
   2.7050400e-03   2.3599000e-01
  -1.0035700e-01   1.9876200e-01
  -1.7070600e-01   1.2063100e-01
  -1.9422500e-01   2.2668900e-02
  -1.6860900e-01  -7.0426500e-02
  -1.0343700e-01  -1.3636900e-01
  -1.7402800e-02  -1.6053200e-01
   6.6558100e-02  -1.3917200e-01
   1.2697200e-01  -7.9911400e-02
   1.4897900e-01   5.2209700e-04
   1.2769700e-01   8.0668200e-02
   6.9081200e-02   1.3967500e-01
  -1.1847800e-02   1.6230100e-01
  -9.4859600e-02   1.4239200e-01
  -1.5945500e-01   8.4085500e-02
  -1.8967800e-01   5.5284500e-04
  -1.7767700e-01  -8.9306800e-02
  -1.2524800e-01  -1.6534600e-01
  -4.3124400e-02  -2.1072700e-01
   5.1720400e-02  -2.1551800e-01
   1.3999600e-01  -1.7856100e-01
   2.0430300e-01  -1.0731700e-01
   2.3266700e-01  -1.5856200e-02
   2.2066100e-01   7.8409700e-02
   1.7179300e-01   1.5845100e-01
   9.6207000e-02   2.1094400e-01
   8.1601000e-03   2.2852900e-01
  -7.7074900e-02   2.1063600e-01
  -1.4615800e-01   1.6286900e-01
  -1.8988900e-01   9.5252800e-02
  -2.0431300e-01   1.9859000e-02
  -1.9065800e-01  -5.1608800e-02
  -1.5429600e-01  -1.0977400e-01
  -1.0311000e-01  -1.4876000e-01
  -4.5700300e-02  -1.6648500e-01
   1.0158300e-02  -1.6418300e-01
   5.8549700e-02  -1.4542300e-01
   9.5834200e-02  -1.1493700e-01
   1.2051300e-01  -7.7565600e-02
   1.3271500e-01  -3.7523000e-02
   1.3354100e-01   1.9370600e-03
   1.2446800e-01   3.8494000e-02
   1.0696100e-01   7.0494100e-02
   8.2357700e-02   9.6610000e-02
   5.1971100e-02   1.1557600e-01
   1.7325800e-02   1.2609800e-01
  -1.9603700e-02   1.2696400e-01
  -5.6268600e-02   1.1732400e-01
  -8.9606700e-02   9.7035300e-02
  -1.1630500e-01   6.6974500e-02
  -1.3322500e-01   2.9209200e-02
  -1.3790100e-01  -1.3040100e-02
  -1.2901200e-01  -5.5665900e-02
  -1.0672200e-01  -9.4136000e-02
  -7.2805800e-02  -1.2408000e-01
  -3.0529000e-02  -1.4189900e-01
   1.5706300e-02  -1.4529300e-01
   6.0905300e-02  -1.3360900e-01
   1.0012000e-01  -1.0796300e-01
   1.2908700e-01  -7.1101300e-02
   1.4475400e-01  -2.7033200e-02
   1.4562900e-01   1.9495800e-02
   1.3189700e-01   6.3609600e-02
   1.0530300e-01   1.0088300e-01
   6.8849200e-02   1.2781300e-01
   2.6353900e-02   1.4212500e-01
  -1.8018200e-02   1.4288300e-01
  -6.0196200e-02   1.3043500e-01
  -9.6546500e-02   1.0622100e-01
  -1.2409800e-01   7.2534200e-02
  -1.4065600e-01   3.2265700e-02
  -1.4484500e-01  -1.1302500e-02
  -1.3612600e-01  -5.4660200e-02
  -1.1482500e-01  -9.4204800e-02
  -8.2190600e-02  -1.2639000e-01
  -4.0459900e-02  -1.4793300e-01
   7.1137000e-03  -1.5610900e-01
   5.6338900e-02  -1.4911400e-01
   1.0232800e-01  -1.2645900e-01
   1.3992700e-01  -8.9299600e-02
   1.6432700e-01  -4.0606000e-02
   1.7176100e-01   1.4923300e-02
   1.6019400e-01   7.1248600e-02
   1.2983900e-01   1.2167100e-01
   8.3383300e-02   1.5972400e-01
   2.5835700e-02   1.8014600e-01
  -3.6031400e-02   1.7974600e-01
  -9.4570900e-02   1.5800100e-01
  -1.4234900e-01   1.1726000e-01
  -1.7324500e-01   6.2482400e-02
  -1.8337000e-01   5.5720800e-04
  -1.7163200e-01  -6.0695300e-02
  -1.3986800e-01  -1.1366100e-01
  -9.2507300e-02  -1.5201000e-01
  -3.5851100e-02  -1.7154100e-01
   2.2889600e-02  -1.7065800e-01
   7.6630600e-02  -1.5042600e-01
   1.1934800e-01  -1.1423800e-01
   1.4677400e-01  -6.7184800e-02
   1.5677200e-01  -1.5250800e-02
   1.4938300e-01   3.5502200e-02
   1.2659000e-01   7.9659200e-02
   9.1876600e-02   1.1299100e-01
   4.9678800e-02   1.3277700e-01
   4.8230900e-03   1.3791400e-01
  -3.7991100e-02   1.2885600e-01
  -7.4623100e-02   1.0741500e-01
  -1.0182400e-01   7.6478800e-02
  -1.1746700e-01   3.9669200e-02
  -1.2068100e-01   9.6804299e-04
  -1.1187300e-01  -3.5678900e-02
  -9.2636600e-02  -6.6751100e-02
  -6.5547600e-02  -8.9505500e-02
  -3.3835800e-02  -1.0224500e-01
  -9.8199499e-04  -1.0446200e-01
   2.9717700e-02  -9.6814099e-02
   5.5544300e-02  -8.0942000e-02
   7.4633800e-02  -5.9135800e-02
   8.6083700e-02  -3.3935900e-02
   8.9874500e-02  -7.7443400e-03
   8.6633900e-02   1.7458800e-02
   7.7319700e-02   4.0232800e-02
   6.2923300e-02   5.9609600e-02
   4.4288300e-02   7.4885200e-02
   2.2110000e-02   8.5360000e-02
  -2.8837000e-03   9.0143099e-02
  -2.9632300e-02   8.8126000e-02
  -5.6442800e-02   7.8181600e-02
  -8.0830300e-02   5.9572000e-02
  -9.9618099e-02   3.2465400e-02
  -1.0935100e-01  -1.5939700e-03
  -1.0698000e-01  -3.9443400e-02
  -9.0692999e-02  -7.6431200e-02
  -6.0665400e-02  -1.0698000e-01
  -1.9521900e-02  -1.2553200e-01
   2.7689200e-02  -1.2770600e-01
   7.4090000e-02  -1.1140500e-01
   1.1208500e-01  -7.7595300e-02
   1.3479600e-01  -3.0517700e-02
   1.3752000e-01   2.2801000e-02
   1.1887200e-01   7.3691000e-02
   8.1313300e-02   1.1344400e-01
   3.0892900e-02   1.3504500e-01
  -2.3790600e-02   1.3465000e-01
  -7.3223900e-02   1.1245500e-01
  -1.0886600e-01   7.2738000e-02
  -1.2486700e-01   2.3023800e-02
  -1.1924100e-01  -2.7446400e-02
  -9.4195699e-02  -6.9620900e-02
  -5.5571100e-02  -9.6480499e-02
  -1.1489000e-02  -1.0440500e-01
   2.9449100e-02  -9.3755499e-02
   6.0003000e-02  -6.8556600e-02
   7.5742100e-02  -3.5375700e-02
   7.5778900e-02  -1.6901400e-03
   6.2642700e-02   2.5851100e-02
   4.1365000e-02   4.2851300e-02
   1.8036500e-02   4.7947100e-02
  -1.7781500e-03   4.2789300e-02
  -1.4367800e-02   3.1272900e-02
  -1.8618300e-02   1.8255000e-02
  -1.6015200e-02   8.1197700e-03
  -9.9420199e-03   3.5744500e-03
  -4.4958700e-03   4.9879900e-03
  -3.1593800e-03   1.0427600e-02
  -7.6978400e-03   1.6360500e-02
  -1.7579100e-02   1.8811600e-02
  -3.0069000e-02   1.4650100e-02
  -4.0971300e-02   2.6490800e-03
  -4.5811900e-02  -1.5972600e-02
  -4.1147900e-02  -3.7677700e-02
  -2.5655600e-02  -5.7383500e-02
  -7.0493800e-04  -6.9687100e-02
   2.9734300e-02  -7.0236900e-02
   5.9845400e-02  -5.6906600e-02
   8.3198799e-02  -3.0480300e-02
   9.4179499e-02   5.3213700e-03
   8.9271799e-02   4.4483100e-02
   6.7911700e-02   7.9859399e-02
   3.2718700e-02   1.0459800e-01
  -1.0929900e-02   1.1350900e-01
  -5.5879200e-02   1.0410100e-01
  -9.4510499e-02   7.7071500e-02
  -1.2011600e-01   3.6195300e-02
  -1.2806900e-01  -1.2349700e-02
  -1.1658900e-01  -6.1052400e-02
  -8.6991499e-02  -1.0232100e-01
  -4.3424800e-02  -1.2969000e-01
   7.8208999e-03  -1.3879800e-01
   5.9295200e-02  -1.2800300e-01
   1.0349200e-01  -9.8576199e-02
   1.3392400e-01  -5.4496300e-02
   1.4602700e-01  -1.8731700e-03
   1.3781300e-01   5.1894800e-02
   1.1017300e-01   9.9141399e-02
   6.6816400e-02   1.3301100e-01
   1.3817400e-02   1.4847000e-01
  -4.1200800e-02   1.4311500e-01
  -9.0163499e-02   1.1763700e-01
  -1.2579400e-01   7.5845999e-02
  -1.4282600e-01   2.4174200e-02
  -1.3896800e-01  -2.9304000e-02
  -1.1539600e-01  -7.6221099e-02
  -7.6635999e-02  -1.0941400e-01
  -2.9786900e-02  -1.2428300e-01
   1.6822600e-02  -1.1970500e-01
   5.5300400e-02  -9.8269899e-02
   7.9834799e-02  -6.5714300e-02
   8.7931599e-02  -2.9632600e-02
   8.0920299e-02   2.2947600e-03
   6.3550100e-02   2.4149400e-02
   4.2713200e-02   3.3242400e-02
   2.5561500e-02   3.0796200e-02
   1.7467600e-02   2.1601400e-02
   2.0366500e-02   1.2662200e-02
   3.1963200e-02   1.1114600e-02
   4.6104100e-02   2.1928400e-02
   5.4322500e-02   4.6015500e-02
   4.8247100e-02   7.9315799e-02
   2.2292700e-02   1.1322800e-01
  -2.4085700e-02   1.3642100e-01
  -8.5253599e-02   1.3768700e-01
  -1.4982300e-01   1.0918500e-01
  -2.0271700e-01   4.9229500e-02
  -2.2852300e-01  -3.6154600e-02
  -2.1539500e-01  -1.3349200e-01
  -1.5857000e-01  -2.2405400e-01
  -6.2530500e-02  -2.8765000e-01
   5.8840300e-02  -3.0721900e-01
   1.8437800e-01  -2.7316000e-01
   2.8968900e-01  -1.8630500e-01
   3.5232700e-01  -5.8701200e-02
   3.5692100e-01   8.8145199e-02
   2.9903100e-01   2.2733100e-01
   1.8674600e-01   3.3208800e-01
   3.9513800e-02   3.8156100e-01
  -1.1563000e-01   3.6549700e-01
  -2.4966900e-01   2.8669300e-01
  -3.3777800e-01   1.6057800e-01
  -3.6465000e-01   1.1950500e-02
  -3.2771400e-01  -1.3041000e-01
  -2.3747200e-01  -2.4002000e-01
  -1.1486400e-01  -2.9838300e-01
   1.3701800e-02  -2.9876500e-01
   1.2246600e-01  -2.4716700e-01
   1.9210500e-01  -1.6029200e-01
   2.1379400e-01  -6.1066500e-02
   1.9060100e-01   2.7167100e-02
   1.3592000e-01   8.6317199e-02
   6.9413099e-02   1.0766600e-01
   1.1541300e-02   9.3449699e-02
  -2.1897100e-02   5.5565100e-02
  -2.3809200e-02   1.1784200e-02
   2.5822000e-03  -1.9473600e-02
   4.4942400e-02  -2.4430200e-02
   8.5486199e-02   2.0967000e-03
   1.0610800e-01   5.5103100e-02
   9.3619099e-02   1.2057900e-01
   4.3704800e-02   1.7914300e-01
  -3.7424200e-02   2.1117700e-01
  -1.3413500e-01   2.0212900e-01
  -2.2494600e-01   1.4661700e-01
  -2.8766300e-01   5.0286500e-02
  -3.0478600e-01  -7.1048899e-02
  -2.6785300e-01  -1.9475800e-01
  -1.7964000e-01  -2.9638600e-01
  -5.3753100e-02  -3.5507200e-01
   8.8256599e-02  -3.5808000e-01
   2.2149200e-01  -3.0341500e-01
   3.2288200e-01  -1.9999100e-01
   3.7571600e-01  -6.5453599e-02
   3.7255900e-01   7.7717999e-02
   3.1601600e-01   2.0680100e-01
   2.1737400e-01   3.0304100e-01
   9.3669399e-02   3.5458300e-01
  -3.5988300e-02   3.5766500e-01
  -1.5390700e-01   3.1604300e-01
  -2.4638400e-01   2.3911900e-01
  -3.0497900e-01   1.3942300e-01
  -3.2651000e-01   3.0190700e-02
  -3.1214400e-01  -7.6435699e-02
  -2.6611000e-01  -1.7035100e-01
  -1.9454600e-01  -2.4368400e-01
  -1.0480300e-01  -2.9058600e-01
  -5.2207700e-03  -3.0703900e-01
   9.4855599e-02  -2.9100000e-01
   1.8519700e-01  -2.4295300e-01
   2.5530900e-01  -1.6668200e-01
   2.9569200e-01  -6.9847699e-02
   2.9962600e-01   3.6099300e-02
   2.6501700e-01   1.3699300e-01
   1.9573500e-01   2.1805900e-01
   1.0183600e-01   2.6671700e-01
  -1.6738800e-03   2.7543800e-01
  -9.7481799e-02   2.4384900e-01
  -1.6954500e-01   1.7937500e-01
  -2.0674500e-01   9.6017099e-02
  -2.0564600e-01   1.1380600e-02
  -1.7149300e-01  -5.7450400e-02
  -1.1702800e-01  -9.8156799e-02
  -5.9244899e-02  -1.0640400e-01
  -1.4824300e-02  -8.7058899e-02
   4.5769100e-03  -5.2917600e-02
  -4.1321100e-03  -2.1116200e-02
  -3.4192700e-02  -8.0734099e-03
  -7.0509299e-02  -2.4297200e-02
  -9.3743399e-02  -7.0530699e-02
  -8.6026899e-02  -1.3645200e-01
  -3.6797900e-02  -2.0251800e-01
   5.2891200e-02  -2.4470600e-01
   1.6894800e-01  -2.4107000e-01
   2.8636300e-01  -1.7845300e-01
   3.7461100e-01  -5.7514399e-02
   4.0517600e-01   1.0546500e-01
   3.5933100e-01   2.8075000e-01
   2.3417200e-01   4.3106400e-01
   4.5153200e-02   5.2000800e-01
  -1.7576600e-01   5.2099900e-01
  -3.8620900e-01   4.2449000e-01
  -5.4244800e-01   2.4157100e-01
  -6.0935399e-01   2.8241700e-03
  -5.6884999e-01  -2.4749900e-01
  -4.2473500e-01  -4.6076700e-01
  -2.0259300e-01  -5.9461599e-01
   5.5331500e-02  -6.2242499e-01
   2.9917600e-01  -5.3935800e-01
   4.8232700e-01  -3.6347100e-01
   5.7155799e-01  -1.3160400e-01
   5.5404400e-01   1.0897900e-01
   4.3961500e-01   3.1120300e-01
   2.5778100e-01   4.3851000e-01
   5.0326200e-02   4.7246300e-01
  -1.3865200e-01   4.1589800e-01
  -2.7282500e-01   2.9098800e-01
  -3.3140400e-01   1.3287300e-01
  -3.1282400e-01  -1.9441400e-02
  -2.3360800e-01  -1.3260400e-01
  -1.2292900e-01  -1.8649300e-01
  -1.4380700e-02  -1.7808400e-01
   6.2831899e-02  -1.2082600e-01
   9.1071699e-02  -3.9902200e-02
   6.8073399e-02   3.5223700e-02
   6.5794499e-03   7.8953399e-02
  -6.9901699e-02   7.6280299e-02
  -1.3395000e-01   2.6442500e-02
  -1.6182400e-01  -5.7295299e-02
  -1.3982000e-01  -1.5150500e-01
  -6.7815099e-02  -2.2895900e-01
   4.0770300e-02  -2.6578000e-01
   1.6243300e-01  -2.4752300e-01
   2.6945000e-01  -1.7273500e-01
   3.3658000e-01  -5.3229999e-02
   3.4691900e-01   8.8824999e-02
   2.9555800e-01   2.2611400e-01
   1.9030200e-01   3.3228900e-01
   4.9514300e-02   3.8749800e-01
  -1.0219000e-01   3.8209500e-01
  -2.3921200e-01   3.1787700e-01
  -3.3991300e-01   2.0681700e-01
  -3.9020000e-01   6.7908199e-02
  -3.8515100e-01  -7.6941499e-02
  -3.2867400e-01  -2.0693500e-01
  -2.3162300e-01  -3.0549300e-01
  -1.0911800e-01  -3.6201700e-01
   2.2205300e-02  -3.7228300e-01
   1.4644300e-01  -3.3781200e-01
   2.4991200e-01  -2.6471400e-01
   3.2196200e-01  -1.6246100e-01
   3.5536100e-01  -4.2867100e-02
   3.4658900e-01   8.0726499e-02
   2.9620100e-01   1.9424200e-01
   2.0925500e-01   2.8390800e-01
   9.5511299e-02   3.3772900e-01
  -3.0931400e-02   3.4732300e-01
  -1.5291000e-01   3.0981200e-01
  -2.5246300e-01   2.2923400e-01
  -3.1386200e-01   1.1689300e-01
  -3.2681700e-01  -9.7666599e-03
  -2.8909100e-01  -1.2983400e-01
  -2.0770200e-01  -2.2279600e-01
  -9.8192799e-02  -2.7279500e-01
   1.8145300e-02  -2.7227800e-01
   1.1862900e-01  -2.2403400e-01
   1.8419700e-01  -1.4093500e-01
   2.0386700e-01  -4.3250000e-02
   1.7745700e-01   4.5990900e-02
   1.1576600e-01   1.0651100e-01
   3.8007300e-02   1.2583500e-01
  -3.2991100e-02   1.0253600e-01
  -7.6677999e-02   4.6736900e-02
  -8.0283599e-02  -2.2371300e-02
  -4.2467500e-02  -8.1502799e-02
   2.5929500e-02  -1.0952200e-01
   1.0435600e-01  -9.3378499e-02
   1.6773300e-01  -3.2139700e-02
   1.9309100e-01   6.2013999e-02
   1.6599700e-01   1.6624000e-01
   8.5051499e-02   2.5243200e-01
  -3.6776400e-02   2.9429200e-01
  -1.7447100e-01   2.7430900e-01
  -2.9649900e-01   1.8886200e-01
  -3.7225900e-01   5.0062999e-02
  -3.7964700e-01  -1.1623000e-01
  -3.1085800e-01  -2.7587100e-01
  -1.7492700e-01  -3.9408700e-01
   3.6740000e-03  -4.4354200e-01
   1.9013100e-01  -4.1084400e-01
   3.4689700e-01  -2.9990700e-01
   4.4202400e-01  -1.3135700e-01
   4.5625500e-01   6.1898699e-02
   3.8720800e-01   2.4188900e-01
   2.4972200e-01   3.7386200e-01
   7.2329399e-02   4.3371200e-01
  -1.0924200e-01   4.1284400e-01
  -2.5995100e-01   3.1945000e-01
  -3.5287600e-01   1.7600500e-01
  -3.7449900e-01   1.3737900e-02
  -3.2676400e-01  -1.3454700e-01
  -2.2559100e-01  -2.4155400e-01
  -9.6409599e-02  -2.9090100e-01
   3.2083100e-02  -2.7970800e-01
   1.3439600e-01  -2.1799100e-01
   1.9345000e-01  -1.2524100e-01
   2.0343700e-01  -2.5200700e-02
   1.6988200e-01   5.9812899e-02
   1.0714900e-01   1.1369900e-01
   3.4206900e-02   1.2945600e-01
  -3.0184500e-02   1.0969800e-01
  -7.1718099e-02   6.4923799e-02
  -8.3287799e-02   1.0189200e-02
  -6.5785499e-02  -3.8874700e-02
  -2.6993300e-02  -6.9715099e-02
   2.0947200e-02  -7.5389699e-02
   6.4739299e-02  -5.5550299e-02
   9.3008599e-02  -1.5860900e-02
   9.8598999e-02   3.3808700e-02
   7.9705299e-02   8.1852599e-02
   3.9782200e-02   1.1744800e-01
  -1.3560400e-02   1.3261300e-01
  -7.0293899e-02   1.2347500e-01
  -1.1991500e-01   9.0671899e-02
  -1.5323400e-01   3.8968100e-02
  -1.6376000e-01  -2.3708800e-02
  -1.4858200e-01  -8.7568799e-02
  -1.0873200e-01  -1.4240000e-01
  -4.9061799e-02  -1.7900000e-01
   2.2317800e-02  -1.9048500e-01
   9.5003699e-02  -1.7339600e-01
   1.5764300e-01  -1.2845800e-01
   1.9957000e-01  -6.0863699e-02
   2.1257100e-01   2.0074400e-02
   1.9253100e-01   1.0200900e-01
   1.4062000e-01   1.7134500e-01
   6.3688099e-02   2.1553600e-01
  -2.6377700e-02   2.2552600e-01
  -1.1438900e-01   1.9784000e-01
  -1.8449600e-01   1.3579400e-01
  -2.2327100e-01   4.9446199e-02
  -2.2262100e-01  -4.5902199e-02
  -1.8181900e-01  -1.3246400e-01
  -1.0812700e-01  -1.9350600e-01
  -1.5701300e-02  -2.1693200e-01
   7.7092399e-02  -1.9807300e-01
   1.5146800e-01  -1.4099300e-01
   1.9229000e-01  -5.7896499e-02
   1.9150700e-01   3.3333400e-02
   1.5009300e-01   1.1297800e-01
   7.7987499e-02   1.6387400e-01
  -8.0287099e-03   1.7533600e-01
  -8.8100499e-02   1.4565700e-01
  -1.4384400e-01   8.2574699e-02
  -1.6261800e-01   1.5227900e-03
  -1.4049600e-01  -7.7941399e-02
  -8.3211899e-02  -1.3671700e-01
  -4.8194099e-03  -1.6066500e-01
   7.5619199e-02  -1.4395300e-01
   1.3854900e-01  -9.0446399e-02
   1.6856100e-01  -1.2785300e-02
   1.5803500e-01   7.0613499e-02
   1.0893400e-01   1.3992400e-01
   3.2311800e-02   1.7859000e-01
  -5.4321799e-02   1.7720300e-01
  -1.3114000e-01   1.3565800e-01
  -1.8063500e-01   6.3101399e-02
  -1.9164200e-01  -2.4295200e-02
  -1.6182700e-01  -1.0715600e-01
  -9.8059799e-02  -1.6739800e-01
  -1.4652500e-02  -1.9232400e-01
   7.0073599e-02  -1.7736300e-01
   1.3804400e-01  -1.2686100e-01
   1.7548200e-01  -5.2803699e-02
   1.7583600e-01   2.8167300e-02
   1.4092600e-01   9.8666799e-02
   8.0146499e-02   1.4447800e-01
   7.9848099e-03   1.5755600e-01
  -5.9484499e-02   1.3746900e-01
  -1.0826800e-01   9.1046599e-02
  -1.2943600e-01   3.0403700e-02
  -1.2077300e-01  -3.0106700e-02
  -8.6815899e-02  -7.7242799e-02
  -3.7358300e-02  -1.0174800e-01
   1.5111300e-02  -1.0012700e-01
   5.8394899e-02  -7.5001399e-02
   8.3282499e-02  -3.4071200e-02
   8.5377899e-02   1.1975900e-02
   6.5715999e-02   5.2054799e-02
   3.0134400e-02   7.7155499e-02
  -1.2353600e-02   8.2161999e-02
  -5.1739599e-02   6.6679199e-02
  -7.9230699e-02   3.4779800e-02
  -8.9013899e-02  -6.1693099e-03
  -7.9246899e-02  -4.7262299e-02
  -5.2150799e-02  -7.9964399e-02
  -1.3283700e-02  -9.7772099e-02
   2.9766900e-02  -9.7318899e-02
   6.8946699e-02  -7.8779299e-02
   9.7227199e-02  -4.5580999e-02
   1.0976200e-01  -3.5690800e-03
   1.0454800e-01   4.0155499e-02
   8.2554299e-02   7.8482199e-02
   4.7364899e-02   1.0541000e-01
   4.4711799e-03   1.1688600e-01
  -3.9645499e-02   1.1129000e-01
  -7.8488999e-02   8.9545399e-02
  -1.0645700e-01   5.4883299e-02
  -1.1958700e-01   1.2329200e-02
  -1.1606700e-01  -3.2023700e-02
  -9.6469299e-02  -7.1866399e-02
  -6.3666399e-02  -1.0155800e-01
  -2.2439200e-02  -1.1693700e-01
   2.1201000e-02  -1.1595100e-01
   6.0899799e-02  -9.8993699e-02
   9.0940799e-02  -6.8887399e-02
   1.0716600e-01  -3.0458000e-02
   1.0767400e-01   1.0237100e-02
   9.3145699e-02   4.6929499e-02
   6.6717499e-02   7.4227899e-02
   3.3392100e-02   8.8569799e-02
  -9.1853299e-04   8.8837399e-02
  -3.0535700e-02   7.6496499e-02
  -5.1112099e-02   5.5212899e-02
  -6.0446699e-02   3.0011700e-02
  -5.8830399e-02   6.1538599e-03
  -4.8837999e-02  -1.2022800e-02
  -3.4603300e-02  -2.2035900e-02
  -2.0739400e-02  -2.3741000e-02
  -1.1156500e-02  -1.9244500e-02
  -8.0601699e-03  -1.2257800e-02
  -1.1379800e-02  -7.0406599e-03
  -1.8781300e-02  -7.1854699e-03
  -2.6277700e-02  -1.4544100e-02
  -2.9305300e-02  -2.8573500e-02
  -2.4013900e-02  -4.6283199e-02
  -8.4537599e-03  -6.2830199e-02
   1.6643800e-02  -7.2643699e-02
   4.7712799e-02  -7.0833599e-02
   7.8902399e-02  -5.4548699e-02
   1.0324000e-01  -2.3953500e-02
   1.1416700e-01   1.7439300e-02
   1.0711100e-01   6.3196999e-02
   8.0721399e-02   1.0510400e-01
   3.7469599e-02   1.3478500e-01
  -1.6550700e-02   1.4547500e-01
  -7.2628899e-02   1.3354500e-01
  -1.2105100e-01   9.9436599e-02
  -1.5299900e-01   4.7780299e-02
  -1.6232400e-01  -1.3352700e-02
  -1.4682800e-01  -7.3927299e-02
  -1.0875300e-01  -1.2384700e-01
  -5.4382699e-02  -1.5488800e-01
   7.1739499e-03  -1.6224800e-01
   6.5750099e-02  -1.4540800e-01
   1.1206900e-01  -1.0810400e-01
   1.3945700e-01  -5.7458899e-02
   1.4496900e-01  -2.4617300e-03
   1.2971000e-01   4.7853299e-02
   9.8310399e-02   8.6135999e-02
   5.7714699e-02   1.0798600e-01
   1.5581500e-02   1.1250500e-01
  -2.1333600e-02   1.0206000e-01
  -4.8444099e-02   8.1361599e-02
  -6.3984399e-02   5.6103799e-02
  -6.8938699e-02   3.1535700e-02
  -6.6316299e-02   1.1294800e-02
  -5.9998599e-02  -3.2207900e-03
  -5.3481399e-02  -1.2818100e-02
  -4.8846299e-02  -1.9864000e-02
  -4.6228299e-02  -2.7231800e-02
  -4.3906899e-02  -3.7146699e-02
  -3.8984199e-02  -5.0256099e-02
  -2.8452100e-02  -6.5188999e-02
  -1.0350700e-02  -7.8737599e-02
   1.5310400e-02  -8.6626499e-02
   4.6136799e-02  -8.4677899e-02
   7.7580099e-02  -7.0069399e-02
   1.0378900e-01  -4.2350699e-02
   1.1889100e-01  -3.9347399e-03
   1.1839600e-01   4.0091299e-02
   1.0038200e-01   8.2824099e-02
   6.6151899e-02   1.1689000e-01
   2.0188500e-02   1.3597600e-01
  -3.0601100e-02   1.3618400e-01
  -7.8194699e-02   1.1689800e-01
  -1.1502000e-01   8.0959799e-02
  -1.3542600e-01   3.4103599e-02
  -1.3672000e-01  -1.6195800e-02
  -1.1957300e-01  -6.2207099e-02
  -8.7692599e-02  -9.7407899e-02
  -4.6907099e-02  -1.1760900e-01
  -3.8726399e-03  -1.2150800e-01
   3.5261599e-02  -1.1058500e-01
   6.5928299e-02  -8.8430099e-02
   8.5730999e-02  -5.9701899e-02
   9.4462099e-02  -2.9017700e-02
   9.3613499e-02  -4.9733399e-05
   8.5572799e-02   2.4966200e-02
   7.2764099e-02   4.5233499e-02
   5.6986599e-02   6.0976799e-02
   3.9126599e-02   7.2785399e-02
   1.9294900e-02   8.0958799e-02
  -2.6917900e-03   8.5083199e-02
  -2.6674000e-02   8.3985699e-02
  -5.1593199e-02   7.6089499e-02
  -7.5230299e-02   6.0064799e-02
  -9.4363299e-02   3.5569799e-02
  -1.0534400e-01   3.8373799e-03
  -1.0496100e-01  -3.2104800e-02
  -9.1363099e-02  -6.7696299e-02
  -6.4782599e-02  -9.7571398e-02
  -2.7833600e-02  -1.1660200e-01
   1.4728200e-02  -1.2101100e-01
   5.6767699e-02  -1.0927400e-01
   9.1898199e-02  -8.2580399e-02
   1.1471800e-01  -4.4720999e-02
   1.2186600e-01  -1.4082000e-03
   1.1266000e-01   4.0811299e-02
   8.9150699e-02   7.5806199e-02
   5.5620799e-02   9.8982898e-02
   1.7636800e-02   1.0803200e-01
  -1.9094100e-02   1.0314500e-01
  -4.9792299e-02   8.6696299e-02
  -7.1360699e-02   6.2491899e-02
  -8.2676799e-02   3.4817899e-02
  -8.4404499e-02   7.5290099e-03
  -7.8430799e-02  -1.6598600e-02
  -6.7122799e-02  -3.6120799e-02
  -5.2631299e-02  -5.0772899e-02
  -3.6433199e-02  -6.1013199e-02
  -1.9220000e-02  -6.7446699e-02
  -1.1247300e-03  -7.0332799e-02
   1.7823100e-02  -6.9342099e-02
   3.7194799e-02  -6.3642299e-02
   5.5804499e-02  -5.2280999e-02
   7.1640799e-02  -3.4737599e-02
   8.2141499e-02  -1.1456500e-02
   8.4756999e-02   1.5828100e-02
   7.7653899e-02   4.4109699e-02
   6.0357399e-02   6.9507499e-02
   3.4138099e-02   8.7971299e-02
   2.0105300e-03   9.6129298e-02
  -3.1688099e-02   9.2064798e-02
  -6.2058699e-02   7.5819499e-02
  -8.4565999e-02   4.9487199e-02
  -9.5913498e-02   1.6864400e-02
  -9.4657198e-02  -1.7263100e-02
  -8.1422099e-02  -4.8025899e-02
  -5.8682299e-02  -7.1356399e-02
  -3.0177799e-02  -8.4651799e-02
  -1.2728000e-04  -8.7079099e-02
   2.7564400e-02  -7.9485099e-02
   4.9918499e-02  -6.3977099e-02
   6.5193399e-02  -4.3317799e-02
   7.2867499e-02  -2.0314400e-02
   7.3356899e-02   2.6414000e-03
   6.7603899e-02   2.3787100e-02
   5.6688599e-02   4.1947799e-02
   4.1593299e-02   5.6317999e-02
   2.3179800e-02   6.6193099e-02
   2.3550800e-03   7.0791599e-02
  -1.9671700e-02   6.9263499e-02
  -4.1179099e-02   6.0908999e-02
  -5.9899299e-02   4.5546599e-02
  -7.3236199e-02   2.3900600e-02
  -7.8722599e-02  -2.1479300e-03
  -7.4619999e-02  -2.9579499e-02
  -6.0494299e-02  -5.4586099e-02
  -3.7585599e-02  -7.3214799e-02
  -8.8282898e-03  -8.2175099e-02
   2.1539000e-02  -7.9609999e-02
   4.8720899e-02  -6.5621299e-02
   6.8313699e-02  -4.2388799e-02
   7.7231099e-02  -1.3817800e-02
   7.4372499e-02   1.5226100e-02
   6.0855999e-02   3.9924199e-02
   3.9745499e-02   5.6511599e-02
   1.5329000e-02   6.3035099e-02
  -7.8726299e-03   5.9670999e-02
  -2.6116900e-02   4.8526699e-02
  -3.7213099e-02   3.2984799e-02
  -4.0864799e-02   1.6769000e-02
  -3.8503199e-02   2.9878999e-03
  -3.2674899e-02  -6.5887399e-03
  -2.6166400e-02  -1.1827600e-02
  -2.1122400e-02  -1.4035200e-02
  -1.8411400e-02  -1.5336000e-02
  -1.7422900e-02  -1.7818900e-02
  -1.6354100e-02  -2.2709000e-02
  -1.2901900e-02  -2.9820699e-02
  -5.1557499e-03  -3.7466899e-02
   7.5777699e-03  -4.2868699e-02
   2.4275100e-02  -4.2965699e-02
   4.2192499e-02  -3.5405299e-02
   5.7393699e-02  -1.9429100e-02
   6.5694399e-02   3.6115399e-03
   6.3782999e-02   3.0282399e-02
   5.0221499e-02   5.5668399e-02
   2.6043800e-02   7.4426299e-02
  -5.2286799e-03   8.2035499e-02
  -3.8191799e-02   7.5936099e-02
  -6.6658199e-02   5.6257099e-02
  -8.4996498e-02   2.5941600e-02
  -8.9388398e-02  -9.7820898e-03
  -7.8699099e-02  -4.4464899e-02
  -5.4752099e-02  -7.1789299e-02
  -2.1941900e-02  -8.6891298e-02
   1.3713600e-02  -8.7343198e-02
   4.5851499e-02  -7.3579099e-02
   6.9067999e-02  -4.8684099e-02
   7.9949399e-02  -1.7623400e-02
   7.7611199e-02   1.3881500e-02
   6.3655699e-02   4.0551199e-02
   4.1604699e-02   5.8543699e-02
   1.5983100e-02   6.6038699e-02
  -8.7004698e-03   6.3320099e-02
  -2.8830299e-02   5.2397799e-02
  -4.2232499e-02   3.6314399e-02
  -4.8314999e-02   1.8347300e-02
  -4.7829599e-02   1.3124900e-03
  -4.2381199e-02  -1.2877200e-02
  -3.3854499e-02  -2.3335900e-02
  -2.3926200e-02  -3.0043699e-02
  -1.3776600e-02  -3.3507799e-02
  -4.0387199e-03  -3.4384299e-02
   5.0556899e-03  -3.3189499e-02
   1.3430900e-02  -3.0174599e-02
   2.0934400e-02  -2.5376100e-02
   2.7208499e-02  -1.8784200e-02
   3.1705899e-02  -1.0542700e-02
   3.3830599e-02  -1.0860000e-03
   3.3136299e-02   8.8436898e-03
   2.9497699e-02   1.8306700e-02
   2.3183800e-02   2.6359800e-02
   1.4803100e-02   3.2255599e-02
   5.1458799e-03   3.5569199e-02
  -5.0116099e-03   3.6204499e-02
  -1.5056100e-02   3.4280599e-02
  -2.4572200e-02   2.9953699e-02
  -3.3243099e-02   2.3263200e-02
  -4.0653899e-02   1.4087000e-02
  -4.6087499e-02   2.2605900e-03
  -4.8425399e-02  -1.2154200e-02
  -4.6243599e-02  -2.8531599e-02
  -3.8139799e-02  -4.5406399e-02
  -2.3239500e-02  -6.0403299e-02
  -1.7526600e-03  -7.0471199e-02
   2.4604900e-02  -7.2442999e-02
   5.2503399e-02  -6.3830299e-02
   7.7326499e-02  -4.3668399e-02
   9.3943098e-02  -1.3171600e-02
   9.7801398e-02   2.4032500e-02
   8.6105898e-02   6.2239899e-02
   5.8774999e-02   9.4589398e-02
   1.8892200e-02   1.1441700e-01
  -2.7539099e-02   1.1676000e-01
  -7.2564199e-02   9.9649098e-02
  -1.0781100e-01   6.4841999e-02
  -1.2626600e-01   1.7758500e-02
  -1.2388000e-01  -3.3431299e-02
  -1.0060000e-01  -7.9411898e-02
  -6.0546999e-02  -1.1167700e-01
  -1.1240000e-02  -1.2438000e-01
   3.7973199e-02  -1.1563200e-01
   7.7939598e-02  -8.7920398e-02
   1.0169600e-01  -4.7518399e-02
   1.0595700e-01  -3.0222999e-03
   9.1727698e-02   3.6645599e-02
   6.3888099e-02   6.4274099e-02
   2.9863699e-02   7.5940698e-02
  -2.2887500e-03   7.1739899e-02
  -2.5882199e-02   5.5489899e-02
  -3.7179399e-02   3.3508499e-02
  -3.6149299e-02   1.2791400e-02
  -2.6217799e-02  -9.2174798e-04
  -1.3093700e-02  -4.6758099e-03
  -2.9986599e-03   9.7805898e-04
  -7.8760398e-04   1.2257300e-02
  -8.4733598e-03   2.3337300e-02
  -2.4561600e-02   2.8128299e-02
  -4.4383599e-02   2.2151700e-02
  -6.1343699e-02   4.0010399e-03
  -6.8753799e-02  -2.4021500e-02
  -6.1762799e-02  -5.6278799e-02
  -3.8862799e-02  -8.5102698e-02
  -2.5618099e-03  -1.0269800e-01
   4.0970899e-02  -1.0315900e-01
   8.3211098e-02  -8.4066598e-02
   1.1521500e-01  -4.7273199e-02
   1.2970100e-01   1.3545600e-03
   1.2275900e-01   5.3151399e-02
   9.4776198e-02   9.8532098e-02
   5.0361799e-02   1.2906800e-01
  -2.6845599e-03   1.3926000e-01
  -5.5080499e-02   1.2759600e-01
  -9.8016698e-02   9.6688798e-02
  -1.2489100e-01   5.2500799e-02
  -1.3243400e-01   2.9125099e-03
  -1.2102000e-01  -4.3986399e-02
  -9.4171998e-02  -8.1459998e-02
  -5.7465799e-02  -1.0519900e-01
  -1.7171300e-02  -1.1371700e-01
   2.1011100e-02  -1.0808200e-01
   5.2831099e-02  -9.1159298e-02
   7.5842398e-02  -6.6647099e-02
   8.9255198e-02  -3.8203699e-02
   9.3449498e-02  -8.8768698e-03
   8.9388598e-02   1.9073900e-02
   7.8157998e-02   4.4020199e-02
   6.0775199e-02   6.4638199e-02
   3.8287799e-02   7.9616498e-02
   1.2056700e-02   8.7569298e-02
  -1.5953200e-02   8.7224898e-02
  -4.3065299e-02   7.7840398e-02
  -6.6087999e-02   5.9685299e-02
  -8.1824398e-02   3.4388499e-02
  -8.7778098e-02   4.9685099e-03
  -8.2847398e-02  -2.4543999e-02
  -6.7770099e-02  -4.9844899e-02
  -4.5139599e-02  -6.7282599e-02
  -1.8927100e-02  -7.4714598e-02
   6.3984399e-03  -7.2030798e-02
   2.6930799e-02  -6.1161099e-02
   4.0267399e-02  -4.5526899e-02
   4.6045799e-02  -2.9068299e-02
   4.5895399e-02  -1.5112400e-02
   4.2790699e-02  -5.4202499e-03
   3.9976699e-02   2.8649599e-04
   3.9779599e-02   4.1462699e-03
   4.2673399e-02   9.3419398e-03
   4.6919799e-02   1.8865300e-02
   4.8944899e-02   3.4223999e-02
   4.4402299e-02   5.4501699e-02
   2.9655699e-02   7.6107098e-02
   3.2630599e-03   9.3369998e-02
  -3.2995099e-02   9.9900698e-02
  -7.3908398e-02   9.0394798e-02
  -1.1161000e-01   6.2404799e-02
  -1.3722400e-01   1.7566400e-02
  -1.4301800e-01  -3.8125199e-02
  -1.2452800e-01  -9.5164698e-02
  -8.2084498e-02  -1.4239200e-01
  -2.1283000e-02  -1.6945700e-01
   4.7807699e-02  -1.6930200e-01
   1.1258000e-01  -1.4003600e-01
   1.6055300e-01  -8.5699198e-02
   1.8215100e-01  -1.5661600e-02
   1.7291100e-01   5.7244899e-02
   1.3457300e-01   1.1945000e-01
   7.4752298e-02   1.5958700e-01
   5.2742999e-03   1.7095300e-01
  -6.0466099e-02   1.5288300e-01
  -1.1046200e-01   1.1073000e-01
  -1.3666700e-01   5.4449599e-02
  -1.3657000e-01  -3.8320299e-03
  -1.1341500e-01  -5.2660499e-02
  -7.5049498e-02  -8.3803598e-02
  -3.1740099e-02  -9.3892598e-02
   6.4696199e-03  -8.4787198e-02
   3.2177699e-02  -6.2628599e-02
   4.2217499e-02  -3.5879299e-02
   3.8058799e-02  -1.2901100e-02
   2.4970299e-02   2.8237399e-04
   1.0220100e-02   1.4591700e-03
   8.3314498e-04  -7.4154598e-03
   1.5241300e-03  -2.1031700e-02
   1.3354200e-02  -3.2443199e-02
   3.3451999e-02  -3.5197499e-02
   5.5844799e-02  -2.5288799e-02
   7.3149298e-02  -2.4118599e-03
   7.8648698e-02   2.9808599e-02
   6.8198098e-02   6.4655399e-02
   4.1453099e-02   9.3985398e-02
   2.1165700e-03   1.1027500e-01
  -4.2844999e-02   1.0851300e-01
  -8.4791998e-02   8.7462498e-02
  -1.1539100e-01   4.9991799e-02
  -1.2847900e-01   2.4311299e-03
  -1.2137100e-01  -4.6855899e-02
  -9.5320898e-02  -8.9299398e-02
  -5.5080299e-02  -1.1789300e-01
  -7.7265298e-03  -1.2849700e-01
   3.8906299e-02  -1.2041300e-01
   7.7792798e-02  -9.6174698e-02
   1.0392000e-01  -6.0688099e-02
   1.1490500e-01  -2.0012600e-02
   1.1097100e-01   1.9886700e-02
   9.4410498e-02   5.4121199e-02
   6.8757798e-02   7.9421398e-02
   3.7942499e-02   9.4212198e-02
   5.6384099e-03   9.8330798e-02
  -2.5079899e-02   9.2576098e-02
  -5.1785499e-02   7.8286698e-02
  -7.2566598e-02   5.7087999e-02
  -8.5873198e-02   3.0846699e-02
  -9.0481798e-02   1.7677500e-03
  -8.5644798e-02  -2.7498999e-02
  -7.1387898e-02  -5.3889299e-02
  -4.8835599e-02  -7.4186398e-02
  -2.0396100e-02  -8.5518298e-02
   1.0337600e-02  -8.5984598e-02
   3.9037099e-02  -7.5234698e-02
   6.1391999e-02  -5.4792399e-02
   7.4003898e-02  -2.7973399e-02
   7.5188398e-02   6.5570098e-04
   6.5445498e-02   2.6189399e-02
   4.7428799e-02   4.4460399e-02
   2.5373599e-02   5.3003099e-02
   4.0951699e-03   5.1631199e-02
  -1.2196800e-02   4.2447199e-02
  -2.0954499e-02   2.9249199e-02
  -2.1920799e-02   1.6469100e-02
  -1.7137200e-02   7.9172998e-03
  -1.0301300e-02   5.6776999e-03
  -5.6308999e-03   9.4742198e-03
  -6.5343998e-03   1.6709100e-02
  -1.4463300e-02   2.3195199e-02
  -2.8284499e-02   2.4407799e-02
  -4.4385399e-02   1.6923800e-02
  -5.7524399e-02  -3.5101999e-04
  -6.2235898e-02  -2.5532399e-02
  -5.4430099e-02  -5.3906899e-02
  -3.2755799e-02  -7.8895798e-02
   6.6498998e-04  -9.3623598e-02
   4.0371199e-02  -9.2711498e-02
   7.8588798e-02  -7.3830798e-02
   1.0693500e-01  -3.8595199e-02
   1.1839900e-01   7.4757098e-03
   1.0911600e-01   5.5961799e-02
   7.9469298e-02   9.7310098e-02
   3.4235199e-02   1.2295800e-01
  -1.8308600e-02   1.2730500e-01
  -6.8117598e-02   1.0905100e-01
  -1.0556100e-01   7.1570698e-02
  -1.2353500e-01   2.2219499e-02
  -1.1900800e-01  -2.9274399e-02
  -9.3636698e-02  -7.2946698e-02
  -5.3312599e-02  -1.0076500e-01
  -6.7573298e-03  -1.0831500e-01
   3.6483299e-02  -9.5628198e-02
   6.8166898e-02  -6.6967698e-02
   8.3102098e-02  -2.9663099e-02
   8.0117898e-02   7.7058098e-03
   6.2059798e-02   3.7321599e-02
   3.4852799e-02   5.3855699e-02
   5.8978099e-03   5.5511799e-02
  -1.7783700e-02   4.4170199e-02
  -3.1199099e-02   2.4645699e-02
  -3.2439799e-02   3.2821299e-03
  -2.2918999e-02  -1.3737300e-02
  -6.7754398e-03  -2.1937899e-02
   1.0364600e-02  -1.9586900e-02
   2.2930599e-02  -7.9830498e-03
   2.6857799e-02   9.0302198e-03
   2.0590699e-02   2.6170399e-02
   5.4122799e-03   3.8137699e-02
  -1.4951900e-02   4.0986699e-02
  -3.5325099e-02   3.3113399e-02
  -5.0397999e-02   1.5631100e-02
  -5.6039299e-02  -7.9291098e-03
  -5.0282799e-02  -3.2492299e-02
  -3.3768799e-02  -5.2654199e-02
  -9.5599098e-03  -6.3932598e-02
   1.7594200e-02  -6.3761098e-02
   4.2346499e-02  -5.2007999e-02
   5.9924998e-02  -3.0928399e-02
   6.7120198e-02  -4.5933399e-03
   6.2876098e-02   2.2039799e-02
   4.8384699e-02   4.4186699e-02
   2.6700599e-02   5.8181498e-02
   2.0015299e-03   6.2113898e-02
  -2.1314599e-02   5.6050299e-02
  -3.9487199e-02   4.1834499e-02
  -5.0030499e-02   2.2556699e-02
  -5.2044799e-02   1.8409400e-03
  -4.6180499e-02  -1.6877500e-02
  -3.4311699e-02  -3.0937299e-02
  -1.9031100e-02  -3.8800899e-02
  -3.0963299e-03  -4.0140199e-02
   1.1054500e-02  -3.5689999e-02
   2.1637499e-02  -2.6943199e-02
   2.7678699e-02  -1.5782500e-02
   2.9004799e-02  -4.1302799e-03
   2.6116699e-02   6.3253398e-03
   2.0000499e-02   1.4305300e-02
   1.1927000e-02   1.9022199e-02
   3.2708399e-03   2.0195099e-02
  -4.6433899e-03   1.8022300e-02
  -1.0672700e-02   1.3130000e-02
  -1.3974600e-02   6.4990998e-03
  -1.4117100e-02  -6.3865598e-04
  -1.1165400e-02  -6.9477798e-03
  -5.7228698e-03  -1.1181300e-02
   1.1073600e-03  -1.2402700e-02
   7.8606498e-03  -1.0199300e-02
   1.2952200e-02  -4.8369199e-03
   1.4992200e-02   2.7013299e-03
   1.3115900e-02   1.0827600e-02
   7.2524898e-03   1.7620800e-02
  -1.7482400e-03   2.1219999e-02
  -1.2186700e-02   2.0265499e-02
  -2.1797199e-02   1.4284300e-02
  -2.8207299e-02   3.9176699e-03
  -2.9482199e-02  -9.0895898e-03
  -2.4633199e-02  -2.2165699e-02
  -1.3958000e-02  -3.2419499e-02
   8.8807598e-04  -3.7280899e-02
   1.7138200e-02  -3.5131599e-02
   3.1448599e-02  -2.5772099e-02
   4.0619599e-02  -1.0593600e-02
   4.2344799e-02   7.6116998e-03
   3.5808899e-02   2.5186599e-02
   2.1977799e-02   3.8390399e-02
   3.4879899e-03   4.4252999e-02
  -1.5866300e-02   4.1302599e-02
  -3.1949199e-02   2.9981499e-02
  -4.1226099e-02   1.2631300e-02
  -4.1610299e-02  -6.9733498e-03
  -3.3005999e-02  -2.4454799e-02
  -1.7398100e-02  -3.5842299e-02
   1.5521400e-03  -3.8526299e-02
   1.9331599e-02  -3.1922499e-02
   3.1636699e-02  -1.7670300e-02
   3.5421399e-02   7.0065898e-04
   2.9676899e-02   1.8576599e-02
   1.5739200e-02   3.1358799e-02
  -2.9661099e-03   3.5596599e-02
  -2.1701699e-02   2.9878199e-02
  -3.5545499e-02   1.5251400e-02
  -4.0601999e-02  -4.9462899e-03
  -3.5003799e-02  -2.5825099e-02
  -1.9451099e-02  -4.2085999e-02
   2.8590099e-03  -4.9303799e-02
   2.6912299e-02  -4.5038299e-02
   4.7020699e-02  -2.9501199e-02
   5.8161298e-02  -5.6021998e-03
   5.7193998e-02   2.1651099e-02
   4.3659599e-02   4.6268899e-02
   1.9958799e-02   6.2652298e-02
  -9.1397197e-03   6.6899098e-02
  -3.7555699e-02   5.7729598e-02
  -5.9269098e-02   3.6808099e-02
  -6.9684398e-02   8.3807598e-03
  -6.6664698e-02  -2.1685299e-02
  -5.0989999e-02  -4.7231699e-02
  -2.6137699e-02  -6.3190398e-02
   2.5560399e-03  -6.6690698e-02
   2.9143499e-02  -5.7632298e-02
   4.8418999e-02  -3.8602799e-02
   5.7052398e-02  -1.4174200e-02
   5.4241098e-02   1.0233900e-02
   4.1739499e-02   2.9637899e-02
   2.3284499e-02   4.0605599e-02
   3.5798899e-03   4.1940599e-02
  -1.2891200e-02   3.4788499e-02
  -2.2926299e-02   2.2165999e-02
  -2.5279699e-02   8.0596298e-03
  -2.0804899e-02  -3.6598199e-03
  -1.2055400e-02  -1.0222600e-02
  -2.4734699e-03  -1.0599200e-02
   4.6032699e-03  -5.6477298e-03
   6.8520898e-03   2.2455199e-03
   3.5582399e-03   9.9129197e-03
  -4.2491899e-03   1.4328000e-02
  -1.4134700e-02   1.3453600e-02
  -2.2959099e-02   6.7958198e-03
  -2.7748699e-02  -4.4691599e-03
  -2.6497899e-02  -1.7811999e-02
  -1.8699799e-02  -3.0011799e-02
  -5.4786598e-03  -3.7977999e-02
   1.0693000e-02  -3.9515699e-02
   2.6600699e-02  -3.3843899e-02
   3.9049899e-02  -2.1749199e-02
   4.5585699e-02  -5.3587498e-03
   4.4995399e-02   1.2386400e-02
   3.7488499e-02   2.8406499e-02
   2.4539399e-02   4.0128599e-02
   8.4648798e-03   4.5951599e-02
  -8.1311298e-03   4.5437299e-02
  -2.2891699e-02   3.9219699e-02
  -3.4093699e-02   2.8696399e-02
  -4.0814699e-02   1.5618200e-02
  -4.2882099e-02   1.7026599e-03
  -4.0665599e-02  -1.1628400e-02
  -3.4814899e-02  -2.3343199e-02
  -2.6042899e-02  -3.2741299e-02
  -1.5022900e-02  -3.9310899e-02
  -2.4175799e-03  -4.2590999e-02
   1.1001300e-02  -4.2118799e-02
   2.4219199e-02  -3.7502999e-02
   3.5919499e-02  -2.8607599e-02
   4.4562999e-02  -1.5781500e-02
   4.8622299e-02  -3.9762999e-05
   4.6927599e-02   1.6897499e-02
   3.9032799e-02   3.2763799e-02
   2.5486099e-02   4.5101299e-02
   7.9037598e-03   5.1746198e-02
  -1.1209900e-02   5.1327398e-02
  -2.8883499e-02   4.3645099e-02
  -4.2256999e-02   2.9812699e-02
  -4.9184399e-02   1.2103500e-02
  -4.8707399e-02  -6.4823898e-03
  -4.1272499e-02  -2.2837899e-02
  -2.8628199e-02  -3.4407699e-02
  -1.3415500e-02  -3.9723499e-02
   1.4481600e-03  -3.8676699e-02
   1.3439300e-02  -3.2461099e-02
   2.0980699e-02  -2.3198199e-02
   2.3735499e-02  -1.3346100e-02
   2.2568699e-02  -5.0482298e-03
   1.9192599e-02   4.0253499e-04
   1.5595400e-02   2.8428499e-03
   1.3415100e-02   3.1864099e-03
   1.3432000e-02   3.0580799e-03
   1.5326000e-02   4.2183899e-03
   1.7767499e-02   7.9418598e-03
   1.8824099e-02   1.4527200e-02
   1.6572499e-02   2.3083999e-02
   9.7486397e-03   3.1667599e-02
  -1.7473799e-03   3.7738299e-02
  -1.6639399e-02   3.8832399e-02
  -3.2430599e-02   3.3272099e-02
  -4.5903299e-02   2.0723799e-02
  -5.3848198e-02   2.4511599e-03
  -5.3847698e-02  -1.8818699e-02
  -4.4914799e-02  -3.9397099e-02
  -2.7827399e-02  -5.5393998e-02
  -5.0651198e-03  -6.3559898e-02
   1.9642499e-02  -6.2009698e-02
   4.2057699e-02  -5.0658698e-02
   5.8293798e-02  -3.1268799e-02
   6.5598998e-02  -7.0957598e-03
   6.2886398e-02   1.7775199e-02
   5.0901198e-02   3.9251399e-02
   3.2000399e-02   5.4024398e-02
   9.6107897e-03   6.0159498e-02
  -1.2498200e-02   5.7365398e-02
  -3.0955399e-02   4.6907299e-02
  -4.3380899e-02   3.1209799e-02
  -4.8714098e-02   1.3263400e-02
  -4.7231099e-02  -4.0142099e-03
  -4.0282699e-02  -1.8316599e-02
  -2.9844999e-02  -2.8277299e-02
  -1.8010899e-02  -3.3541899e-02
  -6.5501798e-03  -3.4603299e-02
   3.3682699e-03  -3.2476099e-02
   1.1246800e-02  -2.8316799e-02
   1.7139999e-02  -2.3098199e-02
   2.1410099e-02  -1.7415699e-02
   2.4446499e-02  -1.1461200e-02
   2.6441699e-02  -5.1463698e-03
   2.7285299e-02   1.6841499e-03
   2.6600999e-02   9.0274497e-03
   2.3905399e-02   1.6563599e-02
   1.8829799e-02   2.3614899e-02
   1.1334500e-02   2.9237399e-02
   1.8446299e-03   3.2419299e-02
  -8.7350397e-03   3.2330199e-02
  -1.9135999e-02   2.8551199e-02
  -2.7944899e-02   2.1223699e-02
  -3.3870699e-02   1.1075300e-02
  -3.5995499e-02  -6.8131598e-04
  -3.3949199e-02  -1.2554100e-02
  -2.7970899e-02  -2.3028599e-02
  -1.8850399e-02  -3.0819099e-02
  -7.7710997e-03  -3.5058599e-02
   3.9026699e-03  -3.5394799e-02
   1.4842500e-02  -3.1983999e-02
   2.3931699e-02  -2.5400099e-02
   3.0370799e-02  -1.6493799e-02
   3.3709099e-02  -6.2426798e-03
   3.3813999e-02   4.3720299e-03
   3.0808399e-02   1.4443800e-02
   2.5006499e-02   2.3172999e-02
   1.6871799e-02   2.9868599e-02
   7.0044198e-03   3.3945699e-02
  -3.8493699e-03   3.4940799e-02
  -1.4788000e-02   3.2559699e-02
  -2.4772399e-02   2.6754399e-02
  -3.2691699e-02   1.7809099e-02
  -3.7484799e-02   6.4041598e-03
  -3.8304599e-02  -6.3744298e-03
  -3.4695699e-02  -1.9105299e-02
  -2.6743999e-02  -3.0187899e-02
  -1.5153799e-02  -3.8067999e-02
  -1.2220100e-03  -4.1496499e-02
   1.3303300e-02  -3.9769399e-02
   2.6465699e-02  -3.2896499e-02
   3.6405399e-02  -2.1655299e-02
   4.1670299e-02  -7.5100697e-03
   4.1472499e-02   7.5983797e-03
   3.5836399e-02   2.1556799e-02
   2.5606299e-02   3.2422799e-02
   1.2309000e-02   3.8741199e-02
  -2.1040599e-03   3.9774799e-02
  -1.5583899e-02   3.5604199e-02
  -2.6319799e-02   2.7082899e-02
  -3.3018199e-02   1.5658099e-02
  -3.5076299e-02   3.0986999e-03
  -3.2622899e-02  -8.8135197e-03
  -2.6428499e-02  -1.8570099e-02
  -1.7712299e-02  -2.5145499e-02
  -7.8916797e-03  -2.8099199e-02
   1.6699899e-03  -2.7561199e-02
   9.8700097e-03  -2.4118299e-02
   1.5991699e-02  -1.8637699e-02
   1.9736299e-02  -1.2072100e-02
   2.1170999e-02  -5.2890498e-03
   2.0618699e-02   1.0425700e-03
   1.8525599e-02   6.4973298e-03
   1.5342399e-02   1.0872200e-02
   1.1444400e-02   1.4121000e-02
   7.1024098e-03   1.6271399e-02
   2.5009099e-03   1.7353399e-02
  -2.2128499e-03   1.7357699e-02
  -6.8714698e-03   1.6234599e-02
  -1.1243600e-02   1.3927500e-02
  -1.5019099e-02   1.0426700e-02
  -1.7829299e-02   5.8261998e-03
  -1.9295999e-02   3.6326999e-04
  -1.9099599e-02  -5.5695098e-03
  -1.7047199e-02  -1.1445600e-02
  -1.3128800e-02  -1.6654599e-02
  -7.5487097e-03  -2.0573099e-02
  -7.2953497e-04  -2.2642799e-02
   6.7127398e-03  -2.2447599e-02
   1.4017800e-02  -1.9778699e-02
   2.0350299e-02  -1.4684499e-02
   2.4884399e-02  -7.4979397e-03
   2.6900399e-02   1.1600500e-03
   2.5886599e-02   1.0409500e-02
   2.1637599e-02   1.9176299e-02
   1.4335899e-02   2.6298299e-02
   4.5972198e-03   3.0668499e-02
  -6.5390998e-03   3.1404899e-02
  -1.7691099e-02   2.8023799e-02
  -2.7290999e-02   2.0583399e-02
  -3.3807499e-02   9.7639197e-03
  -3.6005099e-02  -3.1502499e-03
  -3.3194899e-02  -1.6401599e-02
  -2.5425099e-02  -2.8000699e-02
  -1.3559100e-02  -3.6046999e-02
   7.9103997e-04  -3.9074999e-02
   1.5483099e-02  -3.6357199e-02
   2.8189199e-02  -2.8095699e-02
   3.6807299e-02  -1.5449699e-02
   3.9859999e-02  -3.7727499e-04
   3.6795899e-02   1.4690699e-02
   2.8123399e-02   2.7287099e-02
   1.5338499e-02   3.5369999e-02
   6.5228998e-04   3.7711999e-02
  -1.3430000e-02   3.4132199e-02
  -2.4592599e-02   2.5516899e-02
  -3.1151799e-02   1.3621700e-02
  -3.2360799e-02   6.9669398e-04
  -2.8511199e-02  -1.0981300e-02
  -2.0811899e-02  -1.9565999e-02
  -1.1075700e-02  -2.3985299e-02
  -1.2928400e-03  -2.4097999e-02
   6.8090498e-03  -2.0632799e-02
   1.2113100e-02  -1.4935499e-02
   1.4292899e-02  -8.5913097e-03
   1.3787800e-02  -3.0215599e-03
   1.1591900e-02   8.4482697e-04
   8.9197297e-03   2.7464899e-03
   6.8408898e-03   3.0745699e-03
   5.9814798e-03   2.6811399e-03
   6.3685598e-03   2.5700399e-03
   7.4542397e-03   3.5586699e-03
   8.3073597e-03   6.0039298e-03
   7.9160497e-03   9.6663496e-03
   5.5164998e-03   1.3747699e-02
   8.5769997e-04   1.7090599e-02
  -5.6691498e-03   1.8485899e-02
  -1.3071300e-02   1.7005699e-02
  -1.9954899e-02   1.2275700e-02
  -2.4833399e-02   4.6172798e-03
  -2.6467699e-02  -4.9755098e-03
  -2.4154099e-02  -1.5015599e-02
  -1.7895499e-02  -2.3814599e-02
  -8.4177697e-03  -2.9814499e-02
   2.9611599e-03  -3.1886599e-02
   1.4575599e-02  -2.9532299e-02
   2.4707299e-02  -2.2955699e-02
   3.1869599e-02  -1.3003300e-02
   3.5025099e-02  -1.0014600e-03
   3.3709699e-02   1.1465200e-02
   2.8056699e-02   2.2785699e-02
   1.8738299e-02   3.1525199e-02
   6.8539197e-03   3.6578699e-02
  -6.2073998e-03   3.7269499e-02
  -1.8911499e-02   3.3403999e-02
  -2.9722699e-02   2.5291199e-02
  -3.7250299e-02   1.3734299e-02
  -4.0399598e-02  -1.1464500e-05
  -3.8525899e-02  -1.4327199e-02
  -3.1572699e-02  -2.7380099e-02
  -2.0164399e-02  -3.7338499e-02
  -5.6146798e-03  -4.2638198e-02
   1.0179300e-02  -4.2263598e-02
   2.4970299e-02  -3.5985799e-02
   3.6502099e-02  -2.4496499e-02
   4.2905998e-02  -9.3826196e-03
   4.3074298e-02   7.0796897e-03
   3.6922699e-02   2.2295099e-02
   2.5467399e-02   3.3820999e-02
   1.0677500e-02   3.9845198e-02
  -4.8831298e-03   3.9559699e-02
  -1.8560599e-02   3.3337099e-02
  -2.8151599e-02   2.2654399e-02
  -3.2356699e-02   9.7699796e-03
  -3.1032899e-02  -2.7788999e-03
  -2.5179899e-02  -1.2744000e-02
  -1.6656499e-02  -1.8660199e-02
  -7.6933997e-03  -2.0142699e-02
  -3.2376799e-04  -1.7910099e-02
   4.1237398e-03  -1.3525099e-02
   5.3356398e-03  -8.9180997e-03
   4.0442498e-03  -5.8193698e-03
   1.7668999e-03  -5.2522998e-03
   3.2090199e-04  -7.2268597e-03
   1.2442000e-03  -1.0722900e-02
   5.2809298e-03  -1.3975399e-02
   1.2078300e-02  -1.4992199e-02
   2.0187999e-02  -1.2167200e-02
   2.7385899e-02  -4.8238898e-03
   3.1236299e-02   6.4657898e-03
   2.9760099e-02   1.9886099e-02
   2.2030799e-02   3.2720199e-02
   8.5374497e-03   4.1958698e-02
  -8.7921197e-03   4.5025898e-02
  -2.6928699e-02   4.0444598e-02
  -4.2368198e-02   2.8267899e-02
  -5.1900498e-02   1.0163200e-02
  -5.3337198e-02  -1.0878700e-02
  -4.6021398e-02  -3.1147299e-02
  -3.0997599e-02  -4.6985898e-02
  -1.0803100e-02  -5.5553498e-02
   1.1065100e-02  -5.5399298e-02
   3.0878699e-02  -4.6720398e-02
   4.5427498e-02  -3.1258499e-02
   5.2619598e-02  -1.1872700e-02
   5.1806698e-02   8.0928197e-03
   4.3780498e-02   2.5491499e-02
   3.0469999e-02   3.7948399e-02
   1.4438099e-02   4.4208398e-02
  -1.6869099e-03   4.4204298e-02
  -1.5704799e-02   3.8868398e-02
  -2.6159999e-02   2.9766499e-02
  -3.2436199e-02   1.8672299e-02
  -3.4646699e-02   7.1951197e-03
  -3.3390799e-02  -3.4564499e-03
  -2.9470099e-02  -1.2543500e-02
  -2.3655799e-02  -1.9720399e-02
  -1.6563899e-02  -2.4875599e-02
  -8.6525997e-03  -2.7967399e-02
  -3.1001599e-04  -2.8920699e-02
   8.0271597e-03  -2.7621099e-02
   1.5789999e-02  -2.3997099e-02
   2.2275799e-02  -1.8148999e-02
   2.6741599e-02  -1.0463000e-02
   2.8566899e-02  -1.6524099e-03
   2.7429499e-02   7.3048297e-03
   2.3431799e-02   1.5327299e-02
   1.7125299e-02   2.1447399e-02
   9.4136396e-03   2.5018599e-02
   1.3579699e-03   2.5847699e-02
  -6.0627498e-03   2.4205499e-02
  -1.2160600e-02   2.0709199e-02
  -1.6651999e-02   1.6113299e-02
  -1.9636599e-02   1.1074600e-02
  -2.1450699e-02   5.9715498e-03
  -2.2442499e-02   8.4127697e-04
  -2.2749699e-02  -4.5386498e-03
  -2.2163999e-02  -1.0445600e-02
  -2.0141899e-02  -1.6951399e-02
  -1.5976599e-02  -2.3698499e-02
  -9.0931696e-03  -2.9803899e-02
   6.2122497e-04  -3.3948099e-02
   1.2560199e-02  -3.4652599e-02
   2.5313999e-02  -3.0688999e-02
   3.6817998e-02  -2.1512299e-02
   4.4726698e-02  -7.5893397e-03
   4.6941098e-02   9.4881596e-03
   4.2161998e-02   2.7172399e-02
   3.0321699e-02   4.2398498e-02
   1.2764599e-02   5.2208598e-02
  -7.8939397e-03   5.4419398e-02
  -2.8223899e-02   4.8165498e-02
  -4.4659998e-02   3.4175499e-02
  -5.4250398e-02   1.4697399e-02
  -5.5297498e-02  -6.9251597e-03
  -4.7730398e-02  -2.6935099e-02
  -3.3118199e-02  -4.1943998e-02
  -1.4313699e-02  -4.9630398e-02
   5.1825898e-03  -4.9186098e-02
   2.1986699e-02  -4.1410798e-02
   3.3535799e-02  -2.8437999e-02
   3.8566698e-02  -1.3172499e-02
   3.7262698e-02   1.4132799e-03
   3.1048599e-02   1.2943099e-02
   2.2106499e-02   2.0099899e-02
   1.2752799e-02   2.2782199e-02
   4.8451498e-03   2.1937299e-02
  -6.2460797e-04   1.9135799e-02
  -3.6574498e-03   1.6023699e-02
  -5.0778998e-03   1.3808999e-02
  -6.1361997e-03   1.2928299e-02
