   5.9406500e+00   5.0264700e-02
   5.7859700e+00   1.0524700e+00
   5.4128000e+00   1.9936100e+00
   4.8414400e+00   2.8295200e+00
   4.1015600e+00   3.5220800e+00
   3.2304200e+00   4.0410900e+00
   2.2708500e+00   4.3657300e+00
   1.2688200e+00   4.4854100e+00
   2.7098800e-01   4.4001200e+00
  -6.7775700e-01   4.1201300e+00
  -1.5365700e+00   3.6651100e+00
  -2.2706300e+00   3.0628500e+00
  -2.8527700e+00   2.3474800e+00
  -3.2645500e+00   1.5574500e+00
  -3.4968600e+00   7.3331500e-01
  -3.5500100e+00  -8.4456700e-02
  -3.4332000e+00  -8.5765600e-01
  -3.1636400e+00  -1.5522300e+00
  -2.7651800e+00  -2.1399000e+00
  -2.2666800e+00  -2.5993600e+00
  -1.7001500e+00  -2.9170200e+00
  -1.0988600e+00  -3.0873400e+00
  -4.9544900e-01  -3.1126300e+00
   7.9840300e-02  -3.0024600e+00
   6.0064300e-01  -2.7726500e+00
   1.0456800e+00  -2.4440700e+00
   1.3995800e+00  -2.0410600e+00
   1.6533200e+00  -1.5899500e+00
   1.8042900e+00  -1.1173800e+00
   1.8559300e+00  -6.4882000e-01
   1.8170800e+00  -2.0721600e-01
   1.7010600e+00   1.8810000e-01
   1.5245100e+00   5.2224700e-01
   1.3061500e+00   7.8528900e-01
   1.0654900e+00   9.7241100e-01
   8.2156400e-01   1.0837700e+00
   5.9181000e-01   1.1240900e+00
   3.9110400e-01   1.1019400e+00
   2.3102500e-01   1.0289400e+00
   1.1936300e-01   9.1875200e-01
   5.9899600e-02   7.8603300e-01
   5.2444400e-02   6.4544400e-01
   9.3111700e-02   5.1068600e-01
   1.7480800e-01   3.9367400e-01
   2.8788500e-01   3.0388000e-01
   4.2090600e-01   2.4786700e-01
   5.6148500e-01   2.2902500e-01
   6.9712300e-01   2.4753200e-01
   8.1601900e-01   3.0050100e-01
   9.0779000e-01   3.8231600e-01
   9.6407000e-01   4.8511000e-01
   9.7896800e-01   5.9936200e-01
   9.4935900e-01   7.1456300e-01
   8.7500100e-01   8.1990800e-01
   7.5848400e-01   9.0499300e-01
   6.0503000e-01   9.6044800e-01
   4.2214400e-01   9.7850400e-01
   2.1915700e-01   9.5345100e-01
   6.6850200e-03   8.8196900e-01
  -2.0396700e-01   7.6332900e-01
  -4.0141900e-01   5.9945100e-01
  -5.7482600e-01   3.9482100e-01
  -7.1444400e-01   1.5628400e-01
  -8.1213100e-01  -1.0728500e-01
  -8.6177000e-01  -3.8539600e-01
  -8.5957900e-01  -6.6645200e-01
  -8.0431200e-01  -9.3828900e-01
  -6.9734200e-01  -1.1887600e+00
  -5.4261000e-01  -1.4063000e+00
  -3.4646500e-01  -1.5804800e+00
  -1.1738500e-01  -1.7025300e+00
   1.3439600e-01  -1.7657400e+00
   3.9734900e-01  -1.7658100e+00
   6.5917300e-01  -1.7011100e+00
   9.0736000e-01  -1.5727600e+00
   1.1297800e+00  -1.3847000e+00
   1.3152400e+00  -1.1434700e+00
   1.4540600e+00  -8.5806400e-01
   1.5385000e+00  -5.3948800e-01
   1.5632300e+00  -2.0034900e-01
   1.5255500e+00   1.4570300e-01
   1.4256500e+00   4.8457300e-01
   1.2665800e+00   8.0235100e-01
   1.0542200e+00   1.0859500e+00
   7.9703200e-01   1.3237100e+00
   5.0571700e-01   1.5059600e+00
   1.9273400e-01   1.6255000e+00
  -1.2825800e-01   1.6779100e+00
  -4.4303200e-01   1.6618500e+00
  -7.3747500e-01   1.5790800e+00
  -9.9826600e-01   1.4344400e+00
  -1.2135300e+00   1.2356000e+00
  -1.3734500e+00   9.9271600e-01
  -1.4707200e+00   7.1791900e-01
  -1.5009700e+00   4.2472500e-01
  -1.4630000e+00   1.2736100e-01
  -1.3588100e+00  -1.5995000e-01
  -1.1935500e+00  -4.2370800e-01
  -9.7523600e-01  -6.5181400e-01
  -7.1437500e-01  -8.3418500e-01
  -4.2340900e-01  -9.6325400e-01
  -1.1607900e-01  -1.0343400e+00
   1.9328000e-01  -1.0458500e+00
   4.9047700e-01  -9.9936100e-01
   7.6219300e-01  -8.9943100e-01
   9.9665800e-01  -7.5336200e-01
   1.1842300e+00  -5.7073700e-01
   1.3178800e+00  -3.6286300e-01
   1.3934900e+00  -1.4211700e-01
   1.4100100e+00   7.8755200e-02
   1.3694500e+00   2.8735800e-01
   1.2766700e+00   4.7233300e-01
   1.1390800e+00   6.2397400e-01
   9.6609500e-01   7.3474400e-01
   7.6859100e-01   7.9965200e-01
   5.5823300e-01   8.1647600e-01
   3.4678900e-01   7.8583000e-01
   1.4544900e-01   7.1104600e-01
  -3.5801700e-02   5.9791600e-01
  -1.8872100e-01   4.5428200e-01
  -3.0723400e-01   2.8951500e-01
  -3.8771200e-01   1.1392000e-01
  -4.2910000e-01  -6.1915000e-02
  -4.3287900e-01  -2.2775900e-01
  -4.0287700e-01  -3.7435300e-01
  -3.4493500e-01  -4.9394300e-01
  -2.6646600e-01  -5.8071700e-01
  -1.7591000e-01  -6.3110600e-01
  -8.2156200e-02  -6.4394600e-01
   6.0662100e-03  -6.2048000e-01
   8.0763700e-02  -5.6421600e-01
   1.3519900e-01  -4.8064400e-01
   1.6432100e-01  -3.7683500e-01
   1.6507700e-01  -2.6094700e-01
   1.3659200e-01  -1.4167300e-01
   8.0205700e-02  -2.7665800e-02
  -6.3778300e-04   7.3027600e-02
  -1.0062900e-01   1.5348100e-01
  -2.1295500e-01   2.0832800e-01
  -3.2975500e-01   2.3409600e-01
  -4.4263700e-01   2.2941200e-01
  -5.4323100e-01   1.9508100e-01
  -6.2373600e-01   1.3401600e-01
  -6.7743100e-01   5.1043700e-02
  -6.9912300e-01  -4.7414400e-02
  -6.8549400e-01  -1.5375800e-01
  -6.3533500e-01  -2.5969800e-01
  -5.4965500e-01  -3.5678400e-01
  -4.3165500e-01  -4.3694900e-01
  -2.8656300e-01  -4.9302600e-01
  -1.2135700e-01  -5.1921000e-01
   5.5623300e-02  -5.1144300e-01
   2.3514400e-01  -4.6769400e-01
   4.0759700e-01  -3.8811700e-01
   5.6355200e-01  -2.7508200e-01
   6.9428400e-01  -1.3307800e-01
   7.9228400e-01   3.1512600e-02
   8.5168300e-01   2.1074300e-01
   8.6859800e-01   3.9553400e-01
   8.4136200e-01   5.7615900e-01
   7.7063400e-01   7.4278300e-01
   6.5938200e-01   8.8600100e-01
   5.1273200e-01   9.9736000e-01
   3.3771300e-01   1.0698300e+00
   1.4288500e-01   1.0982100e+00
  -6.2110700e-02   1.0794100e+00
  -2.6705300e-01   1.0126600e+00
  -4.6168600e-01   8.9956900e-01
  -6.3625000e-01   7.4405400e-01
  -7.8199900e-01   5.5217200e-01
  -8.9165600e-01   3.3181700e-01
  -9.5978900e-01   9.2331600e-02
  -9.8308900e-01  -1.5595800e-01
  -9.6054100e-01  -4.0226000e-01
  -8.9346300e-01  -6.3585800e-01
  -7.8543400e-01  -8.4663900e-01
  -6.4209500e-01  -1.0256000e+00
  -4.7084900e-01  -1.1652900e+00
  -2.8046500e-01  -1.2601400e+00
  -8.0622600e-02  -1.3067900e+00
   1.1859800e-01  -1.3041500e+00
   3.0723600e-01  -1.2534800e+00
   4.7596200e-01  -1.1582700e+00
   6.1654900e-01  -1.0240600e+00
   7.2228600e-01  -8.5809400e-01
   7.8830400e-01  -6.6893700e-01
   8.1179900e-01  -4.6602800e-01
   7.9215300e-01  -2.5917300e-01
   7.3092500e-01  -5.8038400e-02
   6.3174100e-01   1.2833300e-01
   5.0006000e-01   2.9197600e-01
   3.4286500e-01   4.2638000e-01
   1.6826100e-01   5.2679000e-01
  -1.4970600e-02   5.9039900e-01
  -1.9785000e-01   6.1643400e-01
  -3.7167700e-01   6.0613300e-01
  -5.2848100e-01   5.6260600e-01
  -6.6143300e-01   4.9060100e-01
  -7.6517100e-01   3.9618800e-01
  -8.3605400e-01   2.8636500e-01
  -8.7229900e-01   1.6864000e-01
  -8.7402400e-01   5.0577400e-02
  -8.4318000e-01  -6.0633000e-02
  -7.8337400e-01  -1.5858300e-01
  -6.9962000e-01  -2.3799200e-01
  -5.9799700e-01  -2.9498200e-01
  -4.8527200e-01  -3.2725900e-01
  -3.6848100e-01  -3.3420200e-01
  -2.5451500e-01  -3.1684400e-01
  -1.4972200e-01  -2.7775800e-01
  -5.9552700e-02  -2.2085800e-01
   1.1732200e-02  -1.5111300e-01
   6.1271000e-02  -7.4215200e-02
   8.7725800e-02   3.7949600e-03
   9.1308500e-02   7.6914800e-02
   7.3714200e-02   1.3955500e-01
   3.7964800e-02   1.8688400e-01
  -1.1823600e-02   2.1511700e-01
  -7.0734600e-02   2.2173600e-01
  -1.3338900e-01   2.0563200e-01
  -1.9430000e-01   1.6715400e-01
  -2.4823200e-01   1.0807300e-01
  -2.9053300e-01   3.1455000e-02
  -3.1742000e-01  -5.8535900e-02
  -3.2622000e-01  -1.5690500e-01
  -3.1552000e-01  -2.5813300e-01
  -2.8524900e-01  -3.5651600e-01
  -2.3667400e-01  -4.4650500e-01
  -1.7231100e-01  -5.2303600e-01
  -9.5764500e-02  -5.8182000e-01
  -1.1504300e-02  -6.1959400e-01
   7.5411700e-02  -6.3429500e-01
   1.5964100e-01  -6.2517300e-01
   2.3587900e-01  -5.9281600e-01
   2.9916600e-01  -5.3910600e-01
   3.4518600e-01  -4.6709600e-01
   3.7050800e-01  -3.8082900e-01
   3.7278700e-01  -2.8509400e-01
   3.5089700e-01  -1.8515800e-01
   3.0499100e-01  -8.6461700e-02
   2.3649300e-01   5.6770100e-03
   1.4802200e-01   8.6353200e-02
   4.3248000e-02   1.5133600e-01
  -7.3305500e-02   1.9728800e-01
  -1.9649900e-01   2.2193300e-01
  -3.2084700e-01   2.2415900e-01
  -4.4079900e-01   2.0406900e-01
  -5.5102500e-01   1.6295300e-01
  -6.4667700e-01   1.0320600e-01
  -7.2362900e-01   2.8190500e-02
  -7.7867700e-01  -5.7952200e-02
  -8.0968400e-01  -1.5052600e-01
  -8.1567400e-01  -2.4452700e-01
  -7.9686800e-01  -3.3490700e-01
  -7.5465800e-01  -4.1683100e-01
  -6.9153000e-01  -4.8592300e-01
  -6.1092300e-01  -5.3848600e-01
  -5.1706200e-01  -5.7168800e-01
  -4.1473400e-01  -5.8370400e-01
  -3.0905700e-01  -5.7380200e-01
  -2.0522600e-01  -5.4238500e-01
  -1.0825500e-01  -4.9097100e-01
  -2.2737200e-02  -4.2212100e-01
   4.7383000e-02  -3.3931200e-01
   9.9000400e-02  -2.4677600e-01
   1.3000200e-01  -1.4928700e-01
   1.3937300e-01  -5.1928800e-02
   1.2724600e-01   4.0156200e-02
   9.4901000e-02   1.2202900e-01
   4.4699800e-02   1.8920300e-01
  -2.0025500e-02   2.3788300e-01
  -9.5140500e-02   2.6516800e-01
  -1.7591800e-01   2.6921500e-01
  -2.5728000e-01   2.4935900e-01
  -3.3406900e-01   2.0616300e-01
  -4.0132100e-01   1.4142600e-01
  -4.5454200e-01   5.8104100e-02
  -4.8996300e-01  -3.9807700e-02
  -5.0476700e-01  -1.4746900e-01
  -4.9726700e-01  -2.5942800e-01
  -4.6703000e-01  -3.6989800e-01
  -4.1493800e-01  -4.7306200e-01
  -3.4317600e-01  -5.6338400e-01
  -2.5514600e-01  -6.3591800e-01
  -1.5531600e-01  -6.8659200e-01
  -4.8996600e-02  -7.1245700e-01
   5.7932600e-02  -7.1187100e-01
   1.5934000e-01  -6.8462800e-01
   2.4918200e-01  -6.3199800e-01
   3.2185600e-01  -5.5669600e-01
   3.7252600e-01  -4.6275500e-01
   3.9743300e-01  -3.5533100e-01
   3.9413500e-01  -2.4042900e-01
   3.6169200e-01  -1.2458000e-01
   3.0075600e-01  -1.4469000e-02
   2.1358400e-01   8.3444200e-02
   1.0394400e-01   1.6331000e-01
  -2.3060400e-02   2.2024000e-01
  -1.6125600e-01   2.5061500e-01
  -3.0373300e-01   2.5231700e-01
  -4.4322500e-01   2.2488300e-01
  -5.7253100e-01   1.6955600e-01
  -6.8492700e-01   8.9235300e-02
  -7.7456900e-01  -1.1670300e-02
  -8.3684300e-01  -1.2749200e-01
  -8.6865000e-01  -2.5162600e-01
  -8.6859800e-01  -3.7692300e-01
  -8.3710300e-01  -4.9611700e-01
  -7.7636800e-01  -6.0226600e-01
  -6.9026100e-01  -6.8918100e-01
  -5.8408300e-01  -7.5180900e-01
  -4.6425400e-01  -7.8655200e-01
  -3.3791500e-01  -7.9149800e-01
  -2.1249400e-01  -7.6654300e-01
  -9.5244100e-02  -7.1340700e-01
   7.2054000e-03  -6.3552800e-01
   8.9259700e-02  -5.3785000e-01
   1.4670500e-01  -4.2651500e-01
   1.7696900e-01  -3.0847000e-01
   1.7927000e-01  -1.9103100e-01
   1.5465500e-01  -8.1412800e-02
   1.0592300e-01   1.3727700e-02
   3.7420300e-02   8.8718900e-02
  -4.5248900e-02   1.3923400e-01
  -1.3560500e-01   1.6256400e-01
  -2.2672900e-01   1.5778700e-01
  -3.1172400e-01   1.2581700e-01
  -3.8418100e-01   6.9332900e-02
  -4.3860500e-01  -7.4054700e-03
  -4.7078000e-01  -9.8848200e-02
  -4.7805200e-01  -1.9852900e-01
  -4.5950300e-01  -2.9949600e-01
  -4.1600800e-01  -3.9477900e-01
  -3.5017600e-01  -4.7784700e-01
  -2.6617400e-01  -5.4304100e-01
  -1.6944300e-01  -5.8594100e-01
  -6.6337100e-02  -6.0365800e-01
   3.6300800e-02  -5.9500600e-01
   1.3159300e-01  -5.6057900e-01
   2.1308200e-01  -5.0269300e-01
   2.7515100e-01  -4.2522400e-01
   3.1339000e-01  -3.3334000e-01
   3.2488000e-01  -2.3315300e-01
   3.0837000e-01  -1.3131000e-01
   2.6435400e-01  -3.4553600e-02
   1.9501900e-01   5.0716400e-02
   1.0409600e-01   1.1885200e-01
  -3.3928700e-03   1.6531500e-01
  -1.2147000e-01   1.8694600e-01
  -2.4358700e-01   1.8215400e-01
  -3.6304300e-01   1.5098400e-01
  -4.7340400e-01   9.5086900e-02
  -5.6888900e-01   1.7578900e-02
  -6.4471500e-01  -7.7184300e-02
  -6.9735200e-01  -1.8391300e-01
  -7.2470600e-01  -2.9673900e-01
  -7.2618900e-01  -4.0959500e-01
  -7.0270000e-01  -5.1659800e-01
  -6.5650200e-01  -6.1240000e-01
  -5.9102400e-01  -6.9249900e-01
  -5.1058700e-01  -7.5347500e-01
  -4.2009500e-01  -7.9314300e-01
  -3.2469400e-01  -8.1062400e-01
  -2.2944000e-01  -8.0632400e-01
  -1.3899300e-01  -7.8182400e-01
  -5.7348300e-02  -7.3970800e-01
   1.2361600e-02  -6.8332200e-01
   6.7996300e-02  -6.1651200e-01
   1.0845900e-01  -5.4333100e-01
   1.3367200e-01  -4.6776400e-01
   1.4447800e-01  -3.9347200e-01
   1.4248800e-01  -3.2358500e-01
   1.2988200e-01  -2.6054600e-01
   1.0918200e-01  -2.0602300e-01
   8.3028900e-02  -1.6088600e-01
   5.3955500e-02  -1.2524500e-01
   2.4202100e-02  -9.8552900e-02
  -4.4332900e-03  -7.9743700e-02
  -3.0691000e-02  -6.7405900e-02
  -5.3889700e-02  -5.9967600e-02
  -7.3910800e-02  -5.5879100e-02
  -9.1131200e-02  -5.3775500e-02
  -1.0631400e-01  -5.2608300e-02
  -1.2047100e-01  -5.1734100e-02
  -1.3470400e-01  -5.0955800e-02
  -1.5005400e-01  -5.0513800e-02
  -1.6735400e-01  -5.1032100e-02
  -1.8711900e-01  -5.3423400e-02
  -2.0946300e-01  -5.8766300e-02
  -2.3406800e-01  -6.8166000e-02
  -2.6018600e-01  -8.2611300e-02
  -2.8670300e-01  -1.0284300e-01
  -3.1222000e-01  -1.2924800e-01
  -3.3517900e-01  -1.6178000e-01
  -3.5400200e-01  -1.9992900e-01
  -3.6722600e-01  -2.4272900e-01
  -3.7364700e-01  -2.8880600e-01
  -3.7242200e-01  -3.3647500e-01
  -3.6315800e-01  -3.8384700e-01
  -3.4595400e-01  -4.2897800e-01
  -3.2139800e-01  -4.7000600e-01
  -2.9052900e-01  -5.0529100e-01
  -2.5475400e-01  -5.3353700e-01
  -2.1573900e-01  -5.5387500e-01
  -1.7527300e-01  -5.6592500e-01
  -1.3513100e-01  -5.6979700e-01
  -9.6928700e-02  -5.6606700e-01
  -6.2008200e-02  -5.5570000e-01
  -3.1339000e-02  -5.3994800e-01
  -5.4617100e-03  -5.2021800e-01
   1.5528100e-02  -4.9793800e-01
   3.1952900e-02  -4.7441600e-01
   4.4485100e-02  -4.5071500e-01
   5.4043400e-02  -4.2756000e-01
   6.1664500e-02  -4.0527800e-01
   6.8360400e-02  -3.8377700e-01
   7.4976800e-02  -3.6257900e-01
   8.2064600e-02  -3.4089200e-01
   8.9779500e-02  -3.1771800e-01
   9.7819100e-02  -2.9199900e-01
   1.0540600e-01  -2.6276900e-01
   1.1132400e-01  -2.2932100e-01
   1.1399900e-01  -1.9134600e-01
   1.1162800e-01  -1.4906100e-01
   1.0235100e-01  -1.0328300e-01
   8.4431000e-02  -5.5463300e-02
   5.6459700e-02  -7.6525400e-03
   1.7542400e-02   3.7581200e-02
  -3.2536400e-02   7.7297200e-02
  -9.3191000e-02   1.0837200e-01
  -1.6296700e-01   1.2772600e-01
  -2.3953600e-01   1.3256600e-01
  -3.1976400e-01   1.2063500e-01
  -3.9984200e-01   9.0438200e-02
  -4.7548500e-01   4.1431900e-02
  -5.4218200e-01  -2.5837100e-02
  -5.9547800e-01  -1.0966500e-01
  -6.3127900e-01  -2.0720000e-01
  -6.4615400e-01  -3.1453300e-01
  -6.3760500e-01  -4.2686400e-01
  -6.0429600e-01  -5.3874700e-01
  -5.4621700e-01  -6.4438600e-01
  -4.6476600e-01  -7.3797200e-01
  -3.6274500e-01  -8.1404300e-01
  -2.4426400e-01  -8.6783400e-01
  -1.1455200e-01  -8.9559600e-01
   2.0302500e-02  -8.9487000e-01
   1.5368800e-01  -8.6468200e-01
   2.7884000e-01  -8.0565500e-01
   3.8924000e-01  -7.2002200e-01
   4.7900200e-01  -6.1154000e-01
   5.4324100e-01  -4.8530600e-01
   5.7837600e-01  -3.4748800e-01
   5.8236500e-01  -2.0498100e-01
   5.5484500e-01  -6.5018500e-02
   4.9717600e-01   6.5244800e-02
   4.1237500e-01   1.7915200e-01
   3.0494900e-01   2.7093000e-01
   1.8064000e-01   3.3602700e-01
   4.6091100e-02   3.7137800e-01
  -9.1542800e-02   3.7557200e-01
  -2.2501000e-01   3.4892700e-01
  -3.4738500e-01   2.9345500e-01
  -4.5246600e-01   2.1272400e-01
  -5.3512500e-01   1.1162800e-01
  -5.9158600e-01  -3.9196300e-03
  -6.1962300e-01  -1.2735300e-01
  -6.1865200e-01  -2.5185200e-01
  -5.8972600e-01  -3.7074600e-01
  -5.3543000e-01  -4.7790500e-01
  -4.5968100e-01  -5.6808500e-01
  -3.6746000e-01  -6.3720700e-01
  -2.6447300e-01  -6.8256200e-01
  -1.5679100e-01  -7.0292200e-01
  -5.0470000e-02  -6.9855500e-01
   4.8812200e-02  -6.7114600e-01
   1.3608100e-01  -6.2363700e-01
   2.0733500e-01  -5.5998600e-01
   2.5974500e-01  -4.8488000e-01
   2.9177100e-01  -4.0340700e-01
   3.0318500e-01  -3.2071900e-01
   2.9502200e-01  -2.4170700e-01
   2.6944000e-01  -1.7070300e-01
   2.2952300e-01  -1.1123900e-01
   1.7902200e-01  -6.5863500e-02
   1.2208100e-01  -3.6032700e-02
   6.2936200e-02  -2.2081400e-02
   5.6311300e-03  -2.3267100e-02
  -4.6239500e-02  -3.7885400e-02
  -8.9745800e-02  -6.3443200e-02
  -1.2278100e-01  -9.6876300e-02
  -1.4415400e-01  -1.3479500e-01
  -1.5361900e-01  -1.7374000e-01
  -1.5183200e-01  -2.1042800e-01
  -1.4025000e-01  -2.4197300e-01
  -1.2098300e-01  -2.6607300e-01
  -9.6603700e-02  -2.8114200e-01
  -6.9931700e-02  -2.8638500e-01
  -4.3817500e-02  -2.8182400e-01
  -2.0928600e-02  -2.6825000e-01
  -3.5605000e-03  -2.4713700e-01
   6.5189500e-03  -2.2050800e-01
   8.1813300e-03  -1.9076500e-01
   1.0005700e-03  -1.6050200e-01
  -1.4735400e-02  -1.3231600e-01
  -3.8062500e-02  -1.0861900e-01
  -6.7423600e-02  -9.1477100e-02
  -1.0078800e-01  -8.2468200e-02
  -1.3580100e-01  -8.2590200e-02
  -1.6994300e-01  -9.2202900e-02
  -2.0070700e-01  -1.1101600e-01
  -2.2575300e-01  -1.3812100e-01
  -2.4306000e-01  -1.7205900e-01
  -2.5104500e-01  -2.1092100e-01
  -2.4865300e-01  -2.5247600e-01
  -2.3541500e-01  -2.9431000e-01
  -2.1146300e-01  -3.3397000e-01
  -1.7751100e-01  -3.6910800e-01
  -1.3481100e-01  -3.9761100e-01
  -8.5068000e-02  -4.1771000e-01
  -3.0345000e-02  -4.2807200e-01
   2.7052900e-02  -4.2785400e-01
   8.4699300e-02  -4.1673700e-01
   1.4016700e-01  -3.9492500e-01
   1.9114300e-01  -3.6312500e-01
   2.3553300e-01  -3.2249700e-01
   2.7154400e-01  -2.7458200e-01
   2.9775600e-01  -2.2123200e-01
   3.1316800e-01  -1.6451100e-01
   3.1722500e-01  -1.0660500e-01
   3.0982100e-01  -4.9726900e-02
   2.9129400e-01   3.9700400e-03
   2.6238800e-01   5.2475800e-02
   2.2422200e-01   9.3994600e-02
   1.7822800e-01   1.2700500e-01
   1.2609800e-01   1.5030800e-01
   6.9711800e-02   1.6306200e-01
   1.1072100e-02   1.6480400e-01
  -4.7768100e-02   1.5545900e-01
  -1.0477500e-01   1.3533900e-01
  -1.5800100e-01   1.0513000e-01
  -2.0565200e-01   6.5863500e-02
  -2.4614200e-01   1.8883300e-02
  -2.7815100e-01  -3.4198700e-02
  -3.0066800e-01  -9.1557000e-02
  -3.1302600e-01  -1.5121400e-01
  -3.1492900e-01  -2.1111000e-01
  -3.0646500e-01  -2.6917000e-01
  -2.8810200e-01  -3.2338700e-01
  -2.6067600e-01  -3.7189200e-01
  -2.2535900e-01  -4.1302700e-01
  -1.8361600e-01  -4.4541400e-01
  -1.3714400e-01  -4.6800800e-01
  -8.7803300e-02  -4.8014200e-01
  -3.7538000e-02  -4.8155900e-01
   1.1709700e-02  -4.7241900e-01
   5.8085900e-02  -4.5329200e-01
   9.9909700e-02  -4.2513000e-01
   1.3575000e-01  -3.8922300e-01
   1.6448900e-01  -3.4713100e-01
   1.8537700e-01  -3.0060800e-01
   1.9805400e-01  -2.5151200e-01
   2.0256600e-01  -2.0171600e-01
   1.9934800e-01  -1.5300600e-01
   1.8919100e-01  -1.0699800e-01
   1.7318100e-01  -6.5061600e-02
   1.5263400e-01  -2.8251300e-02
   1.2900100e-01   2.7299400e-03
   1.0378500e-01   2.7552600e-02
   7.8438600e-02   4.6256700e-02
   5.4276300e-02   5.9223600e-02
   3.2396700e-02   6.7126700e-02
   1.3618100e-02   7.0862800e-02
  -1.5648600e-03   7.1470400e-02
  -1.2999900e-02   7.0039200e-02
  -2.0872200e-02   6.7617800e-02
  -2.5674600e-02   6.5126500e-02
  -2.8154600e-02   6.3280500e-02
  -2.9243100e-02   6.2530100e-02
  -2.9968800e-02   6.3022300e-02
  -3.1364500e-02   6.4586500e-02
  -3.4372800e-02   6.6745500e-02
  -3.9757100e-02   6.8752500e-02
  -4.8024600e-02   6.9650300e-02
  -5.9368700e-02   6.8350400e-02
  -7.3633000e-02   6.3725200e-02
  -9.0301900e-02   5.4707800e-02
  -1.0851900e-01   4.0391500e-02
  -1.2712900e-01   2.0123100e-02
  -1.4475200e-01  -6.4182700e-03
  -1.5986500e-01  -3.9162600e-02
  -1.7091300e-01  -7.7614500e-02
  -1.7641300e-01  -1.2084700e-01
  -1.7506800e-01  -1.6752500e-01
  -1.6587300e-01  -2.1595600e-01
  -1.4820100e-01  -2.6417000e-01
  -1.2187100e-01  -3.1001600e-01
  -8.7193900e-02  -3.5128100e-01
  -4.4983500e-02  -3.8581100e-01
   3.4615300e-03  -4.1164000e-01
   5.6405200e-02  -4.2710600e-01
   1.1175100e-01  -4.3096000e-01
   1.6714200e-01  -4.2244800e-01
   2.2008000e-01  -4.0137000e-01
   2.6805600e-01  -3.6810900e-01
   3.0868300e-01  -3.2362600e-01
   3.3982900e-01  -2.6942700e-01
   3.5973200e-01  -2.0749500e-01
   3.6710100e-01  -1.4019900e-01
   3.6119300e-01  -7.0177900e-02
   3.4185900e-01  -2.1364400e-04
   3.0955900e-01   6.6906200e-02
   2.6534700e-01   1.2852500e-01
   2.1082000e-01   1.8224700e-01
   1.4804800e-01   2.2605100e-01
   7.9469400e-02   2.5838600e-01
   7.7760600e-03   2.7824000e-01
  -6.4216100e-02   2.8517800e-01
  -1.3370100e-01   2.7935600e-01
  -1.9801400e-01   2.6150000e-01
  -2.5475100e-01   2.3285700e-01
  -3.0188000e-01   1.9512000e-01
  -3.3781800e-01   1.5034000e-01
  -3.6150100e-01   1.0080900e-01
  -3.7241100e-01   4.8949300e-02
  -3.7058500e-01  -2.8118500e-03
  -3.5659500e-01  -5.2156500e-02
  -3.3150000e-01  -9.6984200e-02
  -2.9677700e-01  -1.3550400e-01
  -2.5424000e-01  -1.6630800e-01
  -2.0593600e-01  -1.8842400e-01
  -1.5404400e-01  -2.0134100e-01
  -1.0076200e-01  -2.0501400e-01
  -4.8211600e-02  -1.9984500e-01
   1.6633600e-03  -1.8664000e-01
   4.7174900e-02  -1.6655200e-01
   8.6956400e-02  -1.4100300e-01
   1.2000800e-01  -1.1160100e-01
   1.4572300e-01  -8.0047900e-02
   1.6388900e-01  -4.8051700e-02
   1.7467300e-01  -1.7234600e-02
   1.7858900e-01   1.0944700e-02
   1.7644200e-01   3.5259100e-02
   1.6927000e-01   5.4766000e-02
   1.5826700e-01   6.8843600e-02
   1.4470900e-01   7.7208600e-02
   1.2987000e-01   7.9915200e-02
   1.1495600e-01   7.7336500e-02
   1.0103000e-01   7.0129000e-02
   8.8957900e-02   5.9183500e-02
   7.9365900e-02   4.5563800e-02
   7.2611200e-02   3.0438900e-02
   6.8771100e-02   1.5010200e-02
   6.7648800e-02   4.3971500e-04
   6.8795300e-02  -1.2219000e-02
   7.1545900e-02  -2.2081000e-02
   7.5069900e-02  -2.8479800e-02
   7.8429900e-02  -3.1004000e-02
   8.0647300e-02  -2.9517700e-02
   8.0769900e-02  -2.4165100e-02
   7.7939000e-02  -1.5358400e-02
   7.1450300e-02  -3.7489100e-03
   6.0806300e-02   9.8146000e-03
   4.5757000e-02   2.4340700e-02
   2.6325200e-02   3.8757900e-02
   2.8167000e-03   5.1982600e-02
  -2.4186900e-02   6.2987900e-02
  -5.3852200e-02   7.0869300e-02
  -8.5132600e-02   7.4903600e-02
  -1.1682100e-01   7.4597000e-02
  -1.4761400e-01   6.9720000e-02
  -1.7617800e-01   6.0326900e-02
  -2.0122400e-01   4.6757400e-02
  -2.2158100e-01   2.9622300e-02
  -2.3625500e-01   9.7723400e-03
  -2.4449000e-01  -1.1747700e-02
  -2.4581000e-01  -3.3756400e-02
  -2.4004500e-01  -5.5001900e-02
  -2.2734400e-01  -7.4232100e-02
  -2.0816700e-01  -9.0265600e-02
  -1.8326000e-01  -1.0205900e-01
  -1.5362100e-01  -1.0876400e-01
  -1.2043900e-01  -1.0977900e-01
  -8.5037800e-02  -1.0477600e-01
  -4.8806800e-02  -9.3724000e-02
  -1.3127900e-02  -7.6886000e-02
   2.0690700e-02  -5.4803600e-02
   5.1477400e-02  -2.8265200e-02
   7.8248700e-02   1.7384100e-03
   1.0024900e-01   3.4069200e-02
   1.1697600e-01   6.7502800e-02
   1.2819100e-01   1.0079300e-01
   1.3391000e-01   1.3273400e-01
   1.3438800e-01   1.6221700e-01
   1.3008500e-01   1.8828000e-01
   1.2162100e-01   2.1014700e-01
   1.0973300e-01   2.2724800e-01
   9.5221900e-02   2.3923900e-01
   7.8901600e-02   2.4598900e-01
   6.1554400e-02   2.4757500e-01
   4.3891800e-02   2.4425200e-01
   2.6525200e-02   2.3642100e-01
   9.9465400e-03   2.2459100e-01
  -5.4796200e-03   2.0934000e-01
  -1.9513300e-02   1.9127600e-01
  -3.2027300e-02   1.7100300e-01
  -4.2987600e-02   1.4909400e-01
  -5.2428700e-02   1.2606700e-01
  -6.0427300e-02   1.0238100e-01
  -6.7075600e-02   7.8428500e-02
  -7.2458200e-02   5.4543700e-02
  -7.6634200e-02   3.1014100e-02
  -7.9626100e-02   8.0983200e-03
  -8.1416600e-02  -1.3955600e-02
  -8.1953600e-02  -3.4891500e-02
  -8.1161400e-02  -5.4429100e-02
  -7.8959600e-02  -7.2254000e-02
  -7.5283900e-02  -8.8013600e-02
  -7.0110200e-02  -1.0132100e-01
  -6.3476800e-02  -1.1176700e-01
  -5.5503500e-02  -1.1893700e-01
  -4.6404600e-02  -1.2244100e-01
  -3.6495000e-02  -1.2193400e-01
  -2.6186600e-02  -1.1715800e-01
  -1.5977000e-02  -1.0796000e-01
  -6.4278600e-03  -9.4327400e-02
   1.8633200e-03  -7.6401300e-02
   8.2975300e-03  -5.4492100e-02
   1.2312100e-02  -2.9079300e-02
   1.3419300e-02  -8.0309800e-04
   1.1242200e-02   2.9554900e-02
   5.5465900e-03   6.1101100e-02
  -3.7358200e-03   9.2867000e-02
  -1.6492700e-02   1.2385200e-01
  -3.2427600e-02   1.5307200e-01
  -5.1067400e-02   1.7960100e-01
  -7.1781200e-02   2.0262200e-01
  -9.3808399e-02   2.2145700e-01
  -1.1629500e-01   2.3560400e-01
  -1.3833600e-01   2.4475600e-01
  -1.5901900e-01   2.4880600e-01
  -1.7747200e-01   2.4785100e-01
  -1.9290100e-01   2.4217800e-01
  -2.0462800e-01   2.3223900e-01
  -2.1212400e-01   2.1862800e-01
  -2.1502300e-01   2.0204200e-01
  -2.1313400e-01   1.8324300e-01
  -2.0644600e-01   1.6302400e-01
  -1.9511500e-01   1.4217400e-01
  -1.7945100e-01   1.2144300e-01
  -1.5989600e-01   1.0152200e-01
  -1.3700100e-01   8.3022000e-02
  -1.1139700e-01   6.6462500e-02
  -8.3772400e-02   5.2267100e-02
  -5.4846600e-02   4.0763400e-02
  -2.5353800e-02   3.2187400e-02
   3.9750300e-03   2.6689500e-02
   3.2422400e-02   2.4341800e-02
   5.9292100e-02   2.5144400e-02
   8.3914300e-02   2.9028600e-02
   1.0564900e-01   3.5858200e-02
   1.2389100e-01   4.5427600e-02
   1.3807300e-01   5.7456600e-02
   1.4768100e-01   7.1584400e-02
   1.5225900e-01   8.7363899e-02
   1.5143600e-01   1.0425700e-01
   1.4494100e-01   1.2163500e-01
   1.3263300e-01   1.3878400e-01
   1.1452200e-01   1.5492000e-01
   9.0800399e-02   1.6920700e-01
   6.1858500e-02   1.8079400e-01
   2.8302500e-02   1.8884900e-01
  -9.0420599e-03   1.9260700e-01
  -4.9137300e-02   1.9142100e-01
  -9.0753499e-02   1.8481300e-01
  -1.3250500e-01   1.7252400e-01
  -1.7289900e-01   1.5455500e-01
  -2.1039800e-01   1.3120200e-01
  -2.4349400e-01   1.0306700e-01
  -2.7078500e-01   7.1067300e-02
  -2.9105400e-01   3.6406900e-02
  -3.0335200e-01   5.4280300e-04
  -3.0706100e-01  -3.4876400e-02
  -3.0195000e-01  -6.8086800e-02
  -2.8820800e-01  -9.7299999e-02
  -2.6646000e-01  -1.2080200e-01
  -2.3774800e-01  -1.3705500e-01
  -2.0350000e-01  -1.4479800e-01
  -1.6545700e-01  -1.4313200e-01
  -1.2559300e-01  -1.3159800e-01
  -8.6008199e-02  -1.1021800e-01
  -4.8809600e-02  -7.9523900e-02
  -1.5992600e-02  -4.0549300e-02
   1.0680400e-02   5.2102900e-03
   2.9788800e-02   5.5863700e-02
   4.0345000e-02   1.0921800e-01
   4.1861000e-02   1.6289500e-01
   3.4385600e-02   2.1446000e-01
   1.8508800e-02   2.6156000e-01
  -4.6681300e-03   3.0205800e-01
  -3.3595800e-02   3.3416100e-01
  -6.6368700e-02   3.5652100e-01
  -1.0084200e-01   3.6831800e-01
  -1.3476500e-01   3.6930700e-01
  -1.6592400e-01   3.5983300e-01
  -1.9228100e-01   3.4080100e-01
  -2.1210700e-01   3.1362500e-01
  -2.2409100e-01   2.8012700e-01
  -2.2742700e-01   2.4242600e-01
  -2.2186700e-01   2.0280100e-01
  -2.0773100e-01   1.6354100e-01
  -1.8589400e-01   1.2680400e-01
  -1.5771700e-01   9.4479099e-02
  -1.2496700e-01   6.8070700e-02
  -8.9688299e-02   4.8609300e-02
  -5.4075100e-02   3.6594800e-02
  -2.0320500e-02   3.1976700e-02
   9.5263999e-03   3.4173400e-02
   3.3695500e-02   4.2126200e-02
   5.0810300e-02   5.4387500e-02
   5.9975100e-02   6.9234500e-02
   6.0828500e-02   8.4801199e-02
   5.3559900e-02   9.9219399e-02
   3.8888300e-02   1.1075800e-01
   1.8004100e-02   1.1795200e-01
  -7.5204799e-03   1.1971000e-01
  -3.5846500e-02   1.1539600e-01
  -6.5001400e-02   1.0487800e-01
  -9.3018699e-02   8.8533599e-02
  -1.1807700e-01   6.7231100e-02
  -1.3862500e-01   4.2262700e-02
  -1.5348900e-01   1.5254700e-02
  -1.6194900e-01  -1.1948000e-02
  -1.6378500e-01  -3.7413700e-02
  -1.5928200e-01  -5.9261000e-02
  -1.4920800e-01  -7.5792099e-02
  -1.3474500e-01  -8.5613999e-02
  -1.1740600e-01  -8.7737199e-02
  -9.8914499e-02  -8.1646799e-02
  -8.1083699e-02  -6.7340500e-02
  -6.5679100e-02  -4.5330700e-02
  -5.4293500e-02  -1.6612400e-02
  -4.8231800e-02   1.7402300e-02
  -4.8418000e-02   5.4976700e-02
  -5.5329900e-02   9.4162899e-02
  -6.8965600e-02   1.3292800e-01
  -8.8843199e-02   1.6928500e-01
  -1.1403400e-01   2.0141600e-01
  -1.4322600e-01   2.2778200e-01
  -1.7481100e-01   2.4721800e-01
  -2.0699600e-01   2.5899000e-01
  -2.3791500e-01   2.6283400e-01
  -2.6575500e-01   2.5895300e-01
  -2.8886500e-01   2.4799200e-01
  -3.0586300e-01   2.3097700e-01
  -3.1571400e-01   2.0923800e-01
  -3.1778300e-01   1.8431300e-01
  -3.1187100e-01   1.5783900e-01
  -2.9820600e-01   1.3144900e-01
  -2.7742100e-01   1.0666800e-01
  -2.5050200e-01   8.4822999e-02
  -2.1871000e-01   6.6973300e-02
  -1.8350300e-01   5.3861400e-02
  -1.4644000e-01   4.5887400e-02
  -1.0908700e-01   4.3108600e-02
  -7.2929799e-02   4.5261600e-02
  -3.9302200e-02   5.1804000e-02
  -9.3222899e-03   6.1972100e-02
   1.6146000e-02   7.4847899e-02
   3.6513600e-02   8.9430699e-02
   5.1466600e-02   1.0470700e-01
   6.0949000e-02   1.1971500e-01
   6.5130200e-02   1.3359700e-01
   6.4362500e-02   1.4563700e-01
   5.9131800e-02   1.5528700e-01
   5.0007900e-02   1.6217300e-01
   3.7597300e-02   1.6609000e-01
   2.2503800e-02   1.6698100e-01
   5.2984300e-03   1.6491400e-01
  -1.3499300e-02   1.6004300e-01
  -3.3427900e-02   1.5258400e-01
  -5.4080500e-02   1.4277700e-01
  -7.5091999e-02   1.3086500e-01
  -9.6120899e-02   1.1708200e-01
  -1.1682900e-01   1.0164200e-01
  -1.3686100e-01   8.4749899e-02
  -1.5583400e-01   6.6608699e-02
  -1.7332600e-01   4.7444000e-02
  -1.8888100e-01   2.7525600e-02
  -2.0202700e-01   7.1908799e-03
  -2.1229200e-01  -1.3135500e-02
  -2.1924300e-01  -3.2929800e-02
  -2.2252300e-01  -5.1567600e-02
  -2.2189100e-01  -6.8334499e-02
  -2.1726200e-01  -8.2450399e-02
  -2.0874300e-01  -9.3106099e-02
  -1.9665300e-01  -9.9511599e-02
  -1.8153200e-01  -1.0095100e-01
  -1.6414000e-01  -9.6844999e-02
  -1.4542600e-01  -8.6805399e-02
  -1.2648800e-01  -7.0691599e-02
  -1.0851700e-01  -4.8650600e-02
  -9.2726499e-02  -2.1142900e-02
  -8.0270099e-02   1.1050900e-02
  -7.2162999e-02   4.6845700e-02
  -6.9201999e-02   8.4888699e-02
  -7.1896299e-02   1.2361900e-01
  -8.0413699e-02   1.6134600e-01
  -9.4545699e-02   1.9634000e-01
  -1.1369800e-01   2.2693100e-01
  -1.3690700e-01   2.5161800e-01
  -1.6288100e-01   2.6915800e-01
  -1.9006700e-01   2.7866000e-01
  -2.1674100e-01   2.7964600e-01
  -2.4111000e-01   2.7209500e-01
  -2.6142800e-01   2.5646100e-01
  -2.7611000e-01   2.3365300e-01
  -2.8384100e-01   2.0499300e-01
  -2.8367400e-01   1.7214400e-01
  -2.7510300e-01   1.3700700e-01
  -2.5811100e-01   1.0161100e-01
  -2.3319100e-01   6.7987499e-02
  -2.0132500e-01   3.8037800e-02
  -1.6394100e-01   1.3416300e-02
  -1.2283400e-01  -4.5792600e-03
  -8.0059599e-02  -1.5091900e-02
  -3.7817900e-02  -1.7762900e-02
   1.6851600e-03  -1.2755800e-02
   3.6371100e-02  -7.4734699e-04
   6.4418899e-02   1.7116800e-02
   8.4378299e-02   3.9296900e-02
   9.5261699e-02   6.3961099e-02
   9.6605399e-02   8.9106699e-02
   8.8498199e-02   1.1269400e-01
   7.1574999e-02   1.3278200e-01
   4.6974400e-02   1.4765900e-01
   1.6265000e-02   1.5595800e-01
  -1.8656000e-02   1.5674700e-01
  -5.5685000e-02   1.4959500e-01
  -9.2645599e-02   1.3460200e-01
  -1.2742700e-01   1.1239100e-01
  -1.5811600e-01   8.4073499e-02
  -1.8311400e-01   5.1175700e-02
  -2.0123400e-01   1.5540600e-02
  -2.1176500e-01  -2.0789800e-02
  -2.1451300e-01  -5.5705000e-02
  -2.0979600e-01  -8.7159999e-02
  -1.9841700e-01  -1.1330400e-01
  -1.8159600e-01  -1.3259500e-01
  -1.6088500e-01  -1.4389300e-01
  -1.3805400e-01  -1.4652800e-01
  -1.1497300e-01  -1.4033500e-01
  -9.3481999e-02  -1.2565700e-01
  -7.5274899e-02  -1.0331800e-01
  -6.1787099e-02  -7.4559399e-02
  -5.4107200e-02  -4.0962500e-02
  -5.2912300e-02  -4.3408900e-03
  -5.8431899e-02   3.3372600e-02
  -7.0441299e-02   7.0244899e-02
  -8.8285799e-02   1.0445900e-01
  -1.1093100e-01   1.3441500e-01
  -1.3703600e-01   1.5882400e-01
  -1.6504600e-01   1.7676200e-01
  -1.9329500e-01   1.8771900e-01
  -2.2010900e-01   1.9160300e-01
  -2.4391200e-01   1.8872800e-01
  -2.6331900e-01   1.7977200e-01
  -2.7721300e-01   1.6571600e-01
  -2.8480200e-01   1.4776900e-01
  -2.8565500e-01   1.2727900e-01
  -2.7971600e-01   1.0563800e-01
  -2.6728500e-01   8.4201799e-02
  -2.4899200e-01   6.4200699e-02
  -2.2573900e-01   4.6676000e-02
  -1.9863700e-01   3.2427200e-02
  -1.6893100e-01   2.1980000e-02
  -1.3792000e-01   1.5573900e-02
  -1.0688400e-01   1.3169100e-02
  -7.7014499e-02   1.4472100e-02
  -4.9354700e-02   1.8974600e-02
  -2.4755600e-02   2.6004400e-02
  -3.8477700e-03   3.4783000e-02
   1.2971300e-02   4.4485300e-02
   2.5533500e-02   5.4296999e-02
   3.3882900e-02   6.3466899e-02
   3.8246100e-02   7.1349499e-02
   3.8994500e-02   7.7436699e-02
   3.6601900e-02   8.1377199e-02
   3.1600100e-02   8.2982799e-02
   2.4536900e-02   8.2223499e-02
   1.5938800e-02   7.9210899e-02
   6.2803999e-03   7.4175199e-02
  -4.0366100e-03   6.7434899e-02
  -1.4696300e-02   5.9365199e-02
  -2.5471500e-02   5.0365400e-02
  -3.6218800e-02   4.0829600e-02
  -4.6866600e-02   3.1121200e-02
  -5.7398299e-02   2.1554400e-02
  -6.7832999e-02   1.2381700e-02
  -7.8204799e-02   3.7889600e-03
  -8.8543999e-02  -4.1034300e-03
  -9.8861599e-02  -1.1233400e-02
  -1.0913700e-01  -1.7586100e-02
  -1.1931200e-01  -2.3180400e-02
  -1.2928900e-01  -2.8053800e-02
  -1.3893500e-01  -3.2249100e-02
  -1.4808700e-01  -3.5802300e-02
  -1.5656500e-01  -3.8734000e-02
  -1.6418500e-01  -4.1044100e-02
  -1.7076900e-01  -4.2710700e-02
  -1.7615700e-01  -4.3692600e-02
  -1.8021900e-01  -4.3934400e-02
  -1.8286100e-01  -4.3374000e-02
  -1.8402800e-01  -4.1951100e-02
  -1.8370500e-01  -3.9615500e-02
  -1.8191600e-01  -3.6334500e-02
  -1.7871700e-01  -3.2098100e-02
  -1.7419000e-01  -2.6922400e-02
  -1.6843900e-01  -2.0849400e-02
  -1.6157800e-01  -1.3945200e-02
  -1.5372900e-01  -6.2954199e-03
  -1.4501900e-01   2.0005700e-03
  -1.3557600e-01   1.0836200e-02
  -1.2553100e-01   2.0103800e-02
  -1.1501800e-01   2.9699500e-02
  -1.0418200e-01   3.9526200e-02
  -9.3180799e-02   4.9493799e-02
  -8.2190699e-02   5.9517599e-02
  -7.1407099e-02   6.9512599e-02
  -6.1046899e-02   7.9387399e-02
  -5.1344999e-02   8.9035499e-02
  -4.2548700e-02   9.8327399e-02
  -3.4907800e-02   1.0710200e-01
  -2.8661900e-02   1.1516400e-01
  -2.4025000e-02   1.2227600e-01
  -2.1168000e-02   1.2817000e-01
  -2.0202500e-02   1.3254400e-01
  -2.1164200e-02   1.3508300e-01
  -2.4000600e-02   1.3546900e-01
  -2.8562600e-02   1.3340600e-01
  -3.4602400e-02   1.2864000e-01
  -4.1777300e-02   1.2098800e-01
  -4.9661499e-02   1.1035500e-01
  -5.7764299e-02   9.6761399e-02
  -6.5555299e-02   8.0353899e-02
  -7.2494099e-02   6.1418199e-02
  -7.8063899e-02   4.0379000e-02
  -8.1806299e-02   1.7793500e-02
  -8.3354199e-02  -5.6657899e-03
  -8.2462699e-02  -2.9235900e-02
  -7.9031899e-02  -5.2096699e-02
  -7.3123699e-02  -7.3410499e-02
  -6.4967299e-02  -9.2364899e-02
  -5.4954899e-02  -1.0821800e-01
  -4.3626500e-02  -1.2033900e-01
  -3.1643100e-02  -1.2825300e-01
  -1.9752100e-02  -1.3166400e-01
  -8.7443699e-03  -1.3048500e-01
   5.9359899e-04  -1.2484100e-01
   7.5287199e-03  -1.1507300e-01
   1.1429600e-02  -1.0172300e-01
   1.1810400e-02  -8.5502399e-02
   8.3662499e-03  -6.7258699e-02
   1.0001700e-03  -4.7927699e-02
  -1.0163800e-02  -2.8480400e-02
  -2.4779500e-02  -9.8686099e-03
  -4.2292300e-02   7.0306299e-03
  -6.1964699e-02   2.1465000e-02
  -8.2915199e-02   3.2850500e-02
  -1.0416500e-01   4.0804000e-02
  -1.2469300e-01   4.5164499e-02
  -1.4349300e-01   4.5999699e-02
  -1.5963300e-01   4.3598699e-02
  -1.7230400e-01   3.8451100e-02
  -1.8087400e-01   3.1213300e-02
  -1.8491800e-01   2.2664500e-02
  -1.8424500e-01   1.3655400e-02
  -1.7890800e-01   5.0519499e-03
  -1.6920000e-01  -2.3206200e-03
  -1.5563500e-01  -7.7317899e-03
  -1.3891500e-01  -1.0592900e-02
  -1.1989200e-01  -1.0495400e-02
  -9.9512999e-02  -7.2372799e-03
  -7.8766099e-02  -8.3646499e-04
  -5.8623299e-02   8.4697899e-03
  -3.9984800e-02   2.0239200e-02
  -2.3629000e-02   3.3851700e-02
  -1.0170400e-02   4.8547199e-02
  -2.9075400e-05   6.3472299e-02
   6.5887899e-03   7.7732299e-02
   9.6958899e-03   9.0445099e-02
   9.5161499e-03   1.0079400e-01
   6.4642999e-03   1.0807900e-01
   1.1143900e-03   1.1175200e-01
  -5.8404499e-03   1.1145700e-01
  -1.3634600e-02   1.0704500e-01
  -2.1479600e-02   9.8581499e-02
  -2.8614100e-02   8.6346799e-02
  -3.4350900e-02   7.0815699e-02
  -3.8118400e-02   5.2631099e-02
  -3.9493900e-02   3.2567700e-02
  -3.8227700e-02   1.1489100e-02
  -3.4255600e-02  -9.6997299e-03
  -2.7701000e-02  -3.0100700e-02
  -1.8864800e-02  -4.8869399e-02
  -8.2061599e-03  -6.5257699e-02
   3.6862400e-03  -7.8650699e-02
   1.6129700e-02  -8.8594199e-02
   2.8387700e-02  -9.4814299e-02
   3.9712400e-02  -9.7225399e-02
   4.9386699e-02  -9.5928599e-02
   5.6764799e-02  -9.1200899e-02
   6.1306799e-02  -8.3473999e-02
   6.2608399e-02  -7.3307499e-02
   6.0421499e-02  -6.1354999e-02
   5.4667499e-02  -4.8327599e-02
   4.5440699e-02  -3.4954900e-02
   3.3003300e-02  -2.1947000e-02
   1.7771600e-02  -9.9590499e-03
   2.9525100e-04   4.4073199e-04
  -1.8769800e-02   8.7967799e-03
  -3.8693000e-02   1.4785600e-02
  -5.8703899e-02   1.8227900e-02
  -7.8027799e-02   1.9092500e-02
  -9.5920499e-02   1.7493400e-02
  -1.1170200e-01   1.3679100e-02
  -1.2478300e-01   8.0155599e-03
  -1.3469500e-01   9.6440099e-04
  -1.4110000e-01  -6.9438199e-03
  -1.4381000e-01  -1.5138500e-02
  -1.4278600e-01  -2.3039300e-02
  -1.3813900e-01  -3.0086000e-02
  -1.3012200e-01  -3.5767200e-02
  -1.1911100e-01  -3.9645199e-02
  -1.0558700e-01  -4.1377599e-02
  -9.0113899e-02  -4.0733499e-02
  -7.3308599e-02  -3.7603600e-02
  -5.5813099e-02  -3.2004900e-02
  -3.8266200e-02  -2.4079200e-02
  -2.1274900e-02  -1.4084800e-02
  -5.3895199e-03  -2.3832200e-03
   8.9182799e-03   1.0578400e-02
   2.1272900e-02   2.4289600e-02
   3.1406800e-02   3.8201400e-02
   3.9167299e-02   5.1751899e-02
   4.4516799e-02   6.4392999e-02
   4.7528299e-02   7.5615099e-02
   4.8374699e-02   8.4970199e-02
   4.7314299e-02   9.2090699e-02
   4.4672299e-02   9.6704199e-02
   4.0819399e-02   9.8643599e-02
   3.6150500e-02   9.7851099e-02
   3.1061200e-02   9.4376799e-02
   2.5927700e-02   8.8372799e-02
   2.1087100e-02   8.0081499e-02
   1.6822900e-02   6.9820599e-02
   1.3352900e-02   5.7965099e-02
   1.0822800e-02   4.4927199e-02
   9.3040899e-03   3.1135800e-02
   8.7965399e-03   1.7017000e-02
   9.2351899e-03   2.9752800e-03
   1.0500600e-02  -1.0621200e-02
   1.2431700e-02  -2.3452800e-02
   1.4840600e-02  -3.5256300e-02
   1.7527200e-02  -4.5828699e-02
   2.0293900e-02  -5.5026499e-02
   2.2958300e-02  -6.2762199e-02
   2.5363100e-02  -6.8996999e-02
   2.7383200e-02  -7.3731899e-02
   2.8929700e-02  -7.6997299e-02
   2.9949500e-02  -7.8842499e-02
   3.0422400e-02  -7.9326499e-02
   3.0354800e-02  -7.8510099e-02
   2.9772400e-02  -7.6450699e-02
   2.8710400e-02  -7.3199599e-02
   2.7205100e-02  -6.8802799e-02
   2.5285500e-02  -6.3304599e-02
   2.2967100e-02  -5.6752799e-02
   2.0248100e-02  -4.9206999e-02
   1.7109200e-02  -4.0746299e-02
   1.3515900e-02  -3.1477800e-02
   9.4249499e-03  -2.1542800e-02
   4.7927099e-03  -1.1121900e-02
  -4.1385599e-04  -4.3594599e-04
  -6.2053899e-03   1.0256200e-02
  -1.2558400e-02   2.0664300e-02
  -1.9404500e-02   3.0476700e-02
  -2.6622900e-02   3.9374699e-02
  -3.4035300e-02   4.7049199e-02
  -4.1406199e-02   5.3218899e-02
  -4.8447199e-02   5.7649899e-02
  -5.4827299e-02   6.0173099e-02
  -6.0187099e-02   6.0699999e-02
  -6.4157699e-02   5.9234699e-02
  -6.6382499e-02   5.5879999e-02
  -6.6540899e-02   5.0838899e-02
  -6.4371699e-02   4.4408699e-02
  -5.9695699e-02   3.6968999e-02
  -5.2434699e-02   2.8963700e-02
  -4.2625399e-02   2.0878100e-02
  -3.0427600e-02   1.3210900e-02
  -1.6125400e-02   6.4459799e-03
  -1.2062800e-04   1.0215200e-03
   1.7081500e-02  -2.6975600e-03
   3.4893199e-02  -4.4445999e-03
   5.2671299e-02  -4.0706799e-03
   6.9748899e-02  -1.5573000e-03
   8.5469799e-02   2.9786400e-03
   9.9223099e-02   9.2883099e-03
   1.1047700e-01   1.7002800e-02
   1.1880700e-01   2.5652600e-02
   1.2392400e-01   3.4694399e-02
   1.2568400e-01   4.3541999e-02
   1.2410300e-01   5.1601999e-02
   1.1935400e-01   5.8308699e-02
   1.1175700e-01   6.3159699e-02
   1.0175800e-01   6.5746199e-02
   8.9910199e-02   6.5779699e-02
   7.6835099e-02   6.3109799e-02
   6.3191299e-02   5.7734899e-02
   4.9636499e-02   4.9803399e-02
   3.6790599e-02   3.9605799e-02
   2.5203000e-02   2.7558400e-02
   1.5323800e-02   1.4179500e-02
   7.4823499e-03   5.9696399e-05
   1.8731900e-03  -1.4172100e-02
  -1.4487100e-03  -2.7883800e-02
  -2.5645100e-03  -4.0475799e-02
  -1.6795300e-03  -5.1412599e-02
   8.9605099e-04  -6.0251399e-02
   4.7722099e-03  -6.6663199e-02
   9.5082299e-03  -7.0446999e-02
   1.4643800e-02  -7.1535599e-02
   1.9730100e-02  -6.9993899e-02
   2.4358500e-02  -6.6008199e-02
   2.8185600e-02  -5.9869299e-02
   3.0952600e-02  -5.1950699e-02
   3.2498100e-02  -4.2681499e-02
   3.2764199e-02  -3.2518800e-02
   3.1794500e-02  -2.1919000e-02
   2.9726000e-02  -1.1311500e-02
   2.6775000e-02  -1.0757300e-03
   2.3218100e-02   8.4772599e-03
   1.9369800e-02   1.7117100e-02
   1.5558900e-02   2.4700400e-02
   1.2104800e-02   3.1170600e-02
   9.2956199e-03   3.6552299e-02
   7.3696999e-03   4.0939399e-02
   6.5008099e-03   4.4480799e-02
   6.7889099e-03   4.7361599e-02
   8.2561199e-03   4.9784399e-02
   1.0848100e-02   5.1949699e-02
   1.4440700e-02   5.4038399e-02
   1.8850500e-02   5.6196699e-02
   2.3848800e-02   5.8524399e-02
   2.9178700e-02   6.1067599e-02
   3.4571799e-02   6.3815499e-02
   3.9765699e-02   6.6701699e-02
   4.4520199e-02   6.9609999e-02
   4.8630799e-02   7.2382199e-02
   5.1939899e-02   7.4830599e-02
   5.4343899e-02   7.6750399e-02
   5.5797499e-02   7.7933899e-02
   5.6313599e-02   7.8184399e-02
   5.5960999e-02   7.7329099e-02
   5.4857899e-02   7.5230199e-02
   5.3164099e-02   7.1794399e-02
   5.1071299e-02   6.6979199e-02
   4.8791999e-02   6.0797499e-02
   4.6548499e-02   5.3318299e-02
   4.4561699e-02   4.4666599e-02
   4.3040399e-02   3.5019299e-02
   4.2171899e-02   2.4600800e-02
   4.2113499e-02   1.3675900e-02
   4.2985199e-02   2.5416200e-03
   4.4863899e-02  -8.4812199e-03
   4.7778899e-02  -1.9058200e-02
   5.1709099e-02  -2.8851200e-02
   5.6581399e-02  -3.7529599e-02
   6.2270499e-02  -4.4780499e-02
   6.8600899e-02  -5.0320399e-02
   7.5349699e-02  -5.3905599e-02
   8.2252499e-02  -5.5343099e-02
   8.9009599e-02  -5.4500499e-02
   9.5296198e-02  -5.1314799e-02
   1.0077300e-01  -4.5799799e-02
   1.0510000e-01  -3.8051199e-02
   1.0795100e-01  -2.8249700e-02
   1.0902800e-01  -1.6659900e-02
   1.0808200e-01  -3.6262199e-03
   1.0492500e-01   1.0434700e-02
   9.9447598e-02   2.5046600e-02
   9.1630698e-02   3.9689799e-02
   8.1556599e-02   5.3820499e-02
   6.9414199e-02   6.6894099e-02
   5.5499999e-02   7.8389099e-02
   4.0213099e-02   8.7833499e-02
   2.4044900e-02   9.4828998e-02
   7.5624099e-03   9.9074598e-02
  -8.6135099e-03   1.0038600e-01
  -2.3834900e-02   9.8708898e-02
  -3.7456699e-02   9.4130198e-02
  -4.8868599e-02   8.6876199e-02
  -5.7527599e-02   7.7308199e-02
  -6.2988399e-02   6.5907499e-02
  -6.4930299e-02   5.3254099e-02
  -6.3178799e-02   3.9998899e-02
  -5.7719999e-02   2.6830400e-02
  -4.8706799e-02   1.4438300e-02
  -3.6456399e-02   3.4758599e-03
  -2.1437500e-02  -5.4770199e-03
  -4.2500399e-03  -1.1947100e-02
   1.4404000e-02  -1.5596000e-02
   3.3756099e-02  -1.6240700e-02
   5.3010799e-02  -1.3865600e-02
   7.1387999e-02  -8.6242799e-03
   8.8164298e-02  -8.3134799e-04
   1.0271200e-01   9.0555098e-03
   1.1453200e-01   2.0462700e-02
   1.2328000e-01   3.2734799e-02
   1.2878100e-01   4.5174599e-02
   1.3103900e-01   5.7085199e-02
   1.3022900e-01   6.7812399e-02
   1.2668100e-01   7.6784499e-02
   1.2085900e-01   8.3547099e-02
   1.1332200e-01   8.7789498e-02
   1.0469100e-01   8.9361998e-02
   9.5603698e-02   8.8283498e-02
   8.6671598e-02   8.4736499e-02
   7.8441599e-02   7.9052399e-02
   7.1360199e-02   7.1686499e-02
   6.5746499e-02   6.3185599e-02
   6.1774199e-02   5.4148699e-02
   5.9463999e-02   4.5185599e-02
   5.8687999e-02   3.6874399e-02
   5.9183199e-02   2.9722599e-02
   6.0576199e-02   2.4132400e-02
   6.2414899e-02   2.0374900e-02
   6.4205999e-02   1.8573200e-02
   6.5455699e-02   1.8696500e-02
   6.5709499e-02   2.0564800e-02
   6.4590099e-02   2.3865200e-02
   6.1828799e-02   2.8176999e-02
   5.7289499e-02   3.3004199e-02
   5.0982499e-02   3.7814799e-02
   4.3068099e-02   4.2080599e-02
   3.3848799e-02   4.5318199e-02
   2.3751300e-02   4.7125999e-02
   1.3298800e-02   4.7215599e-02
   3.0769599e-03   4.5434599e-02
  -6.3060399e-03   4.1779799e-02
  -1.4260800e-02   3.6399999e-02
  -2.0257400e-02   2.9587199e-02
  -2.3862500e-02   2.1758200e-02
  -2.4769500e-02   1.3426700e-02
  -2.2821300e-02   5.1689199e-03
  -1.8022400e-02  -2.4157700e-03
  -1.0540000e-02  -8.7456398e-03
  -6.9536299e-04  -1.3296400e-02
   1.1056400e-02  -1.5637000e-02
   2.4153700e-02  -1.5459500e-02
   3.7963799e-02  -1.2599600e-02
   5.1821699e-02  -7.0489999e-03
   6.5070499e-02   1.0443700e-03
   7.7100899e-02   1.1385100e-02
   8.7386598e-02   2.3549400e-02
   9.5513198e-02   3.7011999e-02
   1.0120000e-01   5.1179199e-02
   1.0431000e-01   6.5425699e-02
   1.0485400e-01   7.9132499e-02
   1.0298200e-01   9.1723198e-02
   9.8966198e-02   1.0269700e-01
   9.3177298e-02   1.1165400e-01
   8.6055098e-02   1.1831400e-01
   7.8076099e-02   1.2253000e-01
   6.9719899e-02   1.2428200e-01
   6.1438199e-02   1.2367500e-01
   5.3626499e-02   1.2092100e-01
   4.6602899e-02   1.1631900e-01
   4.0593099e-02   1.1022300e-01
   3.5723499e-02   1.0301900e-01
   3.2022799e-02   9.5095098e-02
   2.9430399e-02   8.6810698e-02
   2.7812399e-02   7.8478398e-02
   2.6981499e-02   7.0345599e-02
   2.6720599e-02   6.2584299e-02
   2.6807899e-02   5.5288499e-02
   2.7039899e-02   4.8478499e-02
   2.7252499e-02   4.2112199e-02
   2.7336799e-02   3.6100799e-02
   2.7249199e-02   3.0329399e-02
   2.7014899e-02   2.4678400e-02
   2.6724399e-02   1.9045600e-02
   2.6523399e-02   1.3365900e-02
   2.6597599e-02   7.6270099e-03
   2.7152099e-02   1.8806000e-03
   2.8389999e-02  -3.7536199e-03
   3.0488299e-02  -9.0900198e-03
   3.3576699e-02  -1.3886000e-02
   3.7718599e-02  -1.7856900e-02
   4.2897299e-02  -2.0696100e-02
   4.9008099e-02  -2.2098200e-02
   5.5856699e-02  -2.1784500e-02
   6.3165999e-02  -1.9527200e-02
   7.0588099e-02  -1.5172800e-02
   7.7723398e-02  -8.6602698e-03
   8.4144298e-02  -3.4311899e-05
   8.9421798e-02   1.0548000e-02
   9.3153598e-02   2.2818100e-02
   9.4991698e-02   3.6404099e-02
   9.4667498e-02   5.0845799e-02
   9.2011998e-02   6.5616099e-02
   8.6970798e-02   8.0147498e-02
   7.9612498e-02   9.3860798e-02
   7.0128899e-02   1.0619600e-01
   5.8828099e-02   1.1664300e-01
   4.6120999e-02   1.2476800e-01
   3.2500499e-02   1.3023600e-01
   1.8517100e-02   1.3283100e-01
   4.7499799e-03   1.3246500e-01
  -8.2226298e-03   1.2918200e-01
  -1.9853100e-02   1.2315500e-01
  -2.9652099e-02   1.1467300e-01
  -3.7212199e-02   1.0412900e-01
  -4.2227099e-02   9.1994298e-02
  -4.4504399e-02   7.8794398e-02
  -4.3972299e-02   6.5082699e-02
  -4.0679299e-02   5.1412599e-02
  -3.4787999e-02   3.8311499e-02
  -2.6563399e-02   2.6257599e-02
  -1.6355700e-02   1.5660400e-02
  -4.5808399e-03   6.8460799e-03
   8.3014598e-03   4.8461599e-05
   2.1810600e-02  -4.5953199e-03
   3.5467099e-02  -7.0433799e-03
   4.8812399e-02  -7.3431798e-03
   6.1426699e-02  -5.6217199e-03
   7.2942198e-02  -2.0728000e-03
   8.3053798e-02   3.0576499e-03
   9.1524298e-02   9.4870598e-03
   9.8186798e-02   1.6911600e-02
   1.0294300e-01   2.5020299e-02
   1.0576100e-01   3.3507999e-02
   1.0666300e-01   4.2085499e-02
   1.0572600e-01   5.0487499e-02
   1.0306600e-01   5.8478199e-02
   9.8832398e-02   6.5854399e-02
   9.3199598e-02   7.2446998e-02
   8.6359698e-02   7.8119998e-02
   7.8515998e-02   8.2769698e-02
   6.9878299e-02   8.6321898e-02
   6.0659299e-02   8.8730198e-02
   5.1071399e-02   8.9973398e-02
   4.1324399e-02   9.0054098e-02
   3.1624099e-02   8.8996898e-02
   2.2169800e-02   8.6848298e-02
   1.3152700e-02   8.3675698e-02
   4.7528199e-03   7.9566998e-02
  -2.8633199e-03   7.4630698e-02
  -9.5466398e-03   6.8994299e-02
  -1.5169000e-02   6.2803099e-02
  -1.9627300e-02   5.6217799e-02
  -2.2846400e-02   4.9410599e-02
  -2.4782999e-02   4.2561399e-02
  -2.5426999e-02   3.5851799e-02
  -2.4802699e-02   2.9459999e-02
  -2.2968200e-02   2.3554099e-02
  -2.0013200e-02   1.8285800e-02
  -1.6055800e-02   1.3785700e-02
  -1.1237100e-02   1.0157400e-02
  -5.7154799e-03   7.4751298e-03
   3.4043099e-04   5.7813899e-03
   6.7586199e-03   5.0869199e-03
   1.3370700e-02   5.3723899e-03
   2.0018000e-02   6.5915899e-03
   2.6556899e-02   8.6760998e-03
   3.2862099e-02   1.1540900e-02
   3.8828799e-02   1.5090600e-02
   4.4372699e-02   1.9225500e-02
   4.9428699e-02   2.3847399e-02
   5.3947499e-02   2.8864199e-02
   5.7891599e-02   3.4193099e-02
   6.1230599e-02   3.9762199e-02
   6.3935899e-02   4.5510399e-02
   6.5976899e-02   5.1384799e-02
   6.7316699e-02   5.7337899e-02
   6.7911099e-02   6.3321699e-02
   6.7707699e-02   6.9282898e-02
   6.6648599e-02   7.5156698e-02
   6.4673699e-02   8.0862098e-02
   6.1727099e-02   8.6297298e-02
   5.7764099e-02   9.1337798e-02
   5.2759899e-02   9.5836398e-02
   4.6718199e-02   9.9625798e-02
   3.9678899e-02   1.0252400e-01
   3.1725799e-02   1.0434000e-01
   2.2990999e-02   1.0488900e-01
   1.3657700e-02   1.0399800e-01
   3.9588899e-03   1.0152200e-01
  -5.8264999e-03   9.7357298e-02
  -1.5381500e-02   9.1451898e-02
  -2.4362199e-02   8.3817098e-02
  -3.2411799e-02   7.4535398e-02
  -3.9176899e-02   6.3765099e-02
  -4.4325299e-02   5.1740799e-02
  -4.7564099e-02   3.8770199e-02
  -4.8657099e-02   2.5226099e-02
  -4.7440799e-02   1.1534400e-02
  -4.3837099e-02  -1.8421700e-03
  -3.7862799e-02  -1.4422200e-02
  -2.9634199e-02  -2.5727399e-02
  -1.9367300e-02  -3.5303899e-02
  -7.3725898e-03  -4.2744499e-02
   5.9550899e-03  -4.7709299e-02
   2.0151200e-02  -4.9943199e-02
   3.4700099e-02  -4.9290499e-02
   4.9056899e-02  -4.5704899e-02
   6.2670699e-02  -3.9254499e-02
   7.5008998e-02  -3.0120799e-02
   8.5581498e-02  -1.8593500e-02
   9.3962198e-02  -5.0587099e-03
   9.9807998e-02   1.0016200e-02
   1.0287400e-01   2.6102199e-02
   1.0302500e-01   4.2631199e-02
   1.0024000e-01   5.9019699e-02
   9.4610198e-02   7.4693398e-02
   8.6338998e-02   8.9110898e-02
   7.5727498e-02   1.0178500e-01
   6.3161599e-02   1.1230400e-01
   4.9094599e-02   1.2034100e-01
   3.4026299e-02   1.2567200e-01
   1.8481400e-02   1.2817600e-01
   2.9876699e-03   1.2784000e-01
  -1.1945600e-02   1.2475300e-01
  -2.5847099e-02   1.1909800e-01
  -3.8300399e-02   1.1114400e-01
  -4.8957699e-02   1.0122500e-01
  -5.7549799e-02   8.9728398e-02
  -6.3892398e-02   7.7076498e-02
  -6.7887498e-02   6.3705998e-02
  -6.9521898e-02   5.0051699e-02
  -6.8861998e-02   3.6530299e-02
  -6.6044898e-02   2.3525899e-02
  -6.1268299e-02   1.1378700e-02
  -5.4777799e-02   3.7559299e-04
  -4.6853699e-02  -9.2546698e-03
  -3.7797399e-02  -1.7344700e-02
  -2.7918799e-02  -2.3787999e-02
  -1.7523400e-02  -2.8535799e-02
  -6.9030398e-03  -3.1592399e-02
   3.6736699e-03  -3.3007999e-02
   1.3967200e-02  -3.2870699e-02
   2.3771399e-02  -3.1297999e-02
   3.2915699e-02  -2.8427999e-02
   4.1264399e-02  -2.4410899e-02
   4.8715499e-02  -1.9401800e-02
   5.5196799e-02  -1.3554000e-02
   6.0661599e-02  -7.0144498e-03
   6.5083298e-02   7.9777398e-05
   6.8450398e-02   7.6030098e-03
   7.0760698e-02   1.5441000e-02
   7.2017198e-02   2.3489799e-02
   7.2224198e-02   3.1652699e-02
   7.1384498e-02   3.9837199e-02
   6.9498898e-02   4.7950799e-02
   6.6565798e-02   5.5896799e-02
   6.2583798e-02   6.3570598e-02
   5.7554399e-02   7.0856298e-02
   5.1486799e-02   7.7624898e-02
   4.4402899e-02   8.3733098e-02
   3.6343399e-02   8.9024798e-02
   2.7373599e-02   9.3333198e-02
   1.7589000e-02   9.6485898e-02
   7.1198798e-03   9.8310698e-02
  -3.8654999e-03   9.8643898e-02
  -1.5159300e-02   9.7339298e-02
  -2.6514899e-02   9.4278398e-02
  -3.7650099e-02   8.9380498e-02
  -4.8253199e-02   8.2612698e-02
  -5.7991199e-02   7.3999498e-02
  -6.6520698e-02   6.3629598e-02
  -7.3501398e-02   5.1661799e-02
  -7.8610498e-02   3.8326799e-02
  -8.1558698e-02   2.3926599e-02
  -8.2106298e-02   8.8295898e-03
  -8.0078598e-02  -6.5372998e-03
  -7.5380198e-02  -2.1701199e-02
  -6.8006398e-02  -3.6158799e-02
  -5.8051799e-02  -4.9394499e-02
  -4.5714799e-02  -6.0901898e-02
  -3.1297399e-02  -7.0205398e-02
  -1.5200400e-02  -7.6882898e-02
   2.0869699e-03  -8.0587698e-02
   2.0001499e-02  -8.1068198e-02
   3.7925999e-02  -7.8184298e-02
   5.5212299e-02  -7.1920198e-02
   7.1207498e-02  -6.2391398e-02
   8.5281698e-02  -4.9846499e-02
   9.6856498e-02  -3.4662699e-02
   1.0543200e-01  -1.7335100e-02
   1.1061100e-01   1.5405800e-03
   1.1212200e-01   2.1289699e-02
   1.0983300e-01   4.1185499e-02
   1.0376200e-01   6.0479698e-02
   9.4079998e-02   7.8433998e-02
   8.1108698e-02   9.4352698e-02
   6.5307298e-02   1.0761400e-01
   4.7256099e-02   1.1769900e-01
   2.7631799e-02   1.2421300e-01
   7.1797398e-03   1.2691000e-01
  -1.3319300e-02   1.2569800e-01
  -3.3082799e-02   1.2064700e-01
  -5.1361199e-02   1.1198400e-01
  -6.7470998e-02   1.0008600e-01
  -8.0824598e-02   8.5458398e-02
  -9.0955998e-02   6.8713198e-02
  -9.7539297e-02   5.0540199e-02
  -1.0040200e-01   3.1674099e-02
  -9.9529997e-02   1.2862000e-02
  -9.5063898e-02  -5.1719599e-03
  -8.7290298e-02  -2.1757599e-02
  -7.6624298e-02  -3.6308099e-02
  -6.3586898e-02  -4.8344199e-02
  -4.8778299e-02  -5.7511998e-02
  -3.2847399e-02  -6.3594798e-02
  -1.6460600e-02  -6.6517398e-02
  -2.7106799e-04  -6.6343398e-02
   1.5111000e-02  -6.3265798e-02
   2.9143799e-02  -5.7591698e-02
   4.1374699e-02  -4.9721799e-02
   5.1456399e-02  -4.0126199e-02
   5.9156198e-02  -2.9318599e-02
   6.4358998e-02  -1.7829200e-02
   6.7064598e-02  -6.1781698e-03
   6.7378598e-02   5.1477499e-03
   6.5499598e-02   1.5716300e-02
   6.1701298e-02   2.5166099e-02
   5.6312698e-02   3.3217699e-02
   4.9697399e-02   3.9680299e-02
   4.2231399e-02   4.4452399e-02
   3.4284099e-02   4.7517899e-02
   2.6199599e-02   4.8938299e-02
   1.8282700e-02   4.8840399e-02
   1.0787800e-02   4.7402299e-02
   3.9120099e-03   4.4837999e-02
  -2.2072799e-03   4.1380999e-02
  -7.4913598e-03   3.7268999e-02
  -1.1915200e-02   3.2730299e-02
  -1.5500100e-02   2.7972099e-02
  -1.8303500e-02   2.3171699e-02
  -2.0408599e-02   1.8471599e-02
  -2.1912699e-02   1.3976500e-02
  -2.2916999e-02   9.7545697e-03
  -2.3516399e-02   5.8404598e-03
  -2.3792499e-02   2.2413199e-03
  -2.3807899e-02  -1.0563400e-03
  -2.3603099e-02  -4.0786399e-03
  -2.3196599e-02  -6.8562898e-03
  -2.2586399e-02  -9.4171197e-03
  -2.1754199e-02  -1.1779800e-02
  -2.0670399e-02  -1.3949300e-02
  -1.9301299e-02  -1.5913700e-02
  -1.7615200e-02  -1.7644100e-02
  -1.5589700e-02  -1.9095699e-02
  -1.3216800e-02  -2.0211199e-02
  -1.0508400e-02  -2.0925399e-02
  -7.4982998e-03  -2.1171399e-02
  -4.2440999e-03  -2.0887299e-02
  -8.2581298e-04  -2.0022499e-02
   2.6566899e-03  -1.8544199e-02
   6.0882098e-03  -1.6442500e-02
   9.3440297e-03  -1.3734700e-02
   1.2296900e-02  -1.0467300e-02
   1.4824200e-02  -6.7164798e-03
   1.6815600e-02  -2.5866299e-03
   1.8179799e-02   1.7928999e-03
   1.8850799e-02   6.2729798e-03
   1.8792199e-02   1.0691000e-02
   1.8000799e-02   1.4878400e-02
   1.6507400e-02   1.8668499e-02
   1.4376500e-02   2.1904799e-02
   1.1703700e-02   2.4448799e-02
   8.6117498e-03   2.6186599e-02
   5.2443099e-03   2.7035199e-02
   1.7595900e-03   2.6946599e-02
  -1.6775100e-03   2.5910399e-02
  -4.9034099e-03   2.3954599e-02
  -7.7638398e-03   2.1144699e-02
  -1.0121400e-02   1.7580499e-02
  -1.1862100e-02   1.3391900e-02
  -1.2901000e-02   8.7326098e-03
  -1.3186400e-02   3.7736999e-03
  -1.2701600e-02  -1.3045700e-03
  -1.1466500e-02  -6.3206098e-03
  -9.5359097e-03  -1.1099500e-02
  -6.9969198e-03  -1.5480700e-02
  -3.9647699e-03  -1.9324599e-02
  -5.7721598e-04  -2.2518399e-02
   3.0120799e-03  -2.4980299e-02
   6.6407598e-03  -2.6662599e-02
   1.0145500e-02  -2.7552399e-02
   1.3369300e-02  -2.7671599e-02
   1.6169100e-02  -2.7074299e-02
   1.8421999e-02  -2.5843799e-02
   2.0030599e-02  -2.4087099e-02
   2.0927399e-02  -2.1929499e-02
   2.1077199e-02  -1.9507399e-02
   2.0478499e-02  -1.6961800e-02
   1.9162799e-02  -1.4430900e-02
   1.7192299e-02  -1.2043400e-02
   1.4656900e-02  -9.9124097e-03
   1.1668700e-02  -8.1302198e-03
   8.3565198e-03  -6.7645098e-03
   4.8591599e-03  -5.8557698e-03
   1.3186500e-03  -5.4162598e-03
  -2.1267799e-03  -5.4306298e-03
  -5.3492398e-03  -5.8579398e-03
  -8.2369298e-03  -6.6351398e-03
  -1.0699000e-02  -7.6816898e-03
  -1.2669100e-02  -8.9049897e-03
  -1.4107300e-02  -1.0206500e-02
  -1.5000700e-02  -1.1488000e-02
  -1.5362600e-02  -1.2657600e-02
  -1.5229700e-02  -1.3635300e-02
  -1.4658700e-02  -1.4357600e-02
  -1.3721100e-02  -1.4781100e-02
  -1.2498400e-02  -1.4884500e-02
  -1.1075700e-02  -1.4669600e-02
  -9.5359597e-03  -1.4159900e-02
  -7.9552098e-03  -1.3398700e-02
  -6.3973498e-03  -1.2445500e-02
  -4.9109499e-03  -1.1371500e-02
  -3.5269099e-03  -1.0254100e-02
  -2.2576499e-03  -9.1714997e-03
  -1.0977700e-03  -8.1969898e-03
  -2.6072399e-05  -7.3940098e-03
   9.9119597e-04  -6.8116998e-03
   1.9960999e-03  -6.4817698e-03
   3.0341299e-03  -6.4165798e-03
   4.1490399e-03  -6.6087398e-03
   5.3778198e-03  -7.0321798e-03
   6.7461398e-03  -7.6446398e-03
   8.2647197e-03  -8.3913597e-03
   9.9267897e-03  -9.2098097e-03
   1.1707000e-02  -1.0034900e-02
   1.3561900e-02  -1.0804500e-02
   1.5431600e-02  -1.1464900e-02
   1.7243199e-02  -1.1975100e-02
   1.8915599e-02  -1.2311200e-02
   2.0364099e-02  -1.2468000e-02
   2.1506999e-02  -1.2460700e-02
   2.2271399e-02  -1.2324200e-02
   2.2598499e-02  -1.2110400e-02
   2.2448799e-02  -1.1885200e-02
   2.1805699e-02  -1.1723400e-02
   2.0677599e-02  -1.1702700e-02
   1.9098899e-02  -1.1898400e-02
   1.7128399e-02  -1.2376300e-02
   1.4846900e-02  -1.3187400e-02
   1.2352800e-02  -1.4363100e-02
   9.7562397e-03  -1.5911300e-02
   7.1729298e-03  -1.7814199e-02
   4.7169499e-03  -2.0028499e-02
   2.4939199e-03  -2.2486099e-02
   5.9449698e-04  -2.5097799e-02
  -9.1120997e-04  -2.7757699e-02
  -1.9778099e-03  -3.0349499e-02
  -2.5872499e-03  -3.2752899e-02
  -2.7495999e-03  -3.4851299e-02
  -2.5020099e-03  -3.6538899e-02
  -1.9057499e-03  -3.7727299e-02
  -1.0418000e-03  -3.8350999e-02
  -5.0153998e-06  -3.8372199e-02
   1.1026000e-03  -3.7782699e-02
   2.1789999e-03  -3.6604999e-02
   3.1291999e-03  -3.4890999e-02
   3.8718799e-03  -3.2718699e-02
   4.3448899e-03  -3.0187999e-02
   4.5095499e-03  -2.7414099e-02
   4.3530999e-03  -2.4520999e-02
   3.8895599e-03  -2.1633899e-02
   3.1584999e-03  -1.8871999e-02
   2.2222599e-03  -1.6341899e-02
   1.1614700e-03  -1.4131100e-02
   6.9358598e-05  -1.2304600e-02
  -9.5469097e-04  -1.0901200e-02
  -1.8120699e-03  -9.9326797e-03
  -2.4116999e-03  -9.3848397e-03
  -2.6762899e-03  -9.2196097e-03
  -2.5475499e-03  -9.3792097e-03
  -1.9901499e-03  -9.7912097e-03
  -9.9401997e-04  -1.0374600e-02
   4.2493499e-04  -1.1046000e-02
   2.2259599e-03  -1.1726200e-02
   4.3461199e-03  -1.2345500e-02
   6.7043998e-03  -1.2848800e-02
   9.2069097e-03  -1.3199400e-02
   1.1752800e-02  -1.3380700e-02
   1.4240500e-02  -1.3397500e-02
   1.6573799e-02  -1.3274200e-02
   1.8667399e-02  -1.3053200e-02
   2.0451899e-02  -1.2790900e-02
   2.1876899e-02  -1.2553200e-02
   2.2913699e-02  -1.2409900e-02
   2.3555299e-02  -1.2429900e-02
   2.3816399e-02  -1.2675500e-02
   2.3730899e-02  -1.3197700e-02
   2.3348599e-02  -1.4032100e-02
   2.2731199e-02  -1.5196600e-02
   2.1947399e-02  -1.6688899e-02
   2.1068099e-02  -1.8487199e-02
   2.0161399e-02  -2.0550599e-02
   1.9288199e-02  -2.2821399e-02
   1.8498699e-02  -2.5228699e-02
   1.7829399e-02  -2.7691999e-02
   1.7301199e-02  -3.0126099e-02
   1.6919499e-02  -3.2445399e-02
   1.6674199e-02  -3.4568799e-02
   1.6541499e-02  -3.6423799e-02
   1.6486199e-02  -3.7949999e-02
   1.6464999e-02  -3.9101499e-02
   1.6429799e-02  -3.9849099e-02
   1.6331699e-02  -4.0180899e-02
   1.6123999e-02  -4.0101999e-02
   1.5766099e-02  -3.9633299e-02
   1.5226199e-02  -3.8809899e-02
   1.4482900e-02  -3.7678199e-02
   1.3527300e-02  -3.6293299e-02
   1.2363000e-02  -3.4716099e-02
   1.1006500e-02  -3.3009299e-02
   9.4862397e-03  -3.1235399e-02
   7.8409097e-03  -2.9453599e-02
   6.1179398e-03  -2.7717299e-02
   4.3711299e-03  -2.6072799e-02
   2.6582899e-03  -2.4557699e-02
   1.0388200e-03  -2.3200399e-02
  -4.2871699e-04  -2.2019599e-02
  -1.6887699e-03  -2.1024699e-02
  -2.6907899e-03  -2.0215999e-02
  -3.3909499e-03  -1.9585899e-02
  -3.7535299e-03  -1.9119399e-02
  -3.7520199e-03  -1.8795899e-02
  -3.3698899e-03  -1.8589899e-02
  -2.6010899e-03  -1.8472799e-02
  -1.4502900e-03  -1.8413599e-02
   6.7142198e-05  -1.8380999e-02
   1.9254599e-03  -1.8344099e-02
   4.0890099e-03  -1.8274299e-02
   6.5130298e-03  -1.8145999e-02
   9.1446597e-03  -1.7938299e-02
   1.1924200e-02  -1.7635899e-02
   1.4786799e-02  -1.7230199e-02
   1.7663999e-02  -1.6719899e-02
   2.0485899e-02  -1.6111999e-02
   2.3183499e-02  -1.5421599e-02
   2.5690599e-02  -1.4671799e-02
   2.7946599e-02  -1.3893400e-02
   2.9898399e-02  -1.3124000e-02
   3.1502599e-02  -1.2405900e-02
   3.2727299e-02  -1.1785200e-02
   3.3553199e-02  -1.1308800e-02
   3.3974499e-02  -1.1022500e-02
   3.3999099e-02  -1.0968100e-02
   3.3647999e-02  -1.1181400e-02
   3.2954199e-02  -1.1688900e-02
   3.1960799e-02  -1.2506900e-02
   3.0718999e-02  -1.3639200e-02
   2.9284799e-02  -1.5076399e-02
   2.7716499e-02  -1.6795999e-02
   2.6071499e-02  -1.8762699e-02
   2.4403199e-02  -2.0929699e-02
   2.2758599e-02  -2.3240999e-02
   2.1176199e-02  -2.5633999e-02
   1.9684399e-02  -2.8042399e-02
   1.8301099e-02  -3.0399699e-02
   1.7033499e-02  -3.2642799e-02
   1.5879699e-02  -3.4714399e-02
   1.4829699e-02  -3.6566599e-02
   1.3868000e-02  -3.8162299e-02
   1.2976400e-02  -3.9476899e-02
   1.2137000e-02  -4.0498599e-02
   1.1334800e-02  -4.1227799e-02
   1.0560600e-02  -4.1675699e-02
   9.8125397e-03  -4.1862299e-02
   9.0981497e-03  -4.1813299e-02
   8.4342097e-03  -4.1557199e-02
   7.8465397e-03  -4.1121899e-02
   7.3684197e-03  -4.0531399e-02
   7.0382897e-03  -3.9802999e-02
   6.8966698e-03  -3.8945599e-02
   6.9825098e-03  -3.7957999e-02
   7.3293497e-03  -3.6829199e-02
   7.9614597e-03  -3.5538699e-02
   8.8904597e-03  -3.4059199e-02
   1.0112400e-02  -3.2358899e-02
   1.1606000e-02  -3.0405399e-02
   1.3331800e-02  -2.8169799e-02
   1.5232699e-02  -2.5631599e-02
   1.7236099e-02  -2.2782199e-02
   1.9256299e-02  -1.9629199e-02
   2.1199599e-02  -1.6199099e-02
   2.2968599e-02  -1.2539300e-02
   2.4468699e-02  -8.7187797e-03
   2.5613099e-02  -4.8267598e-03
   2.6329499e-02  -9.7077596e-04
   2.6564499e-02   2.7273299e-03
   2.6288299e-02   6.1364198e-03
   2.5497699e-02   9.1220197e-03
   2.4217699e-02   1.1553100e-02
   2.2501199e-02   1.3308700e-02
   2.0427599e-02   1.4285199e-02
   1.8099399e-02   1.4401999e-02
   1.5637199e-02   1.3607000e-02
   1.3174100e-02   1.1880400e-02
   1.0848800e-02   9.2371097e-03
   8.7982797e-03   5.7275498e-03
   7.1508597e-03   1.4362099e-03
   6.0190798e-03  -3.5210199e-03
   5.4938298e-03  -9.0012997e-03
   5.6393898e-03  -1.4840599e-02
   6.4900098e-03  -2.0860599e-02
   8.0478897e-03  -2.6875599e-02
   1.0283000e-02  -3.2700699e-02
   1.3134400e-02  -3.8158999e-02
   1.6513099e-02  -4.3088098e-02
   2.0306299e-02  -4.7346598e-02
   2.4382399e-02  -5.0818498e-02
   2.8597199e-02  -5.3416798e-02
   3.2799799e-02  -5.5085698e-02
   3.6839299e-02  -5.5800798e-02
   4.0570198e-02  -5.5568998e-02
   4.3858398e-02  -5.4425898e-02
   4.6585498e-02  -5.2433498e-02
   4.8652398e-02  -4.9675898e-02
   4.9982098e-02  -4.6255798e-02
   5.0521298e-02  -4.2289698e-02
   5.0241098e-02  -3.7903599e-02
   4.9136498e-02  -3.3228799e-02
   4.7226098e-02  -2.8398199e-02
   4.4549998e-02  -2.3542299e-02
   4.1168098e-02  -1.8786699e-02
   3.7158099e-02  -1.4249399e-02
   3.2613299e-02  -1.0038200e-02
   2.7639699e-02  -6.2496098e-03
   2.2354399e-02  -2.9665399e-03
   1.6882599e-02  -2.5733599e-04
   1.1355500e-02   1.8255799e-03
   5.9077998e-03   3.2468699e-03
   6.7493597e-04   3.9892498e-03
  -4.2096798e-03   4.0542998e-03
  -8.6177597e-03   3.4630099e-03
  -1.2429500e-02   2.2559099e-03
  -1.5536799e-02   4.9271498e-04
  -1.7847399e-02  -1.7486699e-03
  -1.9287999e-02  -4.3738498e-03
  -1.9807399e-02  -7.2745397e-03
  -1.9379999e-02  -1.0331800e-02
  -1.8007699e-02  -1.3420399e-02
  -1.5721199e-02  -1.6413199e-02
  -1.2580400e-02  -1.9186899e-02
  -8.6734297e-03  -2.1627299e-02
  -4.1143898e-03  -2.3634699e-02
   9.6036096e-04  -2.5128999e-02
   6.3969998e-03  -2.6054299e-02
   1.2030300e-02  -2.6381799e-02
   1.7690199e-02  -2.6112299e-02
   2.3209399e-02  -2.5275999e-02
   2.8430699e-02  -2.3931699e-02
   3.3213599e-02  -2.2163899e-02
   3.7441299e-02  -2.0077999e-02
   4.1024798e-02  -1.7794599e-02
   4.3907498e-02  -1.5442499e-02
   4.6065898e-02  -1.3151199e-02
   4.7509998e-02  -1.1042800e-02
   4.8280398e-02  -9.2245196e-03
   4.8444698e-02  -7.7824997e-03
   4.8091198e-02  -6.7758797e-03
   4.7321998e-02  -6.2335198e-03
   4.6244598e-02  -6.1522798e-03
   4.4964298e-02  -6.4976297e-03
   4.3575698e-02  -7.2064297e-03
   4.2155998e-02  -8.1918197e-03
   4.0758998e-02  -9.3498496e-03
   3.9411698e-02  -1.0567500e-02
   3.8112498e-02  -1.1731400e-02
   3.6831799e-02  -1.2737099e-02
   3.5515799e-02  -1.3497299e-02
   3.4091099e-02  -1.3949599e-02
   3.2472399e-02  -1.4062099e-02
   3.0571199e-02  -1.3837199e-02
   2.8304799e-02  -1.3312399e-02
   2.5606199e-02  -1.2559000e-02
   2.2432899e-02  -1.1677600e-02
   1.8774299e-02  -1.0791800e-02
   1.4657399e-02  -1.0038600e-02
   1.0150100e-02  -9.5587196e-03
   5.3611898e-03  -9.4852196e-03
   4.3771298e-04  -9.9320996e-03
  -4.4407698e-03  -1.0983900e-02
  -9.0706896e-03  -1.2686499e-02
  -1.3235299e-02  -1.5040699e-02
  -1.6716999e-02  -1.7997599e-02
  -1.9310999e-02  -2.1458299e-02
  -2.0838499e-02  -2.5276399e-02
  -2.1159699e-02  -2.9263699e-02
  -2.0184199e-02  -3.3199699e-02
  -1.7880099e-02  -3.6842999e-02
  -1.4278799e-02  -3.9945098e-02
  -9.4772296e-03  -4.2265798e-02
  -3.6355599e-03  -4.3587498e-02
   3.0286599e-03  -4.3730598e-02
   1.0249900e-02  -4.2565498e-02
   1.7727199e-02  -4.0023898e-02
   2.5139199e-02  -3.6104799e-02
   3.2160999e-02  -3.0878799e-02
   3.8480698e-02  -2.4486899e-02
   4.3816898e-02  -1.7136099e-02
   4.7933498e-02  -9.0901796e-03
   5.0653098e-02  -6.5806297e-04
   5.1866898e-02   7.8214497e-03
   5.1540698e-02   1.5996499e-02
   4.9716998e-02   2.3519999e-02
   4.6512698e-02   3.0067799e-02
   4.2112998e-02   3.5354999e-02
   3.6760998e-02   3.9151098e-02
   3.0744299e-02   4.1291598e-02
   2.4379799e-02   4.1686498e-02
   1.7996099e-02   4.0324298e-02
   1.1916100e-02   3.7272298e-02
   6.4401497e-03   3.2672399e-02
   1.8301899e-03   2.6732799e-02
  -1.7030299e-03   1.9717299e-02
  -4.0100798e-03   1.1930300e-02
  -5.0092098e-03   3.7015898e-03
  -4.6888798e-03  -4.6306298e-03
  -3.1063099e-03  -1.2736499e-02
  -3.8240698e-04  -2.0310299e-02
   3.3067399e-03  -2.7083999e-02
   7.7410097e-03  -3.2838799e-02
   1.2669399e-02  -3.7413198e-02
   1.7824399e-02  -4.0707898e-02
   2.2936499e-02  -4.2686798e-02
   2.7748499e-02  -4.3375098e-02
   3.2027899e-02  -4.2854098e-02
   3.5577999e-02  -4.1252498e-02
   3.8246098e-02  -3.8737498e-02
   3.9928898e-02  -3.5502499e-02
   4.0574798e-02  -3.1755599e-02
