   3.6043000e+00   6.9340400e-02
   3.2484800e+00   1.4465400e+00
   2.3589600e+00   2.5301200e+00
   1.1222100e+00   3.1230900e+00
  -2.1033500e-01   3.1329800e+00
  -1.3762000e+00   2.5884000e+00
  -2.1567700e+00   1.6296000e+00
  -2.4214600e+00   4.7569500e-01
  -2.1518800e+00  -6.2386400e-01
  -1.4415900e+00  -1.4425800e+00
  -4.7201600e-01  -1.8235700e+00
   5.2919000e-01  -1.7097500e+00
   1.3381200e+00  -1.1516900e+00
   1.7816700e+00  -2.9238800e-01
   1.7719400e+00   6.6698200e-01
   1.3209400e+00   1.5120900e+00
   5.3354800e-01   2.0612000e+00
  -4.1891500e-01   2.2018500e+00
  -1.3378000e+00   1.9109900e+00
  -2.0399700e+00   1.2551700e+00
  -2.3949800e+00   3.7185500e-01
  -2.3489200e+00  -5.6313500e-01
  -1.9307900e+00  -1.3742400e+00
  -1.2408500e+00  -1.9221600e+00
  -4.2497300e-01  -2.1297100e+00
   3.5887300e-01  -1.9927400e+00
   9.7392300e-01  -1.5747700e+00
   1.3307600e+00  -9.8778200e-01
   1.4011400e+00  -3.6446000e-01
   1.2174700e+00   1.7142700e-01
   8.5949100e-01   5.2988200e-01
   4.3201600e-01   6.6973500e-01
   3.9679000e-02   6.0153700e-01
  -2.3550600e-01   3.7884400e-01
  -3.4901500e-01   8.1037600e-02
  -2.9856400e-01  -2.0752300e-01
  -1.1878300e-01  -4.1687200e-01
   1.3180800e-01  -5.0502100e-01
   3.8755600e-01  -4.6326100e-01
   5.9173700e-01  -3.1296000e-01
   7.0813500e-01  -9.5672800e-02
   7.2586700e-01   1.4011900e-01
   6.5712200e-01   3.5185600e-01
   5.2936200e-01   5.1208500e-01
   3.7478300e-01   6.1200000e-01
   2.2031400e-01   6.5912500e-01
   8.0946500e-02   6.7051900e-01
  -4.2004300e-02   6.6405900e-01
  -1.5765100e-01   6.5068000e-01
  -2.7873200e-01   6.3001600e-01
  -4.1369400e-01   5.9069800e-01
  -5.6035100e-01   5.1514500e-01
  -7.0330500e-01   3.8725800e-01
  -8.1616300e-01   2.0055600e-01
  -8.6813300e-01  -3.5930300e-02
  -8.3323600e-01  -2.9608000e-01
  -6.9950400e-01  -5.4033300e-01
  -4.7540000e-01  -7.2397500e-01
  -1.9129600e-01  -8.0812400e-01
   1.0487600e-01  -7.7056900e-01
   3.5717100e-01  -6.1349100e-01
   5.1428900e-01  -3.6572000e-01
   5.4229300e-01  -7.8490500e-02
   4.3415800e-01   1.8472500e-01
   2.1351700e-01   3.6218100e-01
  -6.8695900e-02   4.0842100e-01
  -3.4433300e-01   3.0591600e-01
  -5.4278200e-01   7.0826600e-02
  -6.0710600e-01  -2.4879700e-01
  -5.0783600e-01  -5.8229600e-01
  -2.5108200e-01  -8.5131500e-01
   1.2112800e-01  -9.8710700e-01
   5.3862900e-01  -9.4631900e-01
   9.1749100e-01  -7.2162400e-01
   1.1779000e+00  -3.4463200e-01
   1.2615900e+00   1.1973700e-01
   1.1449200e+00   5.8633800e-01
   8.4460900e-01   9.6752700e-01
   4.1479300e-01   1.1916700e+00
  -6.4061800e-02   1.2183400e+00
  -5.0194300e-01   1.0469000e+00
  -8.1813700e-01   7.1646700e-01
  -9.5800500e-01   2.9747200e-01
  -9.0406200e-01  -1.2348700e-01
  -6.7899600e-01  -4.6202600e-01
  -3.4008400e-01  -6.5361900e-01
   3.3664700e-02  -6.6669400e-01
   3.5872300e-01  -5.0843300e-01
   5.6482700e-01  -2.2218500e-01
   6.0946300e-01   1.2276500e-01
   4.8604800e-01   4.4665700e-01
   2.2421000e-01   6.7648200e-01
  -1.1763300e-01   7.6121800e-01
  -4.6555400e-01   6.8187600e-01
  -7.4620100e-01   4.5438300e-01
  -9.0213200e-01   1.2497900e-01
  -9.0315700e-01  -2.4060300e-01
  -7.5143400e-01  -5.7157400e-01
  -4.7954200e-01  -8.0690400e-01
  -1.4226000e-01  -9.0734600e-01
   1.9583300e-01  -8.6223900e-01
   4.7410000e-01  -6.8995600e-01
   6.4790200e-01  -4.3225500e-01
   6.9652000e-01  -1.4413100e-01
   6.2553100e-01   1.1838400e-01
   4.6350000e-01   3.0973600e-01
   2.5412000e-01   4.0325400e-01
   4.5824800e-02   3.9489700e-01
  -1.1870500e-01   3.0190900e-01
  -2.1086800e-01   1.5708000e-01
  -2.2068800e-01   2.4788200e-04
  -1.5694200e-01  -1.3088400e-01
  -4.3242300e-02  -2.0853500e-01
   8.8667600e-02  -2.1968900e-01
   2.0666300e-01  -1.6720200e-01
   2.8519900e-01  -6.7327900e-02
   3.1002100e-01   5.5407900e-02
   2.7981900e-01   1.7453700e-01
   2.0479600e-01   2.6761600e-01
   1.0285400e-01   3.2050400e-01
  -5.4386600e-03   3.2917500e-01
  -1.0175700e-01   2.9895300e-01
  -1.7365200e-01   2.4168800e-01
  -2.1621200e-01   1.7183600e-01
  -2.3159100e-01   1.0256900e-01
  -2.2684300e-01   4.2891500e-02
  -2.1085400e-01  -3.6132800e-03
  -1.9132800e-01  -3.8301100e-02
  -1.7266400e-01  -6.5606800e-02
  -1.5524000e-01  -9.0518600e-02
  -1.3615000e-01  -1.1621700e-01
  -1.1106600e-01  -1.4260100e-01
  -7.6530700e-02  -1.6611100e-01
  -3.1953300e-02  -1.8086600e-01
   1.9364000e-02  -1.8073200e-01
   7.0495100e-02  -1.6166400e-01
   1.1242400e-01  -1.2360200e-01
   1.3643200e-01  -7.1297200e-02
   1.3666700e-01  -1.3776500e-02
   1.1216600e-01   3.7501700e-02
   6.7716500e-02   7.1354400e-02
   1.3248700e-02   7.9757700e-02
  -3.8167300e-02   6.0146200e-02
  -7.3278200e-02   1.6491700e-02
  -8.1849500e-02  -4.1178600e-02
  -5.9323500e-02  -9.8779800e-02
  -8.2497200e-03  -1.4125700e-01
   6.1904100e-02  -1.5605500e-01
   1.3657500e-01  -1.3615500e-01
   1.9917700e-01  -8.1940000e-02
   2.3473900e-01  -1.4384300e-03
   2.3328400e-01   9.1159500e-02
   1.9217000e-01   1.7839300e-01
   1.1685200e-01   2.4319400e-01
   1.9894300e-02   2.7251800e-01
  -8.1567000e-02   2.6012100e-01
  -1.6934100e-01   2.0790000e-01
  -2.2791100e-01   1.2549100e-01
  -2.4755900e-01   2.8247300e-02
  -2.2624000e-01  -6.5943300e-02
  -1.6982200e-01  -1.4030300e-01
  -9.0685100e-02  -1.8248500e-01
  -5.0354900e-03  -1.8688100e-01
   7.0473800e-02  -1.5546600e-01
   1.2206800e-01  -9.7071600e-02
   1.4144700e-01  -2.5295200e-02
   1.2713900e-01   4.4444700e-02
   8.4422900e-02   9.8065100e-02
   2.3883400e-02   1.2552700e-01
  -4.0991000e-02   1.2257200e-01
  -9.6641000e-02   9.1202400e-02
  -1.3209200e-01   3.8888400e-02
  -1.4091500e-01  -2.3239300e-02
  -1.2215800e-01  -8.2778600e-02
  -8.0151300e-02  -1.2850800e-01
  -2.3307700e-02  -1.5241500e-01
   3.7739100e-02  -1.5094700e-01
   9.2256400e-02  -1.2532000e-01
   1.3135500e-01  -8.0910900e-02
   1.4941200e-01  -2.5960000e-02
   1.4476400e-01   3.0119700e-02
   1.1963200e-01   7.8459000e-02
   7.9377200e-02   1.1217100e-01
   3.1316400e-02   1.2729400e-01
  -1.6661200e-02   1.2313500e-01
  -5.7400300e-02   1.0205000e-01
  -8.5517200e-02   6.8762800e-02
  -9.8039500e-02   2.9405000e-02
  -9.4610100e-02  -9.5446200e-03
  -7.7288900e-02  -4.2246500e-02
  -5.0034300e-02  -6.4290500e-02
  -1.7977000e-02  -7.3210900e-02
   1.3399400e-02  -6.8694000e-02
   3.9062800e-02  -5.2486600e-02
   5.5129500e-02  -2.8039000e-02
   5.9381700e-02   6.0978600e-05
   5.1549100e-02   2.6792700e-02
   3.3321000e-02   4.7462200e-02
   8.0813000e-03   5.8421300e-02
  -1.9611200e-02   5.7648600e-02
  -4.4738800e-02   4.5100900e-02
  -6.2642100e-02   2.2766400e-02
  -6.9815600e-02  -5.6131700e-03
  -6.4548000e-02  -3.5128400e-02
  -4.7283800e-02  -6.0521000e-02
  -2.0621800e-02  -7.7104700e-02
   1.1076400e-02  -8.1628900e-02
   4.2419300e-02  -7.2918600e-02
   6.7942700e-02  -5.2156200e-02
   8.3119000e-02  -2.2731600e-02
   8.5226300e-02   1.0333700e-02
   7.3900000e-02   4.1294300e-02
   5.1245300e-02   6.4754700e-02
   2.1472100e-02   7.6703400e-02
  -9.8891800e-03   7.5299000e-02
  -3.7048000e-02   6.1244300e-02
  -5.5081400e-02   3.7663400e-02
  -6.0906200e-02   9.4948400e-03
  -5.3893000e-02  -1.7484900e-02
  -3.5994900e-02  -3.7816500e-02
  -1.1354000e-02  -4.7458500e-02
   1.4538500e-02  -4.4609500e-02
   3.5963900e-02  -3.0079700e-02
   4.8151200e-02  -7.1296700e-03
   4.8266900e-02   1.9193600e-02
   3.6011700e-02   4.3093500e-02
   1.3700400e-02   5.9223300e-02
  -1.4199000e-02   6.3800200e-02
  -4.1973000e-02   5.5407300e-02
  -6.3837200e-02   3.5311600e-02
  -7.5134800e-02   7.2306900e-03
  -7.3314200e-02  -2.3408500e-02
  -5.8481400e-02  -5.0572100e-02
  -3.3410100e-02  -6.8858500e-02
  -3.0007700e-03  -7.4620400e-02
   2.6703800e-02  -6.6738600e-02
   4.9751500e-02  -4.6884100e-02
   6.1510600e-02  -1.9208600e-02
   5.9644000e-02   1.0480000e-02
   4.4624600e-02   3.5895900e-02
   1.9679500e-02   5.1568300e-02
  -9.8344200e-03   5.3987600e-02
  -3.7502900e-02   4.2365400e-02
  -5.7162600e-02   1.8846900e-02
  -6.4179300e-02  -1.1876100e-02
  -5.6433900e-02  -4.3481900e-02
  -3.4809700e-02  -6.9286000e-02
  -3.0726100e-03  -8.3603600e-02
   3.2839100e-02  -8.2930300e-02
   6.5979900e-02  -6.6698200e-02
   8.9785200e-02  -3.7445300e-02
   9.9402400e-02  -3.5765600e-04
   9.2693800e-02   3.7731400e-02
   7.0703100e-02   6.9687500e-02
   3.7486500e-02   8.9497000e-02
  -6.6428500e-04   9.3478100e-02
  -3.6454100e-02   8.1033600e-02
  -6.3025300e-02   5.4791800e-02
  -7.5319100e-02   2.0104100e-02
  -7.1083200e-02  -1.6000800e-02
  -5.1323900e-02  -4.6196700e-02
  -2.0114900e-02  -6.4297000e-02
   1.6196500e-02  -6.6463000e-02
   5.0222100e-02  -5.1946700e-02
   7.4957200e-02  -2.3226600e-02
   8.5113300e-02   1.4479400e-02
   7.8102100e-02   5.4215700e-02
   5.4490000e-02   8.8600600e-02
   1.7851000e-02   1.1118500e-01
  -2.5931400e-02   1.1759900e-01
  -6.9759100e-02   1.0628200e-01
  -1.0658900e-01   7.8674900e-02
  -1.3063500e-01   3.8877400e-02
  -1.3828300e-01  -7.1395800e-03
  -1.2859500e-01  -5.2592600e-02
  -1.0332100e-01  -9.1009100e-02
  -6.6488400e-02  -1.1721900e-01
  -2.3662600e-02  -1.2806400e-01
   1.8961000e-02  -1.2274800e-01
   5.5475100e-02  -1.0281400e-01
   8.1058800e-02  -7.1804800e-02
   9.2568300e-02  -3.4702900e-02
   8.8883800e-02   2.7646800e-03
   7.1010700e-02   3.4856600e-02
   4.1960500e-02   5.6523700e-02
   6.4343100e-03   6.4047100e-02
  -2.9671000e-02   5.5572300e-02
  -5.9922500e-02   3.1500800e-02
  -7.8156300e-02  -5.3195900e-03
  -7.9386000e-02  -4.9673100e-02
  -6.0725400e-02  -9.4396200e-02
  -2.2190500e-02  -1.3117900e-01
   3.2792800e-02  -1.5172800e-01
   9.7354000e-02  -1.4918300e-01
   1.6175500e-01  -1.1958600e-01
   2.1462400e-01  -6.3126800e-02
   2.4475300e-01   1.5153900e-02
   2.4322300e-01   1.0545800e-01
   2.0547500e-01   1.9428800e-01
   1.3288400e-01   2.6643100e-01
   3.3406400e-02   3.0763500e-01
  -7.9005700e-02   3.0752200e-01
  -1.8631200e-01   2.6216600e-01
  -2.6941100e-01   1.7571700e-01
  -3.1182000e-01   6.0589400e-02
  -3.0329600e-01  -6.4049000e-02
  -2.4262600e-01  -1.7539100e-01
  -1.3886200e-01  -2.5125200e-01
  -1.0540100e-02  -2.7469800e-01
   1.1719600e-01  -2.3810000e-01
   2.1717900e-01  -1.4564500e-01
   2.6572700e-01  -1.3619700e-02
   2.4796900e-01   1.3187400e-01
   1.6182000e-01   2.5950900e-01
   1.9610100e-02   3.3888600e-01
  -1.5321100e-01   3.4706700e-01
  -3.2229400e-01   2.7410500e-01
  -4.5087500e-01   1.2628400e-01
  -5.0733200e-01  -7.3819700e-02
  -4.7226400e-01  -2.9074700e-01
  -3.4352700e-01  -4.8257300e-01
  -1.3799200e-01  -6.0918300e-01
   1.1060000e-01  -6.4076300e-01
   3.5751200e-01  -5.6470800e-01
   5.5559200e-01  -3.8933300e-01
   6.6490900e-01  -1.4340600e-01
   6.6143600e-01   1.2867300e-01
   5.4286700e-01   3.7526700e-01
   3.3016200e-01   5.4788000e-01
   6.4239400e-02   6.1140200e-01
  -2.0169800e-01   5.5201400e-01
  -4.1280500e-01   3.8095700e-01
  -5.2404700e-01   1.3315000e-01
  -5.1005500e-01  -1.3926300e-01
  -3.7120800e-01  -3.7729200e-01
  -1.3447100e-01  -5.2732800e-01
   1.5136500e-01  -5.5267900e-01
   4.2526500e-01  -4.4192200e-01
   6.2644100e-01  -2.1217600e-01
   7.0719500e-01   9.3580100e-02
   6.4338400e-01   4.1474400e-01
   4.4018700e-01   6.8529600e-01
   1.3183900e-01   8.4746600e-01
  -2.2478000e-01   8.6399700e-01
  -5.6146200e-01   7.2635100e-01
  -8.1259700e-01   4.5703400e-01
  -9.2878100e-01   1.0543400e-01
  -8.8722200e-01  -2.6204000e-01
  -6.9667900e-01  -5.7551300e-01
  -3.9582100e-01  -7.7604300e-01
  -4.5304100e-02  -8.2781500e-01
   2.8480400e-01  -7.2553100e-01
   5.2959200e-01  -4.9539100e-01
   6.4277900e-01  -1.8944700e-01
   6.0621600e-01   1.2547500e-01
   4.3341400e-01   3.8190300e-01
   1.6635700e-01   5.2590200e-01
  -1.3368100e-01   5.2825700e-01
  -3.9929700e-01   3.9031600e-01
  -5.7126100e-01   1.4328600e-01
  -6.1088700e-01  -1.5878200e-01
  -5.0785200e-01  -4.5072900e-01
  -2.8187200e-01  -6.7017300e-01
   2.2005600e-02  -7.7051200e-01
   3.4336600e-01  -7.3029300e-01
   6.1936400e-01  -5.5703500e-01
   7.9780800e-01  -2.8481900e-01
   8.4756200e-01   3.3647300e-02
   7.6413300e-01   3.3860100e-01
   5.6940300e-01   5.7581900e-01
   3.0580200e-01   7.0748200e-01
   2.6409700e-02   7.1903100e-01
  -2.1667200e-01   6.2071100e-01
  -3.8307000e-01   4.4373900e-01
  -4.5170200e-01   2.3220600e-01
  -4.2367200e-01   3.2749400e-02
  -3.2013100e-01  -1.1559700e-01
  -1.7591900e-01  -1.8912100e-01
  -3.0679500e-02  -1.8314500e-01
   8.0349300e-02  -1.1118500e-01
   1.3374100e-01  -7.6054900e-05
   1.2191000e-01   1.1748200e-01
   5.3098500e-02   2.1102600e-01
  -5.2343900e-02   2.5907700e-01
  -1.6816600e-01   2.5304800e-01
  -2.6915900e-01   1.9759100e-01
  -3.3704000e-01   1.0762500e-01
  -3.6385900e-01   3.1192900e-03
  -3.5226900e-01  -9.6798200e-02
  -3.1285700e-01  -1.7874800e-01
  -2.5954400e-01  -2.3773400e-01
  -2.0453000e-01  -2.7691500e-01
  -1.5432000e-01  -3.0477500e-01
  -1.0802700e-01  -3.3067200e-01
  -5.8425500e-02  -3.6025400e-01
   4.5777000e-03  -3.9221100e-01
   8.9138100e-02  -4.1750200e-01
   1.9685500e-01  -4.2143100e-01
   3.1987200e-01  -3.8812800e-01
   4.4080300e-01  -3.0621800e-01
   5.3583000e-01  -1.7401500e-01
   5.8039400e-01  -2.6049200e-03
   5.5612000e-01   1.8439100e-01
   4.5711500e-01   3.5470600e-01
   2.9377900e-01   4.7434000e-01
   9.2786400e-02   5.1596100e-01
  -1.0722300e-01   4.6670400e-01
  -2.6359000e-01   3.3325000e-01
  -3.3955600e-01   1.4256200e-01
  -3.1383900e-01  -6.2354700e-02
  -1.8742000e-01  -2.3110800e-01
   1.4420000e-02  -3.1725900e-01
   2.4573400e-01  -2.8980400e-01
   4.4883700e-01  -1.4203200e-01
   5.6682300e-01   1.0461800e-01
   5.5695900e-01   4.0299300e-01
   4.0186800e-01   6.8888900e-01
   1.1569700e-01   8.9433900e-01
  -2.5651000e-01   9.6276600e-01
  -6.4654600e-01   8.6259900e-01
  -9.7653900e-01   5.9613800e-01
  -1.1754900e+00   2.0134200e-01
  -1.1952300e+00  -2.5426100e-01
  -1.0222000e+00  -6.8657500e-01
  -6.8212500e-01  -1.0122700e+00
  -2.3625200e-01  -1.1667800e+00
   2.3035500e-01  -1.1188800e+00
   6.2625200e-01  -8.7863600e-01
   8.7304800e-01  -4.9649000e-01
   9.2263800e-01  -5.3556000e-02
   7.6833400e-01   3.5511500e-01
   4.4725900e-01   6.4076200e-01
   3.3236900e-02   7.4029700e-01
  -3.7849800e-01   6.3053500e-01
  -6.9160100e-01   3.3403800e-01
  -8.2957400e-01  -8.4899400e-02
  -7.5280400e-01  -5.3343600e-01
  -4.6786300e-01  -9.0980500e-01
  -2.6944000e-02  -1.1251900e+00
   4.8260800e-01  -1.1231200e+00
   9.5649200e-01  -8.9210500e-01
   1.2955000e+00  -4.6869300e-01
   1.4266600e+00   6.9732400e-02
   1.3188800e+00   6.2100800e-01
   9.8964600e-01   1.0795800e+00
   5.0144000e-01   1.3586600e+00
  -5.1533500e-02   1.4083000e+00
  -5.6325700e-01   1.2255700e+00
  -9.3819700e-01   8.5463500e-01
  -1.1111400e+00   3.7678200e-01
  -1.0603000e+00  -1.0729600e-01
  -8.1099900e-01  -4.9912500e-01
  -4.2918800e-01  -7.2320300e-01
  -6.4150000e-03  -7.4244800e-01
   3.6036900e-01  -5.6508100e-01
   5.8970700e-01  -2.4163100e-01
   6.3269900e-01   1.4707500e-01
   4.8261800e-01   5.0813500e-01
   1.7520000e-01   7.5690400e-01
  -2.2023400e-01   8.3496900e-01
  -6.1660500e-01   7.2193400e-01
  -9.2823100e-01   4.3866200e-01
  -1.0890300e+00   4.1525500e-02
  -1.0658500e+00  -3.9074800e-01
  -8.6424100e-01  -7.7452800e-01
  -5.2566100e-01  -1.0390400e+00
  -1.1712700e-01  -1.1406000e+00
   2.8411200e-01  -1.0702800e+00
   6.0728900e-01  -8.5382700e-01
   8.0250900e-01  -5.4398500e-01
   8.4975500e-01  -2.0758900e-01
   7.6085500e-01   8.9654200e-02
   5.7436000e-01   2.9707100e-01
   3.4494300e-01   3.8863700e-01
   1.3001500e-01   3.6643500e-01
  -2.3228100e-02   2.5757300e-01
  -8.7424100e-02   1.0572100e-01
  -5.9367700e-02  -4.0419800e-02
   4.1568200e-02  -1.3883100e-01
   1.8010900e-01  -1.6334900e-01
   3.1489600e-01  -1.0832400e-01
   4.0888100e-01   1.1971400e-02
   4.3775500e-01   1.6864900e-01
   3.9454600e-01   3.2654800e-01
   2.8954300e-01   4.5334600e-01
   1.4595600e-01   5.2710200e-01
  -7.2574200e-03   5.4045900e-01
  -1.4334300e-01   5.0069900e-01
  -2.4435000e-01   4.2594300e-01
  -3.0471300e-01   3.3879600e-01
  -3.3107100e-01   2.5932700e-01
  -3.3858800e-01   1.9936300e-01
  -3.4499000e-01   1.5964000e-01
  -3.6414400e-01   1.3050400e-01
  -4.0102500e-01   9.5878000e-02
  -4.4956600e-01   3.9263000e-02
  -4.9401800e-01  -4.9977000e-02
  -5.1347200e-01  -1.7191700e-01
  -4.8832600e-01  -3.1438500e-01
  -4.0685800e-01  -4.5491400e-01
  -2.7005000e-01  -5.6593600e-01
  -9.3158500e-02  -6.2195800e-01
   9.6578700e-02  -6.0679900e-01
   2.6573600e-01  -5.1894600e-01
   3.8264900e-01  -3.7342900e-01
   4.2555000e-01  -1.9950600e-01
   3.8876300e-01  -3.4499000e-02
   2.8526000e-01   8.4872400e-02
   1.4467300e-01   1.3159700e-01
   7.0348300e-03   9.5644500e-02
  -8.6457600e-02  -1.2514800e-02
  -1.0351200e-01  -1.6321400e-01
  -2.9231400e-02  -3.1365400e-01
   1.2912400e-01  -4.1748800e-01
   3.4243100e-01  -4.3578900e-01
   5.6521500e-01  -3.4684100e-01
   7.4530200e-01  -1.5236900e-01
   8.3550700e-01   1.2138700e-01
   8.0471000e-01   4.2823500e-01
   6.4572100e-01   7.1135200e-01
   3.7802400e-01   9.1538600e-01
   4.4594900e-02   9.9865600e-01
  -2.9662200e-01   9.4266000e-01
  -5.8480100e-01   7.5668800e-01
  -7.6921600e-01   4.7638000e-01
  -8.2023600e-01   1.5645300e-01
  -7.3582400e-01  -1.4087000e-01
  -5.4204800e-01  -3.5919900e-01
  -2.8742100e-01  -4.6013100e-01
  -3.2287500e-02  -4.3149900e-01
   1.6440700e-01  -2.8988200e-01
   2.5805100e-01  -7.6786400e-02
   2.2812700e-01   1.5065400e-01
   8.2641300e-02   3.3239900e-01
  -1.4372900e-01   4.1882500e-01
  -3.9736100e-01   3.8170400e-01
  -6.1752800e-01   2.2043700e-01
  -7.4973500e-01  -3.7802300e-02
  -7.5760100e-01  -3.4398900e-01
  -6.3070300e-01  -6.3787100e-01
  -3.8671100e-01  -8.6092200e-01
  -6.7433600e-02  -9.6874600e-01
   2.7026500e-01  -9.4026300e-01
   5.6660700e-01  -7.8172200e-01
   7.7139600e-01  -5.2478700e-01
   8.5415800e-01  -2.1924700e-01
   8.0977600e-01   7.7918000e-02
   6.5855200e-01   3.1466200e-01
   4.4082500e-01   4.5450500e-01
   2.0752400e-01   4.8343300e-01
   8.8276900e-03   4.1169200e-01
  -1.1651800e-01   2.7028300e-01
  -1.4894200e-01   1.0313300e-01
  -9.1266400e-02  -4.3182200e-02
   3.3091300e-02  -1.2980900e-01
   1.8632800e-01  -1.3381200e-01
   3.2531600e-01  -5.2495200e-02
   4.1139000e-01   9.6900700e-02
   4.1868900e-01   2.8186000e-01
   3.3928700e-01   4.6235200e-01
   1.8416400e-01   5.9984000e-01
  -1.9996100e-02   6.6550000e-01
  -2.3722200e-01   6.4587300e-01
  -4.3031500e-01   5.4488400e-01
  -5.6867700e-01   3.8198300e-01
  -6.3420000e-01   1.8706200e-01
  -6.2405500e-01  -6.5109200e-03
  -5.4997600e-01  -1.6909500e-01
  -4.3444300e-01  -2.8059100e-01
  -3.0484700e-01  -3.3368500e-01
  -1.8709600e-01  -3.3400400e-01
  -1.0013200e-01  -2.9738000e-01
  -5.2540800e-02  -2.4508200e-01
  -4.1828600e-02  -1.9828000e-01
  -5.6330800e-02  -1.7305900e-01
  -7.9067000e-02  -1.7710400e-01
  -9.2488100e-02  -2.0867700e-01
  -8.2919100e-02  -2.5793000e-01
  -4.3674700e-02  -3.1005000e-01
   2.3780600e-02  -3.4932200e-01
   1.1074100e-01  -3.6306000e-01
   2.0383900e-01  -3.4448300e-01
   2.8853300e-01  -2.9390900e-01
   3.5257400e-01  -2.1813700e-01
   3.8860400e-01  -1.2831600e-01
   3.9532000e-01  -3.6956000e-02
   3.7703900e-01   4.5093300e-02
   3.4191300e-01   1.1094000e-01
   2.9936400e-01   1.5869700e-01
   2.5746700e-01   1.9112100e-01
   2.2097200e-01   2.1404700e-01
   1.9043500e-01   2.3412900e-01
   1.6262500e-01   2.5654900e-01
   1.3199300e-01   2.8331600e-01
   9.2770100e-02   3.1259000e-01
   4.1058100e-02   3.3918000e-01
  -2.3644900e-02   3.5602100e-01
  -9.7901800e-02   3.5621800e-01
  -1.7489900e-01   3.3506000e-01
  -2.4594900e-01   2.9148200e-01
  -3.0251200e-01   2.2857900e-01
  -3.3820800e-01   1.5305000e-01
  -3.5028300e-01   7.3727900e-02
  -3.4016300e-01  -4.0742300e-04
  -3.1297500e-01  -6.2212500e-02
  -2.7616800e-01  -1.0786400e-01
  -2.3761900e-01  -1.3746800e-01
  -2.0370400e-01  -1.5467400e-01
  -1.7784100e-01  -1.6541200e-01
  -1.5984300e-01  -1.7610400e-01
  -1.4623900e-01  -1.9182500e-01
  -1.3143500e-01  -2.1487900e-01
  -1.0940700e-01  -2.4414900e-01
  -7.5467900e-02  -2.7536000e-01
  -2.7656300e-02  -3.0216200e-01
   3.2589700e-02  -3.1773800e-01
   1.0063100e-01  -3.1651200e-01
   1.6962100e-01  -2.9552300e-01
   2.3200900e-01  -2.5513500e-01
   2.8117700e-01  -1.9892100e-01
   3.1277200e-01  -1.3280300e-01
   3.2543700e-01  -6.3677400e-02
   3.2078000e-01   2.0847000e-03
   3.0263500e-01   5.9880400e-02
   2.7585400e-01   1.0756200e-01
   2.4497600e-01   1.4542600e-01
   2.1313900e-01   1.7555000e-01
   1.8150800e-01   2.0071500e-01
   1.4936100e-01   2.2322700e-01
   1.1476200e-01   2.4400200e-01
   7.5595900e-02   2.6215400e-01
   3.0658900e-02   2.7520800e-01
  -1.9543600e-02   2.7987400e-01
  -7.2528900e-02   2.7312700e-01
  -1.2419300e-01   2.5330100e-01
  -1.6970500e-01   2.2084000e-01
  -2.0469900e-01   1.7848600e-01
  -2.2642300e-01   1.3081900e-01
  -2.3451700e-01   8.3242500e-02
  -2.3117300e-01   4.0678700e-02
  -2.2060700e-01   6.3288000e-03
  -2.0795000e-01  -1.9160000e-02
  -1.9782400e-01  -3.7863100e-02
  -1.9299700e-01  -5.4002200e-02
  -1.9346700e-01  -7.2737200e-02
  -1.9626000e-01  -9.8616800e-02
  -1.9604000e-01  -1.3408100e-01
  -1.8641300e-01  -1.7841900e-01
  -1.6164100e-01  -2.2748100e-01
  -1.1832900e-01  -2.7427100e-01
  -5.6681500e-02  -3.1032500e-01
   1.9043800e-02  -3.2757900e-01
   1.0101900e-01  -3.2029600e-01
   1.7921800e-01  -2.8657600e-01
   2.4338500e-01  -2.2908800e-01
   2.8516000e-01  -1.5479400e-01
   2.9988000e-01  -7.3702200e-02
   2.8761600e-01   3.0928100e-03
   2.5320000e-01   6.5663200e-02
   2.0520800e-01   1.0727500e-01
   1.5410900e-01   1.2573200e-01
   1.1000100e-01   1.2372800e-01
   8.0438500e-02   1.0811000e-01
   6.8831600e-02   8.8237400e-02
   7.3792100e-02   7.3779400e-02
   8.9558500e-02   7.2476900e-02
   1.0740300e-01   8.8352500e-02
   1.1769300e-01   1.2077500e-01
   1.1214200e-01   1.6457800e-01
   8.5741500e-02   2.1119000e-01
   3.7948700e-02   2.5051300e-01
  -2.7112800e-02   2.7311800e-01
  -1.0147000e-01   2.7226500e-01
  -1.7492500e-01   2.4531700e-01
  -2.3711200e-01   1.9425600e-01
  -2.7953200e-01   1.2522100e-01
  -2.9711600e-01   4.7208600e-02
  -2.8902500e-01  -2.9747200e-02
  -2.5854300e-01  -9.6499000e-02
  -2.1215300e-01  -1.4640100e-01
  -1.5804100e-01  -1.7629200e-01
  -1.0439200e-01  -1.8669800e-01
  -5.7865400e-02  -1.8126100e-01
  -2.2543900e-02  -1.6561000e-01
   4.5894300e-04  -1.4596000e-01
   1.2727100e-02  -1.2777800e-01
   1.7745800e-02  -1.1479500e-01
   1.9827000e-02  -1.0854100e-01
   2.3033600e-02  -1.0841700e-01
   3.0345400e-02  -1.1221900e-01
   4.3217200e-02  -1.1690700e-01
   6.1556400e-02  -1.1940300e-01
   8.4042800e-02  -1.1720700e-01
   1.0863100e-01  -1.0873900e-01
   1.3305500e-01  -9.3370300e-02
   1.5520300e-01  -7.1238100e-02
   1.7326400e-01  -4.2969300e-02
   1.8569800e-01  -9.4563700e-03
   1.9109500e-01   2.8215100e-02
   1.8806200e-01   6.8666800e-02
   1.7526800e-01   1.1001500e-01
   1.5167700e-01   1.4967400e-01
   1.1698300e-01   1.8431000e-01
   7.2094200e-02   2.1007900e-01
   1.9528100e-02   2.2316000e-01
  -3.6486500e-02   2.2053400e-01
  -9.0317200e-02   2.0084100e-01
  -1.3568200e-01   1.6507700e-01
  -1.6675100e-01   1.1690400e-01
  -1.7939100e-01   6.2412400e-02
  -1.7224500e-01   9.2726300e-03
  -1.4737800e-01  -3.4609400e-02
  -1.1023000e-01  -6.2686100e-02
  -6.8822100e-02  -7.1266300e-02
  -3.2277200e-02  -6.0551500e-02
  -8.9460300e-03  -3.4910100e-02
  -4.5118000e-03  -2.2461000e-03
  -2.0520700e-02   2.7486900e-02
  -5.3711400e-02   4.4362300e-02
  -9.6368300e-02   4.0728100e-02
  -1.3770400e-01   1.3125300e-02
  -1.6603800e-01  -3.6580100e-02
  -1.7133900e-01  -1.0116800e-01
  -1.4758900e-01  -1.6922000e-01
  -9.4426000e-02  -2.2728300e-01
  -1.7657100e-02  -2.6261800e-01
   7.1534700e-02  -2.6597100e-01
   1.5859400e-01  -2.3375200e-01
   2.2842400e-01  -1.6911300e-01
   2.6847900e-01  -8.1644700e-02
   2.7143900e-01   1.4304400e-02
   2.3690500e-01   1.0238200e-01
   1.7167900e-01   1.6750100e-01
   8.8552600e-02   1.9894700e-01
   3.7997700e-03   1.9264400e-01
  -6.6114000e-02   1.5208300e-01
  -1.0792800e-01   8.7678400e-02
  -1.1436500e-01   1.4659600e-02
  -8.5693000e-02  -5.0079400e-02
  -2.9714400e-02  -9.1521900e-02
   3.9829500e-02  -9.9713599e-02
   1.0612600e-01  -7.1912000e-02
   1.5283000e-01  -1.3233800e-02
   1.6753500e-01   6.4347600e-02
   1.4444300e-01   1.4445600e-01
   8.5664400e-02   2.0970700e-01
   8.6562300e-04   2.4533200e-01
  -9.4653399e-02   2.4227300e-01
  -1.8306300e-01   1.9909900e-01
  -2.4763100e-01   1.2235100e-01
  -2.7612300e-01   2.5232200e-02
  -2.6326000e-01  -7.5050100e-02
  -2.1174800e-01  -1.6075500e-01
  -1.3166400e-01  -2.1715000e-01
  -3.8351900e-02  -2.3540900e-01
   5.0715600e-02  -2.1425600e-01
   1.1946000e-01  -1.6006900e-01
   1.5636500e-01  -8.5416900e-02
   1.5665400e-01  -6.3848400e-03
   1.2305000e-01   6.0752400e-02
   6.5002800e-02   1.0281100e-01
  -3.4280300e-03   1.1226500e-01
  -6.6566600e-02   8.8593199e-02
  -1.1035100e-01   3.8172800e-02
  -1.2514300e-01  -2.7224100e-02
  -1.0755700e-01  -9.2976899e-02
  -6.0971400e-02  -1.4465900e-01
   5.3396200e-03  -1.7094400e-01
   7.8228900e-02  -1.6579700e-01
   1.4340500e-01  -1.2953000e-01
   1.8829400e-01  -6.8559000e-02
   2.0445600e-01   6.0369000e-03
   1.8909600e-01   8.0827200e-02
   1.4540300e-01   1.4270500e-01
   8.1709800e-02   1.8138900e-01
   9.6916999e-03   1.9125800e-01
  -5.7999000e-02   1.7220700e-01
  -1.1016400e-01   1.2938600e-01
  -1.3908300e-01   7.1958700e-02
  -1.4176100e-01   1.1151300e-02
  -1.2020200e-01  -4.1967600e-02
  -8.0718000e-02  -7.8546000e-02
  -3.2466500e-02  -9.3454999e-02
   1.4450000e-02  -8.5995799e-02
   5.0934800e-02  -5.9724700e-02
   7.0522400e-02  -2.1496100e-02
   7.0398300e-02   2.0041400e-02
   5.1667700e-02   5.6170700e-02
   1.8884700e-02   7.9716800e-02
  -2.1013100e-02   8.6254099e-02
  -6.0118900e-02   7.4725000e-02
  -9.1033799e-02   4.7407800e-02
  -1.0813900e-01   9.2996599e-03
  -1.0845500e-01  -3.2925400e-02
  -9.1981599e-02  -7.2160300e-02
  -6.1510200e-02  -1.0208000e-01
  -2.1987000e-02  -1.1812900e-01
   2.0414200e-02  -1.1813900e-01
   5.9338200e-02  -1.0252000e-01
   8.9237499e-02  -7.4042700e-02
   1.0616000e-01  -3.7276200e-02
   1.0824600e-01   2.1881600e-03
   9.5884099e-02   3.8606600e-02
   7.1551200e-02   6.6916400e-02
   3.9369600e-02   8.3428599e-02
   4.4662900e-03   8.6303699e-02
  -2.7781400e-02   7.5763700e-02
  -5.2515700e-02   5.4024900e-02
  -6.6094800e-02   2.4964500e-02
  -6.6627800e-02  -6.4421100e-03
  -5.4278400e-02  -3.4847300e-02
  -3.1286600e-02  -5.5336700e-02
  -1.6850200e-03  -6.4207000e-02
   2.9271700e-02  -5.9604300e-02
   5.5905200e-02  -4.1913700e-02
   7.3036600e-02  -1.3816100e-02
   7.6896599e-02   2.0032000e-02
   6.5867100e-02   5.3677600e-02
   4.0910100e-02   8.0831399e-02
   5.5756300e-03   9.5964899e-02
  -3.4455100e-02   9.5361299e-02
  -7.2251500e-02   7.7920699e-02
  -1.0081700e-01   4.5548600e-02
  -1.1437500e-01   3.0142300e-03
  -1.0953000e-01  -4.2738700e-02
  -8.6053899e-02  -8.3744099e-02
  -4.7138600e-02  -1.1244200e-01
   9.9958399e-04  -1.2312800e-01
   5.0116000e-02  -1.1314100e-01
   9.1390899e-02  -8.3536399e-02
   1.1708100e-01  -3.9086700e-02
   1.2205900e-01   1.2451800e-02
   1.0491900e-01   6.1686800e-02
   6.8421700e-02   9.9332499e-02
   1.9135200e-02   1.1801800e-01
  -3.3692900e-02   1.1380100e-01
  -7.9840499e-02   8.7080699e-02
  -1.1008700e-01   4.2674700e-02
  -1.1807000e-01  -1.0965100e-02
  -1.0165200e-01  -6.3302500e-02
  -6.3485000e-02  -1.0373900e-01
  -1.0650500e-02  -1.2372700e-01
   4.6613400e-02  -1.1854000e-01
   9.6855199e-02  -8.8347799e-02
   1.2966400e-01  -3.8331400e-02
   1.3778700e-01   2.2196700e-02
   1.1867000e-01   8.1534399e-02
   7.5109099e-02   1.2786200e-01
   1.4832900e-02   1.5160000e-01
  -5.0910700e-02   1.4737900e-01
  -1.0951200e-01   1.1521200e-01
  -1.4948000e-01   6.0610700e-02
  -1.6274800e-01  -6.3980700e-03
  -1.4634600e-01  -7.3180699e-02
  -1.0306600e-01  -1.2696400e-01
  -4.0994100e-02  -1.5736900e-01
   2.8027500e-02  -1.5850000e-01
   9.0717899e-02  -1.3016400e-01
   1.3498100e-01  -7.7954499e-02
   1.5232100e-01  -1.2180500e-02
   1.3954800e-01   5.4161100e-02
   9.9437599e-02   1.0796400e-01
   4.0191200e-02   1.3862600e-01
  -2.6193100e-02   1.4016500e-01
  -8.6313399e-02   1.1242000e-01
  -1.2804000e-01   6.1076700e-02
  -1.4293500e-01  -3.4749600e-03
  -1.2792800e-01  -6.8221199e-02
  -8.5912499e-02  -1.2012800e-01
  -2.5144700e-02  -1.4873300e-01
   4.2422600e-02  -1.4821300e-01
   1.0353200e-01  -1.1850600e-01
   1.4625100e-01  -6.5281400e-02
   1.6231500e-01   1.2329300e-03
   1.4870900e-01   6.8309399e-02
   1.0818900e-01   1.2324900e-01
   4.8663100e-02   1.5586200e-01
  -1.8445300e-02   1.6041200e-01
  -8.0482099e-02   1.3664700e-01
  -1.2604600e-01   8.9728899e-02
  -1.4716800e-01   2.9104600e-02
  -1.4076300e-01  -3.3428500e-02
  -1.0908800e-01  -8.6067599e-02
  -5.9149500e-02  -1.1927900e-01
  -1.2064900e-03  -1.2756400e-01
   5.3312200e-02  -1.1037800e-01
   9.4039299e-02  -7.2068099e-02
   1.1361700e-01  -2.0864600e-02
   1.0899000e-01   3.2836500e-02
   8.1822899e-02   7.8534199e-02
   3.8000800e-02   1.0761800e-01
  -1.3654100e-02   1.1491700e-01
  -6.3160399e-02   9.9528499e-02
  -1.0129000e-01   6.4804299e-02
  -1.2124400e-01   1.7540100e-02
  -1.1979800e-01  -3.3431600e-02
  -9.7713199e-02  -7.8950199e-02
  -5.9410200e-02  -1.1120200e-01
  -1.1984800e-02  -1.2505200e-01
   3.6193900e-02  -1.1881600e-01
   7.7027999e-02  -9.4367699e-02
   1.0408800e-01  -5.6609000e-02
   1.1362700e-01  -1.2446300e-02
   1.0506100e-01   3.0511500e-02
   8.0874299e-02   6.5285499e-02
   4.6017900e-02   8.6659299e-02
   6.9316899e-03   9.1938299e-02
  -2.9602800e-02   8.1240199e-02
  -5.7588000e-02   5.7310200e-02
  -7.2732299e-02   2.4930000e-02
  -7.3044399e-02  -9.9540399e-03
  -5.9035300e-02  -4.1226800e-02
  -3.3528600e-02  -6.3569599e-02
  -1.1354600e-03  -7.3254999e-02
   3.2511300e-02  -6.8672499e-02
   6.1643999e-02  -5.0525300e-02
   8.1242299e-02  -2.1687600e-02
   8.7793499e-02   1.3249800e-02
   7.9830299e-02   4.8678700e-02
   5.8172900e-02   7.8824099e-02
   2.5840000e-02   9.8633199e-02
  -1.2371400e-02   1.0457700e-01
  -5.0589600e-02   9.5251299e-02
  -8.2767399e-02   7.1668499e-02
  -1.0365200e-01   3.7187700e-02
  -1.0967700e-01  -2.9419100e-03
  -9.9629099e-02  -4.2372800e-02
  -7.4955399e-02  -7.4682199e-02
  -3.9636300e-02  -9.4470399e-02
   3.9288600e-04  -9.8346899e-02
   3.8200900e-02  -8.5621399e-02
   6.7058199e-02  -5.8550399e-02
   8.1668399e-02  -2.2060300e-02
   7.9207599e-02   1.7039400e-02
   5.9960399e-02   5.1239100e-02
   2.7403900e-02   7.3711399e-02
  -1.2311800e-02   7.9636799e-02
  -5.1423400e-02   6.7213399e-02
  -8.1980199e-02   3.8133100e-02
  -9.7373599e-02  -2.5972900e-03
  -9.3675899e-02  -4.7492500e-02
  -7.0511899e-02  -8.7946199e-02
  -3.1267000e-02  -1.1586700e-01
   1.7437600e-02  -1.2527500e-01
   6.6928699e-02  -1.1354000e-01
   1.0811200e-01  -8.1999999e-02
   1.3323500e-01  -3.5807800e-02
   1.3743800e-01   1.6981800e-02
   1.1976400e-01   6.6926099e-02
   8.3413899e-02   1.0502100e-01
   3.5181700e-02   1.2447200e-01
  -1.5844900e-02   1.2206400e-01
  -6.0059399e-02   9.8818499e-02
  -8.9238399e-02   5.9822499e-02
  -9.8184199e-02   1.3229800e-02
  -8.5770599e-02  -3.1361800e-02
  -5.5173199e-02  -6.4835599e-02
  -1.3230000e-02  -8.0391199e-02
   3.0941600e-02  -7.4916499e-02
   6.7790899e-02  -4.9613700e-02
   8.9268199e-02  -9.7490999e-03
   9.0450899e-02   3.6419900e-02
   7.0529699e-02   7.9321099e-02
   3.2957200e-02   1.1000200e-01
  -1.5267700e-02   1.2192400e-01
  -6.5024499e-02   1.1225700e-01
  -1.0690900e-01   8.2406099e-02
  -1.3310500e-01   3.7681900e-02
  -1.3890200e-01  -1.3809300e-02
  -1.2356900e-01  -6.2818199e-02
  -9.0406099e-02  -1.0079900e-01
  -4.5985400e-02  -1.2156900e-01
   1.2389700e-03  -1.2245300e-01
   4.2661500e-02  -1.0469000e-01
   7.1229099e-02  -7.3038499e-02
   8.2776199e-02  -3.4694000e-02
   7.6728999e-02   2.2494700e-03
   5.6061199e-02   3.0456500e-02
   2.6534600e-02   4.4789400e-02
  -4.5902300e-03   4.3243400e-02
  -3.0091300e-02   2.7209400e-02
  -4.4246500e-02   1.0389800e-03
  -4.3926500e-02  -2.8968700e-02
  -2.9112900e-02  -5.5924799e-02
  -2.7665600e-03  -7.3762599e-02
   2.9895400e-02  -7.8413699e-02
   6.2535799e-02  -6.8524199e-02
   8.8995399e-02  -4.5591500e-02
   1.0448100e-01  -1.3528600e-02
   1.0641100e-01   2.2221600e-02
   9.4776399e-02   5.5815599e-02
   7.1969799e-02   8.2139699e-02
   4.2160600e-02   9.7715099e-02
   1.0373700e-02   1.0121600e-01
  -1.8521100e-02   9.3524999e-02
  -4.0701800e-02   7.7359499e-02
  -5.4000199e-02   5.6572299e-02
  -5.8127999e-02   3.5303200e-02
  -5.4513999e-02   1.7161100e-02
  -4.5824100e-02   4.5956300e-03
  -3.5292000e-02  -1.4347700e-03
  -2.6015000e-02  -1.4652700e-03
  -2.0358400e-02   2.7657400e-03
  -1.9574100e-02   8.8080399e-03
  -2.3682700e-02   1.4070000e-02
  -3.1608800e-02   1.6345400e-02
  -4.1509600e-02   1.4199200e-02
  -5.1204799e-02   7.1562099e-03
  -5.8610399e-02  -4.3136800e-03
  -6.2092599e-02  -1.8980200e-02
  -6.0687799e-02  -3.5142600e-02
  -5.4172799e-02  -5.0952599e-02
  -4.3001000e-02  -6.4703999e-02
  -2.8145700e-02  -7.5044999e-02
  -1.0899100e-02  -8.1093799e-02
   7.3260199e-03  -8.2463299e-02
   2.5162000e-02  -7.9218999e-02
   4.1402900e-02  -7.1798399e-02
   5.5076999e-02  -6.0918399e-02
   6.5485399e-02  -4.7487500e-02
   7.2221399e-02  -3.2526700e-02
   7.5181499e-02  -1.7095100e-02
   7.4566399e-02  -2.2111000e-03
   7.0865799e-02   1.1234200e-02
   6.4815299e-02   2.2569300e-02
   5.7315699e-02   3.1425700e-02
   4.9313099e-02   3.7793700e-02
   4.1653500e-02   4.2026700e-02
   3.4934000e-02   4.4782800e-02
   2.9383300e-02   4.6898000e-02
   2.4803900e-02   4.9209499e-02
   2.0598500e-02   5.2358199e-02
   1.5887100e-02   5.6613199e-02
   9.7003499e-03   6.1759799e-02
   1.2145200e-03   6.7084399e-02
  -1.0020500e-02   7.1469999e-02
  -2.3911100e-02   7.3591399e-02
  -3.9751900e-02   7.2176999e-02
  -5.6281199e-02   6.6284099e-02
  -7.1858799e-02   5.5529999e-02
  -8.4734499e-02   4.0225500e-02
  -9.3356899e-02   2.1378300e-02
  -9.6657999e-02   5.5888799e-04
  -9.4254499e-02  -2.0349000e-02
  -8.6521999e-02  -3.9463500e-02
  -7.4523099e-02  -5.5222899e-02
  -5.9804199e-02  -6.6641899e-02
  -4.4099800e-02  -7.3452299e-02
  -2.9007500e-02  -7.6099199e-02
  -1.5698900e-02  -7.5594999e-02
  -4.7279099e-03  -7.3261599e-02
   4.0248300e-03  -7.0416999e-02
   1.1261700e-02  -6.8072399e-02
   1.8051300e-02  -6.6703799e-02
   2.5533200e-02  -6.6147499e-02
   3.4607100e-02  -6.5639999e-02
   4.5672399e-02  -6.3995899e-02
   5.8476199e-02  -5.9885199e-02
   7.2100499e-02  -5.2152599e-02
   8.5095599e-02  -4.0112400e-02
   9.5732799e-02  -2.3757100e-02
   1.0232900e-01  -3.8338900e-03
   1.0357300e-01   1.8227600e-02
   9.8797699e-02   4.0526600e-02
   8.8132299e-02   6.1000999e-02
   7.2506399e-02   7.7776799e-02
   5.3505599e-02   8.9490199e-02
   3.3098300e-02   9.5516599e-02
   1.3289400e-02   9.6062799e-02
  -4.2356400e-03   9.2099499e-02
  -1.8403800e-02   8.5145799e-02
  -2.8926900e-02   7.6944899e-02
  -3.6314600e-02   6.9093499e-02
  -4.1722400e-02   6.2699299e-02
  -4.6658399e-02   5.8136399e-02
  -5.2606499e-02   5.4955099e-02
  -6.0638499e-02   5.1970099e-02
  -7.1098299e-02   4.7518199e-02
  -8.3427899e-02   3.9842400e-02
  -9.6182099e-02   2.7527100e-02
  -1.0724200e-01   9.8969199e-03
  -1.1419800e-01  -1.2708700e-02
  -1.1483100e-01  -3.8852800e-02
  -1.0760100e-01  -6.6143599e-02
  -9.2045599e-02  -9.1589099e-02
  -6.8986399e-02  -1.1210900e-01
  -4.0494600e-02  -1.2510500e-01
  -9.6026299e-03  -1.2898400e-01
   2.0199300e-02  -1.2351000e-01
   4.5589999e-02  -1.0990500e-01
   6.4045799e-02  -9.0672399e-02
   7.4339399e-02  -6.9132999e-02
   7.6794599e-02  -4.8787099e-02
   7.3231199e-02  -3.2601100e-02
   6.6589199e-02  -2.2380200e-02
   6.0298299e-02  -1.8360900e-02
   5.7510099e-02  -1.9126000e-02
   6.0353699e-02  -2.1879100e-02
   6.9377299e-02  -2.3040400e-02
   8.3309499e-02  -1.9053500e-02
   9.9212299e-02  -7.2379499e-03
   1.1301600e-01   1.3493800e-02
   1.2034600e-01   4.2222999e-02
   1.1747100e-01   7.6023299e-02
   1.0218700e-01   1.1039600e-01
   7.4426999e-02   1.4007800e-01
   3.6459200e-02   1.6006000e-01
  -7.3993699e-03   1.6662700e-01
  -5.1513299e-02   1.5816900e-01
  -8.9971999e-02   1.3561000e-01
  -1.1773700e-01   1.0232000e-01
  -1.3165000e-01   6.3517699e-02
  -1.3109100e-01   2.5272200e-02
  -1.1811300e-01  -6.7039799e-03
  -9.7036199e-02  -2.8215300e-02
  -7.3534999e-02  -3.7448100e-02
  -5.3435599e-02  -3.5344800e-02
  -4.1447999e-02  -2.5392700e-02
  -4.0118599e-02  -1.2856900e-02
  -4.9233599e-02  -3.6096300e-03
  -6.5813599e-02  -2.7996900e-03
  -8.4717999e-02  -1.3647400e-02
  -9.9740699e-02  -3.6632000e-02
  -1.0497400e-01  -6.9257799e-02
  -9.6145999e-02  -1.0646500e-01
  -7.1645799e-02  -1.4161300e-01
  -3.2999600e-02  -1.6783000e-01
   1.5309900e-02  -1.7945500e-01
   6.6659599e-02  -1.7325500e-01
   1.1357100e-01  -1.4915200e-01
   1.4919600e-01  -1.1030100e-01
   1.6868600e-01  -6.2491099e-02
   1.7015200e-01  -1.2993400e-02
   1.5500800e-01   3.0900600e-02
   1.2762000e-01   6.3340399e-02
   9.4342799e-02   8.1062199e-02
   6.2137899e-02   8.3973899e-02
   3.7093000e-02   7.5056599e-02
   2.3145800e-02   5.9607599e-02
   2.1297500e-02   4.3994299e-02
   2.9478700e-02   3.4194600e-02
   4.3093299e-02   3.4444000e-02
   5.6112899e-02   4.6285199e-02
   6.2478399e-02   6.8224999e-02
   5.7494899e-02   9.6066799e-02
   3.8916399e-02   1.2384000e-01
   7.4828599e-03   1.4511400e-01
  -3.3199900e-02   1.5440700e-01
  -7.7403899e-02   1.4837100e-01
  -1.1847400e-01   1.2651400e-01
  -1.5020300e-01   9.1289299e-02
  -1.6809000e-01   4.7557699e-02
  -1.7020400e-01   1.5530100e-03
  -1.5747300e-01  -4.0417099e-02
  -1.3336100e-01  -7.3238599e-02
  -1.0301600e-01  -9.3952599e-02
  -7.2090199e-02  -1.0221000e-01
  -4.5516099e-02  -1.0013500e-01
  -2.6502500e-02  -9.1659999e-02
  -1.5969500e-02  -8.1482299e-02
  -1.2531600e-02  -7.3917999e-02
  -1.3009800e-02  -7.1896599e-02
  -1.3333800e-02  -7.6330499e-02
  -9.6118799e-03  -8.5986999e-02
   8.8599599e-04  -9.7871399e-02
   1.9056600e-02  -1.0801400e-01
   4.3747499e-02  -1.1246300e-01
   7.2031599e-02  -1.0824200e-01
   9.9889399e-02  -9.4054999e-02
   1.2312600e-01  -7.0575899e-02
   1.3830000e-01  -4.0276799e-02
   1.4344400e-01  -6.8481199e-03
   1.3842000e-01   2.5634100e-02
   1.2483800e-01   5.3590599e-02
   1.0558000e-01   7.4658199e-02
   8.4051599e-02   8.8083399e-02
   6.3364099e-02   9.4709699e-02
   4.5641299e-02   9.6582199e-02
   3.1616400e-02   9.6280599e-02
   2.0608800e-02   9.6160699e-02
   1.0869700e-02   9.7696199e-02
   1.9793400e-04   1.0108600e-01
  -1.3340100e-02   1.0521700e-01
  -3.0774800e-02   1.0799400e-01
  -5.1843399e-02   1.0692900e-01
  -7.4947799e-02   9.9855999e-02
  -9.7466999e-02   8.5568499e-02
  -1.1634700e-01   6.4227399e-02
  -1.2881900e-01   3.7428599e-02
  -1.3306300e-01   7.9123199e-03
  -1.2865100e-01  -2.1014800e-02
  -1.1665900e-01  -4.6203699e-02
  -9.9415699e-02  -6.5352599e-02
  -7.9948799e-02  -7.7492599e-02
  -6.1266499e-02  -8.3146999e-02
  -4.5650699e-02  -8.4126099e-02
  -3.4136500e-02  -8.3004399e-02
  -2.6308500e-02  -8.2412299e-02
  -2.0466900e-02  -8.4313999e-02
  -1.4123700e-02  -8.9454999e-02
  -4.7103899e-03  -9.7116299e-02
   9.6773199e-03  -1.0524300e-01
   2.9682100e-02  -1.1092000e-01
   5.4384999e-02  -1.1108600e-01
   8.1383299e-02  -1.0331600e-01
   1.0723600e-01  -8.6478399e-02
   1.2817700e-01  -6.1115899e-02
   1.4093200e-01  -2.9440300e-02
   1.4345100e-01   5.0530899e-03
   1.3537400e-01   3.8273399e-02
   1.1812800e-01   6.6367099e-02
   9.4631999e-02   8.6502499e-02
   6.8658499e-02   9.7427699e-02
   4.4022999e-02   9.9670699e-02
   2.3767900e-02   9.5338799e-02
   9.5394899e-03   8.7564099e-02
   1.2973600e-03   7.9726499e-02
  -2.5790300e-03   7.4635899e-02
  -4.8146899e-03   7.3863699e-02
  -8.5082499e-03   7.7378199e-02
  -1.6318500e-02   8.3568099e-02
  -2.9759200e-02   8.9644399e-02
  -4.8766999e-02   9.2327099e-02
  -7.1641699e-02   8.8653699e-02
  -9.5373199e-02   7.6722799e-02
  -1.1627700e-01   5.6198699e-02
  -1.3079400e-01   2.8463500e-02
  -1.3626600e-01  -3.6188499e-03
  -1.3151600e-01  -3.6269699e-02
  -1.1710300e-01  -6.5563699e-02
  -9.5188699e-02  -8.8221999e-02
  -6.9064899e-02  -1.0225300e-01
  -4.2440899e-02  -1.0730000e-01
  -1.8663000e-02  -1.0461600e-01
  -3.9330199e-05  -9.6694999e-02
   1.2579000e-02  -8.6634099e-02
   1.9871300e-02  -7.7384399e-02
   2.3767400e-02  -7.1066699e-02
   2.6886300e-02  -6.8502099e-02
   3.1827400e-02  -6.9063699e-02
   4.0482099e-02  -7.0876199e-02
   5.3523399e-02  -7.1312999e-02
   7.0189499e-02  -6.7672499e-02
   8.8409199e-02  -5.7873899e-02
   1.0523800e-01  -4.1015699e-02
   1.1750200e-01  -1.7666700e-02
   1.2251100e-01   1.0173700e-02
   1.1866600e-01   3.9438899e-02
   1.0583700e-01   6.6597699e-02
   8.5430099e-02   8.8364799e-02
   6.0113799e-02   1.0236100e-01
   3.3283799e-02   1.0758200e-01
   8.3736699e-03   1.0456400e-01
  -1.1835600e-02   9.5233899e-02
  -2.5756300e-02   8.2450299e-02
  -3.3270899e-02   6.9362299e-02
  -3.5685899e-02   5.8710199e-02
  -3.5375199e-02   5.2226699e-02
  -3.5189999e-02   5.0266099e-02
  -3.7766199e-02   5.1741799e-02
  -4.4875499e-02   5.4386899e-02
  -5.6964599e-02   5.5282299e-02
  -7.2980599e-02   5.1541499e-02
  -9.0526399e-02   4.1007399e-02
  -1.0631600e-01   2.2811500e-02
  -1.1684100e-01  -2.3250000e-03
  -1.1911400e-01  -3.2117599e-02
  -1.1132600e-01  -6.3074699e-02
  -9.3301699e-02  -9.1118199e-02
  -6.6622599e-02  -1.1234800e-01
  -3.4415499e-02  -1.2380200e-01
  -8.1813199e-04  -1.2404700e-01
   2.9768900e-02  -1.1349700e-01
   5.3502399e-02  -9.4365898e-02
   6.7826899e-02  -7.0268899e-02
   7.1967399e-02  -4.5541099e-02
   6.7079799e-02  -2.4396400e-02
   5.6019699e-02  -1.0094800e-02
   4.2765699e-02  -4.2841199e-03
   3.1602899e-02  -6.6525299e-03
   2.6222900e-02  -1.4971000e-02
   2.8919400e-02  -2.5530800e-02
   4.0045799e-02  -3.3900299e-02
   5.7853499e-02  -3.5859899e-02
   7.8758999e-02  -2.8332400e-02
   9.8003098e-02  -1.0119500e-02
   1.1058500e-01   1.7712700e-02
   1.1229700e-01   5.1894999e-02
   1.0064400e-01   8.7468399e-02
   7.5476599e-02   1.1866900e-01
   3.9170999e-02   1.4002000e-01
  -3.6790499e-03   1.4742500e-01
  -4.7032299e-02   1.3903600e-01
  -8.4492799e-02   1.1571400e-01
  -1.1051900e-01   8.0977799e-02
  -1.2151300e-01   4.0412699e-02
  -1.1656100e-01   6.5991399e-04
  -9.7670398e-02  -3.1846199e-02
  -6.9427099e-02  -5.2136399e-02
  -3.8125599e-02  -5.7708099e-02
  -1.0532900e-02  -4.9057699e-02
   7.4783399e-03  -2.9618899e-02
   1.2150800e-02  -5.0998199e-03
   2.6618100e-03   1.7664000e-02
  -1.8639300e-02   3.2120899e-02
  -4.6643399e-02   3.3395799e-02
  -7.4478899e-02   1.9376200e-02
  -9.4904598e-02  -8.7426899e-03
  -1.0182300e-01  -4.6582499e-02
  -9.1603898e-02  -8.7370299e-02
  -6.3937499e-02  -1.2324700e-01
  -2.2030500e-02  -1.4683700e-01
   2.7916500e-02  -1.5277000e-01
   7.7857099e-02  -1.3882200e-01
   1.1945100e-01  -1.0645300e-01
   1.4571200e-01  -6.0599799e-02
   1.5240300e-01  -8.7650198e-03
   1.3890600e-01   4.0432599e-02
   1.0835700e-01   7.8945499e-02
   6.7031999e-02   1.0088400e-01
   2.3084400e-02   1.0367200e-01
  -1.5094800e-02   8.8529898e-02
  -4.0567499e-02   6.0186299e-02
  -4.9234799e-02   2.5867200e-02
  -4.0632999e-02  -6.2180199e-03
  -1.7976500e-02  -2.8585599e-02
   1.2561700e-02  -3.6022699e-02
   4.3175399e-02  -2.6648800e-02
   6.6077599e-02  -2.2757800e-03
   7.5132999e-02   3.2003199e-02
   6.7128699e-02   6.8902399e-02
   4.2423899e-02   1.0047300e-01
   4.8502799e-03   1.1975200e-01
  -3.9102799e-02   1.2217800e-01
  -8.1636099e-02   1.0649100e-01
  -1.1522800e-01   7.4931499e-02
  -1.3412900e-01   3.2727199e-02
  -1.3544900e-01  -1.3025500e-02
  -1.1962700e-01  -5.4814599e-02
  -9.0215498e-02  -8.6198898e-02
  -5.3030699e-02  -1.0301200e-01
  -1.4894300e-02  -1.0405000e-01
   1.7766200e-02  -9.1114998e-02
   4.0153299e-02  -6.8450499e-02
   4.9922799e-02  -4.1711499e-02
   4.7446899e-02  -1.6716700e-02
   3.5497899e-02   1.7396000e-03
   1.8459100e-02   1.0768000e-02
   1.2670800e-03   9.7937998e-03
  -1.1667600e-02   4.4414099e-04
  -1.7326600e-02  -1.4018500e-02
  -1.4568200e-02  -2.9552599e-02
  -4.1597799e-03  -4.2269799e-02
   1.1601800e-02  -4.9227199e-02
   2.9553599e-02  -4.8921699e-02
   4.6429599e-02  -4.1405799e-02
   5.9537699e-02  -2.8048199e-02
   6.7202399e-02  -1.1041100e-02
   6.8901799e-02   7.1905599e-03
   6.5112299e-02   2.4517800e-02
   5.6947599e-02   3.9447999e-02
   4.5727199e-02   5.1217099e-02
   3.2610299e-02   5.9652199e-02
   1.8398400e-02   6.4887399e-02
   3.5485099e-03   6.7054599e-02
  -1.1635500e-02   6.6069799e-02
  -2.6723700e-02   6.1599599e-02
  -4.0914599e-02   5.3225099e-02
  -5.2936899e-02   4.0753499e-02
  -6.1169199e-02   2.4568600e-02
  -6.3975999e-02   5.8874399e-03
  -6.0187399e-02  -1.3196200e-02
  -4.9587899e-02  -2.9946199e-02
  -3.3260999e-02  -4.1483999e-02
  -1.3652200e-02  -4.5456499e-02
   5.7222799e-03  -4.0713199e-02
   2.0903600e-02  -2.7804899e-02
   2.8343499e-02  -9.1412298e-03
   2.5794600e-02   1.1287900e-02
   1.3015900e-02   2.8616499e-02
  -7.9063698e-03   3.8114799e-02
  -3.2750399e-02   3.6298599e-02
  -5.5875199e-02   2.1877600e-02
  -7.1347399e-02  -3.6997099e-03
  -7.4255199e-02  -3.6275999e-02
  -6.1919199e-02  -6.9637599e-02
  -3.4711199e-02  -9.6695198e-02
   3.7418699e-03  -1.1096500e-01
   4.7062199e-02  -1.0804000e-01
   8.7275798e-02  -8.6715398e-02
   1.1640200e-01  -4.9489199e-02
   1.2815200e-01  -2.2929600e-03
   1.1937100e-01   4.6545799e-02
   9.0879898e-02   8.7918398e-02
   4.7513999e-02   1.1380500e-01
  -2.7037999e-03   1.1900200e-01
  -5.0104799e-02   1.0232900e-01
  -8.5333598e-02   6.7025199e-02
  -1.0131300e-01   2.0218200e-02
  -9.4795498e-02  -2.8449299e-02
  -6.7142999e-02  -6.8771299e-02
  -2.4160100e-02  -9.2105498e-02
   2.5024700e-02  -9.3224498e-02
   6.9805899e-02  -7.1487199e-02
   1.0030100e-01  -3.1066399e-02
   1.0943800e-01   1.9836300e-02
   9.4492598e-02   7.0639699e-02
   5.7727299e-02   1.1055800e-01
   5.9961299e-03   1.3084900e-01
  -5.0619699e-02   1.2666100e-01
  -1.0086400e-01   9.8085398e-02
  -1.3462000e-01   5.0179099e-02
  -1.4499700e-01  -8.0367398e-03
  -1.2975900e-01  -6.5411799e-02
  -9.1784498e-02  -1.1094100e-01
  -3.8470799e-02  -1.3600400e-01
   1.9789200e-02  -1.3610800e-01
   7.1740299e-02  -1.1176400e-01
   1.0755400e-01  -6.8327899e-02
   1.2080000e-01  -1.4850000e-02
   1.0968900e-01   3.7817499e-02
   7.7351598e-02   7.9253198e-02
   3.1095599e-02   1.0156800e-01
  -1.9168500e-02   1.0094600e-01
  -6.3003299e-02   7.8318198e-02
  -9.1575598e-02   3.9047199e-02
  -9.9403498e-02  -8.2821598e-03
  -8.5371498e-02  -5.3696999e-02
  -5.2823399e-02  -8.7898698e-02
  -8.7457598e-03  -1.0412100e-01
   3.7762199e-02  -9.9413798e-02
   7.7392598e-02  -7.5100398e-02
   1.0250400e-01  -3.6359999e-02
   1.0858300e-01   8.9576598e-03
   9.5016698e-02   5.2005099e-02
   6.5044599e-02   8.4735298e-02
   2.4937999e-02   1.0145500e-01
  -1.7383800e-02   9.9830398e-02
  -5.3995499e-02   8.1166398e-02
  -7.8517098e-02   4.9948999e-02
  -8.7267198e-02   1.2778000e-02
  -7.9809898e-02  -2.3051200e-02
  -5.8822499e-02  -5.1013099e-02
  -2.9356999e-02  -6.6564899e-02
   2.3150900e-03  -6.7880899e-02
   3.0011299e-02  -5.5996699e-02
   4.8826999e-02  -3.4377599e-02
   5.5975499e-02  -8.0466998e-03
   5.1141299e-02   1.7520200e-02
   3.6316899e-02   3.7487699e-02
   1.5205600e-02   4.8528599e-02
  -7.6522398e-03   4.9312199e-02
  -2.7825799e-02   4.0556599e-02
  -4.1818599e-02   2.4678499e-02
  -4.7622299e-02   5.1553199e-03
  -4.4920099e-02  -1.4241000e-02
  -3.4943399e-02  -3.0172599e-02
  -2.0054900e-02  -4.0287499e-02
  -3.1758499e-03  -4.3511099e-02
   1.2806900e-02  -4.0057299e-02
   2.5535299e-02  -3.1201099e-02
   3.3497199e-02  -1.8896400e-02
   3.6134499e-02  -5.3388299e-03
   3.3762799e-02   7.4289698e-03
   2.7356699e-02   1.7804300e-02
   1.8272800e-02   2.4771599e-02
   7.9796598e-03   2.7917999e-02
  -2.1555600e-03   2.7350199e-02
  -1.0999800e-02   2.3562599e-02
  -1.7711400e-02   1.7299800e-02
  -2.1744800e-02   9.4449298e-03
  -2.2832900e-02   9.4362898e-04
  -2.0972600e-02  -7.2455398e-03
  -1.6425200e-02  -1.4194300e-02
  -9.7246198e-03  -1.9062700e-02
  -1.6766500e-03  -2.1183100e-02
   6.6780199e-03  -2.0165600e-02
   1.4153800e-02  -1.6004200e-02
   1.9569000e-02  -9.1507298e-03
   2.1936600e-02  -5.2317299e-04
   2.0665400e-02   8.5754198e-03
   1.5722400e-02   1.6631600e-02
   7.7138398e-03   2.2169900e-02
  -2.1512800e-03   2.4031999e-02
  -1.2223600e-02   2.1629700e-02
  -2.0684600e-02   1.5113100e-02
  -2.5880199e-02   5.4066099e-03
  -2.6651999e-02  -5.9067899e-03
  -2.2595899e-02  -1.6843800e-02
  -1.4188300e-02  -2.5377199e-02
  -2.7445899e-03  -2.9824399e-02
   9.7917498e-03  -2.9187599e-02
   2.1194700e-02  -2.3376099e-02
   2.9370899e-02  -1.3257300e-02
   3.2763999e-02  -5.2225899e-04
   3.0664599e-02   1.2615000e-02
   2.3363599e-02   2.3826699e-02
   1.2112500e-02   3.1110599e-02
  -1.1020800e-03   3.3172699e-02
  -1.3928600e-02   2.9676099e-02
  -2.4093299e-02   2.1307600e-02
  -2.9828599e-02   9.6468598e-03
  -3.0204499e-02  -3.1350399e-03
  -2.5297499e-02  -1.4689400e-02
  -1.6166500e-02  -2.2934899e-02
  -4.6407199e-03  -2.6447199e-02
   7.0362898e-03  -2.4719699e-02
   1.6637800e-02  -1.8245000e-02
   2.2375199e-02  -8.4063498e-03
   2.3230399e-02   2.8002499e-03
   1.9135200e-02   1.3154600e-02
   1.0968300e-02   2.0637900e-02
   3.7193799e-04   2.3812099e-02
  -1.0573000e-02   2.2082599e-02
  -1.9749100e-02   1.5796100e-02
  -2.5403699e-02   6.1581099e-03
  -2.6474299e-02  -5.0106499e-03
  -2.2776199e-02  -1.5630400e-02
  -1.5019800e-02  -2.3760199e-02
  -4.6578099e-03  -2.7961999e-02
   6.4062999e-03  -2.7561299e-02
   1.6189600e-02  -2.2757099e-02
   2.3008999e-02  -1.4561200e-02
   2.5794199e-02  -4.5832599e-03
   2.4275499e-02   5.2959399e-03
   1.9011600e-02   1.3296600e-02
   1.1253600e-02   1.8084000e-02
   2.6760499e-03   1.9016800e-02
  -4.9717999e-03   1.6251400e-02
  -1.0221000e-02   1.0683500e-02
  -1.2174100e-02   3.7399699e-03
  -1.0672000e-02  -2.9335399e-03
  -6.3053899e-03  -7.8250598e-03
  -2.6679899e-04  -9.8737598e-03
   5.9210899e-03  -8.6865098e-03
   1.0744900e-02  -4.6080399e-03
   1.3033000e-02   1.3697900e-03
   1.2210000e-02   7.8393998e-03
   8.4168998e-03   1.3298700e-02
   2.4704999e-03   1.6491200e-02
  -4.3288299e-03   1.6689600e-02
  -1.0499200e-02   1.3858100e-02
  -1.4720800e-02   8.6570098e-03
  -1.6143400e-02   2.2851199e-03
  -1.4585900e-02  -3.8033399e-03
  -1.0580100e-02  -8.2453698e-03
  -5.2456499e-03  -1.0098300e-02
  -2.2722299e-05  -9.0741498e-03
   3.6790699e-03  -5.6204299e-03
   4.8329699e-03  -8.2538798e-04
   3.0650099e-03   3.8365399e-03
  -1.2261100e-03   6.8627198e-03
  -6.9336098e-03   7.1019198e-03
  -1.2483900e-02   4.0651599e-03
  -1.6203900e-02  -1.9100400e-03
  -1.6733200e-02  -9.6881398e-03
  -1.3382400e-02  -1.7559500e-02
  -6.3522198e-03  -2.3616399e-02
   3.2489399e-03  -2.6198899e-02
   1.3601700e-02  -2.4309799e-02
   2.2552999e-02  -1.7898000e-02
   2.8094899e-02  -7.9377098e-03
   2.8838799e-02   3.7273499e-03
   2.4373799e-02   1.4749600e-02
   1.5421500e-02   2.2780799e-02
   3.7401199e-03   2.6004099e-02
  -8.2124198e-03   2.3573899e-02
  -1.7792100e-02   1.5859400e-02
  -2.2750499e-02   4.4270499e-03
  -2.1756999e-02  -8.2460598e-03
  -1.4741400e-02  -1.9276700e-02
  -2.9725999e-03  -2.5992999e-02
   1.1155300e-02  -2.6533499e-02
   2.4593499e-02  -2.0293399e-02
   3.4271299e-02  -8.1152198e-03
   3.7759299e-02   7.8289698e-03
   3.3817599e-02   2.4446299e-02
   2.2707799e-02   3.8344399e-02
   6.1939198e-03   4.6537099e-02
  -1.2776400e-02   4.7083499e-02
  -3.0648699e-02   3.9523999e-02
  -4.3980499e-02   2.5014899e-02
  -5.0150199e-02   6.1268198e-03
  -4.7908099e-02  -1.3653100e-02
  -3.7650199e-02  -3.0616999e-02
  -2.1356299e-02  -4.1584499e-02
  -2.2015399e-03  -4.4547999e-02
   1.6077600e-02  -3.9080699e-02
   2.9932399e-02  -2.6423699e-02
   3.6710899e-02  -9.2342198e-03
   3.5183599e-02   8.9510898e-03
   2.5777599e-02   2.4424699e-02
   1.0477700e-02   3.4043799e-02
  -7.5807798e-03   3.5843399e-02
  -2.4740599e-02   2.9406299e-02
  -3.7540599e-02   1.5922100e-02
  -4.3380199e-02  -2.0682199e-03
  -4.0999799e-02  -2.1182699e-02
  -3.0690299e-02  -3.7854799e-02
  -1.4202800e-02  -4.9003899e-02
   5.6139199e-03  -5.2590299e-02
   2.5364399e-02  -4.7954999e-02
   4.1733699e-02  -3.5892099e-02
   5.2070599e-02  -1.8455000e-02
   5.4822899e-02   1.4515200e-03
   4.9756099e-02   2.0606999e-02
   3.7932599e-02   3.6032999e-02
   2.1472399e-02   4.5476999e-02
   3.1541699e-03   4.7744699e-02
  -1.4064600e-02   4.2839299e-02
  -2.7524699e-02   3.1902599e-02
  -3.5265099e-02   1.6983700e-02
  -3.6293999e-02   6.8652198e-04
  -3.0702599e-02  -1.4244500e-02
  -1.9619699e-02  -2.5337599e-02
  -5.0239299e-03  -3.0753199e-02
   1.0554500e-02  -2.9547599e-02
   2.4401899e-02  -2.1813699e-02
   3.4016699e-02  -8.6836598e-03
   3.7484999e-02   7.8083998e-03
   3.3790999e-02   2.4992199e-02
   2.3020699e-02   3.9932699e-02
   6.4192998e-03   4.9866699e-02
  -1.3719100e-02   5.2652099e-02
  -3.4336199e-02   4.7162599e-02
  -5.2046499e-02   3.3561099e-02
  -6.3675098e-02   1.3387400e-02
  -6.6819298e-02  -1.0579400e-02
  -6.0335698e-02  -3.4689999e-02
  -4.4655699e-02  -5.4990999e-02
  -2.1846599e-02  -6.7905698e-02
   4.6248399e-03  -7.0915798e-02
   3.0414899e-02  -6.3111598e-02
   5.1043599e-02  -4.5487299e-02
   6.2728998e-02  -2.0896699e-02
   6.3157998e-02   6.3578698e-03
   5.2032599e-02   3.1255099e-02
   3.1259799e-02   4.8985199e-02
   4.7158999e-03   5.5907399e-02
  -2.2401799e-02   5.0341899e-02
  -4.4533799e-02   3.3019699e-02
  -5.6853598e-02   7.0731298e-03
  -5.6280798e-02  -2.2463899e-02
  -4.2197399e-02  -4.9571799e-02
  -1.6700400e-02  -6.8415498e-02
   1.5688900e-02  -7.4537498e-02
   4.8827199e-02  -6.5827898e-02
   7.6122398e-02  -4.3058499e-02
   9.1849498e-02  -9.8474597e-03
   9.2342297e-02   2.7960999e-02
   7.6805798e-02   6.3397198e-02
   4.7567899e-02   8.9734098e-02
   9.6972997e-03   1.0184800e-01
  -2.9950099e-02   9.7284997e-02
  -6.4073898e-02   7.6808198e-02
  -8.6389898e-02   4.4292099e-02
  -9.2906197e-02   5.9801498e-03
  -8.2745798e-02  -3.0755699e-02
  -5.8337898e-02  -5.8898798e-02
  -2.4930499e-02  -7.3209998e-02
   1.0479500e-02  -7.1289998e-02
   4.0578199e-02  -5.4057599e-02
   5.9230298e-02  -2.5543699e-02
   6.2727198e-02   7.9565698e-03
   5.0525299e-02   3.9194499e-02
   2.5325699e-02   6.1464598e-02
  -7.5186298e-03   6.9973698e-02
  -4.1133999e-02   6.2796098e-02
  -6.8554298e-02   4.1223699e-02
  -8.4140898e-02   9.4445997e-03
  -8.4699098e-02  -2.6365199e-02
  -7.0064898e-02  -5.9337698e-02
  -4.3052899e-02  -8.3312798e-02
  -8.7964398e-03  -9.4048497e-02
   2.6362699e-02  -8.9994997e-02
   5.6186298e-02  -7.2487298e-02
   7.5770998e-02  -4.5340099e-02
   8.2445898e-02  -1.3957400e-02
   7.6164798e-02   1.5833600e-02
   5.9338898e-02   3.8964699e-02
   3.6177599e-02   5.2076299e-02
   1.1707700e-02   5.4049398e-02
  -9.3004897e-03   4.6036499e-02
  -2.3265699e-02   3.1022399e-02
  -2.8400499e-02   1.3044000e-02
  -2.4886699e-02  -3.7332799e-03
  -1.4623500e-02  -1.5873400e-02
  -6.4324898e-04  -2.1281899e-02
   1.3641800e-02  -1.9465499e-02
   2.5178699e-02  -1.1421700e-02
   3.1836499e-02   7.7202198e-04
   3.2689599e-02   1.4538600e-02
   2.7995599e-02   2.7395199e-02
   1.8920099e-02   3.7419399e-02
   7.1153798e-03   4.3498399e-02
  -5.7163398e-03   4.5337099e-02
  -1.8158899e-02   4.3269399e-02
  -2.9245099e-02   3.7965999e-02
  -3.8434299e-02   3.0147199e-02
  -4.5452899e-02   2.0395899e-02
  -5.0083399e-02   9.1219697e-03
  -5.2000198e-02  -3.3297399e-03
  -5.0729299e-02  -1.6484100e-02
  -4.5761399e-02  -2.9547199e-02
  -3.6791999e-02  -4.1319199e-02
  -2.4009599e-02  -5.0274699e-02
  -8.3269898e-03  -5.4824898e-02
   8.5491698e-03  -5.3713598e-02
   2.4275099e-02  -4.6445099e-02
   3.6258199e-02  -3.3616099e-02
   4.2210499e-02  -1.7031200e-02
   4.0743299e-02   4.7436399e-04
   3.1846099e-02   1.5508800e-02
   1.7105699e-02   2.4817499e-02
  -4.3228499e-04   2.6050899e-02
  -1.6772600e-02   1.8422799e-02
  -2.7771499e-02   3.0804899e-03
  -3.0069799e-02  -1.6935800e-02
  -2.1944699e-02  -3.7181299e-02
  -3.8722699e-03  -5.2670898e-02
   2.1362399e-02  -5.8952398e-02
   4.9071699e-02  -5.3154498e-02
   7.3537598e-02  -3.4766399e-02
   8.9184797e-02  -5.9485598e-03
   9.1807797e-02   2.8731099e-02
   7.9578698e-02   6.3111898e-02
   5.3592998e-02   9.0657797e-02
   1.7806599e-02   1.0582600e-01
  -2.1654399e-02   1.0529200e-01
  -5.7687398e-02   8.8743397e-02
  -8.3667497e-02   5.9066498e-02
  -9.4852497e-02   2.1836299e-02
  -8.9426697e-02  -1.5780200e-02
  -6.8943998e-02  -4.6497899e-02
  -3.8056899e-02  -6.4447198e-02
  -3.5731699e-03  -6.6434498e-02
   2.6967999e-02  -5.2648498e-02
   4.6897399e-02  -2.6648699e-02
   5.1849198e-02   5.3729398e-03
   4.0711899e-02   3.5903799e-02
   1.5885100e-02   5.7717798e-02
  -1.7217999e-02   6.5429198e-02
  -5.1318898e-02   5.6656098e-02
  -7.8823898e-02   3.2540299e-02
  -9.3440797e-02  -2.4883299e-03
  -9.1511997e-02  -4.1651199e-02
  -7.2777998e-02  -7.7255198e-02
  -4.0410099e-02  -1.0230900e-01
  -3.1468099e-04  -1.1197400e-01
   4.0131799e-02  -1.0453000e-01
   7.3634598e-02  -8.1669897e-02
   9.4479797e-02  -4.8065099e-02
   9.9659797e-02  -1.0309400e-02
   8.9392597e-02   2.4506999e-02
   6.6941798e-02   5.0279798e-02
   3.7797599e-02   6.3109398e-02
   8.4197097e-03   6.1999098e-02
  -1.5169700e-02   4.8904598e-02
  -2.8632199e-02   2.8150499e-02
  -3.0134399e-02   5.3676098e-03
  -2.0586899e-02  -1.3792900e-02
  -3.2763599e-03  -2.4878999e-02
   1.6995199e-02  -2.5525599e-02
   3.5048699e-02  -1.5835300e-02
   4.6476199e-02   1.8022999e-03
   4.8545298e-02   2.3378299e-02
   4.0674899e-02   4.4240499e-02
   2.4405599e-02   6.0138398e-02
   2.9073399e-03   6.8100098e-02
  -1.9830699e-02   6.6956598e-02
  -3.9919599e-02   5.7422198e-02
  -5.4381498e-02   4.1750699e-02
  -6.1675798e-02   2.3083099e-02
  -6.1844398e-02   4.6654299e-03
  -5.6279498e-02  -1.0866900e-02
  -4.7204999e-02  -2.1974699e-02
  -3.7028999e-02  -2.8376899e-02
  -2.7737899e-02  -3.0883099e-02
  -2.0483199e-02  -3.0974399e-02
  -1.5445400e-02  -3.0266699e-02
  -1.1983000e-02  -3.0012999e-02
  -8.9977297e-03  -3.0775099e-02
  -5.3932098e-03  -3.2342799e-02
  -4.8664898e-04  -3.3903099e-02
   5.7446598e-03  -3.4392399e-02
   1.2648600e-02  -3.2916599e-02
   1.9111599e-02  -2.9106099e-02
   2.3931099e-02  -2.3298199e-02
   2.6230299e-02  -1.6487999e-02
   2.5788199e-02  -1.0060400e-02
   2.3180299e-02  -5.3770798e-03
   1.9677599e-02  -3.3378599e-03
   1.6921499e-02  -4.0478499e-03
   1.6456999e-02  -6.6939698e-03
   1.9248399e-02  -9.6819097e-03
   2.5316199e-02  -1.1012700e-02
   3.3603899e-02  -8.8115097e-03
   4.2128899e-02  -1.8751199e-03
   4.8398498e-02   9.9079697e-03
   4.9998598e-02   2.5384599e-02
   4.5215799e-02   4.2273199e-02
   3.3536799e-02   5.7594498e-02
   1.5890699e-02   6.8307398e-02
  -5.4381798e-03   7.2004098e-02
  -2.7223499e-02   6.7498598e-02
  -4.5952499e-02   5.5162498e-02
  -5.8577598e-02   3.6916799e-02
  -6.3189098e-02   1.5871399e-02
  -5.9452098e-02  -4.3163999e-03
  -4.8697998e-02  -2.0220099e-02
  -3.3643699e-02  -2.9383999e-02
  -1.7797599e-02  -3.0852199e-02
  -4.6853098e-03  -2.5365699e-02
   2.9297299e-03  -1.5177900e-02
   3.6519399e-03  -3.5322199e-03
  -2.2510399e-03   6.0806898e-03
  -1.2929700e-02   1.0715100e-02
  -2.5388799e-02   8.6315697e-03
  -3.6175499e-02  -3.2057199e-04
  -4.2160499e-02  -1.4682600e-02
  -4.1232699e-02  -3.1725899e-02
  -3.2753699e-02  -4.8066398e-02
  -1.7675199e-02  -6.0410498e-02
   1.6973799e-03  -6.6258498e-02
   2.2230199e-02  -6.4410598e-02
   4.0646199e-02  -5.5168398e-02
   5.4208598e-02  -4.0199799e-02
   6.1250598e-02  -2.2114099e-02
   6.1437498e-02  -3.8583599e-03
   5.5719798e-02   1.1917300e-02
   4.6006798e-02   2.3378499e-02
   3.4655299e-02   2.9798799e-02
   2.3906699e-02   3.1573699e-02
   1.5408299e-02   2.9976999e-02
   9.9263797e-03   2.6737399e-02
   7.3033498e-03   2.3555599e-02
   6.6468798e-03   2.1685999e-02
   6.6822198e-03   2.1682399e-02
   6.1609198e-03   2.3357399e-02
   4.2129099e-03   2.5947099e-02
   5.5167398e-04   2.8416899e-02
  -4.5119898e-03   2.9810599e-02
  -1.0236000e-02   2.9540799e-02
  -1.5730899e-02   2.7537199e-02
  -2.0269199e-02   2.4217999e-02
  -2.3522199e-02   2.0299499e-02
  -2.5650699e-02   1.6510499e-02
  -2.7221599e-02   1.3302500e-02
  -2.8974099e-02   1.0652600e-02
  -3.1506199e-02   8.0271297e-03
  -3.4981099e-02   4.5270298e-03
  -3.8948699e-02  -8.1535397e-04
  -4.2351599e-02  -8.6703597e-03
  -4.3734198e-02  -1.9081799e-02
  -4.1612499e-02  -3.1279299e-02
  -3.4917099e-02  -4.3704198e-02
  -2.3387799e-02  -5.4267298e-02
  -7.8061897e-03  -6.0793398e-02
   1.0017400e-02  -6.1552398e-02
   2.7524399e-02  -5.5744598e-02
   4.1910399e-02  -4.3810198e-02
   5.0742598e-02  -2.7465499e-02
   5.2546898e-02  -9.4341897e-03
   4.7216498e-02   7.0865298e-03
   3.6128799e-02   1.9113099e-02
   2.1921699e-02   2.4561199e-02
   7.9600397e-03   2.2764999e-02
  -2.3978599e-03   1.4695399e-02
  -6.5728198e-03   2.8101499e-03
  -3.3947699e-03  -9.4498997e-03
   6.5633898e-03  -1.8415199e-02
   2.1039799e-02  -2.1029699e-02
   3.6528799e-02  -1.5587099e-02
   4.9029798e-02  -2.1887499e-03
   5.4937698e-02   1.7194499e-02
   5.1876398e-02   3.9081599e-02
   3.9281699e-02   5.9193298e-02
   1.8597199e-02   7.3364497e-02
  -6.9729498e-03   7.8453997e-02
  -3.3104899e-02   7.3048797e-02
  -5.5253998e-02   5.7799498e-02
  -6.9612298e-02   3.5308499e-02
  -7.3913097e-02   9.5918597e-03
  -6.7901998e-02  -1.4767599e-02
  -5.3369298e-02  -3.3588599e-02
  -3.3737899e-02  -4.3964998e-02
  -1.3301400e-02  -4.4852298e-02
   3.7165699e-03  -3.7239699e-02
   1.4069799e-02  -2.3873099e-02
   1.6162999e-02  -8.6003997e-03
   1.0345100e-02   4.5116698e-03
  -1.2340200e-03   1.2084800e-02
  -1.5162699e-02   1.2159100e-02
  -2.7570799e-02   4.5860898e-03
  -3.5010399e-02  -8.9932897e-03
  -3.5213699e-02  -2.5568899e-02
  -2.7562299e-02  -4.1472199e-02
  -1.3171800e-02  -5.3207198e-02
   5.4125198e-03  -5.8211198e-02
   2.4824599e-02  -5.5374598e-02
   4.1640598e-02  -4.5214198e-02
   5.3114998e-02  -2.9676499e-02
   5.7724798e-02  -1.1633000e-02
   5.5406198e-02   5.7978898e-03
   4.7448698e-02   1.9940099e-02
   3.6090299e-02   2.9097299e-02
   2.3927899e-02   3.2824099e-02
   1.3294900e-02   3.1884999e-02
   5.7544798e-03   2.7931199e-02
   1.8256699e-03   2.2994499e-02
   9.9008596e-04   1.8935399e-02
   1.9590599e-03   1.6984199e-02
   3.1147699e-03   1.7487699e-02
   2.9999199e-03   1.9909499e-02
   7.2482097e-04   2.3069999e-02
  -3.8117599e-03   2.5545999e-02
  -9.9375096e-03   2.6114699e-02
  -1.6442199e-02   2.4116499e-02
  -2.1959999e-02   1.9640699e-02
  -2.5386399e-02   1.3485000e-02
  -2.6209999e-02   6.9066897e-03
  -2.4666399e-02   1.2383500e-03
  -2.1667999e-02  -2.5219199e-03
  -1.8529399e-02  -4.0261499e-03
  -1.6562499e-02  -3.7059899e-03
  -1.6655699e-02  -2.6724799e-03
  -1.8955999e-02  -2.4062699e-03
  -2.2750799e-02  -4.3167298e-03
  -2.6593899e-02  -9.2876797e-03
  -2.8653699e-02  -1.7335899e-02
  -2.7203599e-02  -2.7484499e-02
  -2.1130399e-02  -3.7899599e-02
  -1.0324300e-02  -4.6273298e-02
   4.1586498e-03  -5.0368498e-02
   2.0222499e-02  -4.8594798e-02
   3.5130899e-02  -4.0471998e-02
   4.6099298e-02  -2.6854299e-02
   5.0944098e-02  -9.8464496e-03
   4.8631998e-02   7.5886397e-03
   3.9591299e-02   2.2250699e-02
   2.5695799e-02   3.1415699e-02
   9.9106396e-03   3.3475699e-02
  -4.3338798e-03   2.8349699e-02
  -1.3902999e-02   1.7559699e-02
  -1.6681699e-02   3.9393299e-03
  -1.2090900e-02  -8.9698797e-03
  -1.2708100e-03  -1.7706299e-02
   1.3124400e-02  -1.9684099e-02
   2.7482699e-02  -1.3814999e-02
   3.8025199e-02  -8.0800497e-04
   4.1658498e-02   1.6927899e-02
   3.6695099e-02   3.5767599e-02
   2.3277699e-02   5.1638198e-02
   3.4055299e-03   6.0905098e-02
  -1.9449599e-02   6.1179598e-02
  -4.1059098e-02   5.1867198e-02
  -5.7329298e-02   3.4330999e-02
  -6.5175198e-02   1.1631100e-02
  -6.3182398e-02  -1.2106500e-02
  -5.1911398e-02  -3.2554799e-02
  -3.3777399e-02  -4.6094098e-02
  -1.2531100e-02  -5.0568198e-02
   7.5439597e-03  -4.5720898e-02
   2.2542399e-02  -3.3222499e-02
   2.9756699e-02  -1.6281899e-02
   2.8229599e-02   1.0662800e-03
   1.8921199e-02   1.4841299e-02
   4.4619798e-03   2.1969899e-02
  -1.1450000e-02   2.0929299e-02
  -2.4869399e-02   1.2043900e-02
  -3.2461699e-02  -2.6208199e-03
  -3.2210799e-02  -1.9736999e-02
  -2.3829599e-02  -3.5453299e-02
  -8.7896797e-03  -4.6229098e-02
   1.0024600e-02  -4.9581898e-02
   2.8954399e-02  -4.4590998e-02
   4.4350998e-02  -3.2054799e-02
   5.3335198e-02  -1.4280499e-02
   5.4370198e-02   5.4373998e-03
   4.7531598e-02   2.3527999e-02
   3.4430399e-02   3.6885999e-02
   1.7816899e-02   4.3486198e-02
   9.6395796e-04   4.2744998e-02
  -1.3029999e-02   3.5563999e-02
  -2.1867299e-02   2.4060799e-02
  -2.4477299e-02   1.1059200e-02
  -2.1162199e-02  -5.4123998e-04
  -1.3446399e-02  -8.3766297e-03
  -3.6765299e-03  -1.1082100e-02
   5.5283798e-03  -8.5176797e-03
   1.1852300e-02  -1.7212699e-03
   1.3759199e-02   7.3843497e-03
   1.0776700e-02   1.6455099e-02
   3.5372799e-03   2.3250599e-02
  -6.4164797e-03   2.6105799e-02
  -1.7006899e-02   2.4252799e-02
  -2.6086299e-02   1.7934599e-02
  -3.1887299e-02   8.2999197e-03
  -3.3366399e-02  -2.8848199e-03
  -3.0373799e-02  -1.3632499e-02
  -2.3627499e-02  -2.2152299e-02
  -1.4509699e-02  -2.7196599e-02
  -4.7413398e-03  -2.8271899e-02
   3.9889598e-03  -2.5679199e-02
   1.0361400e-02  -2.0387299e-02
   1.3658899e-02  -1.3780099e-02
   1.3858499e-02  -7.3379297e-03
   1.1572500e-02  -2.3247599e-03
   7.8630997e-03   4.5400698e-04
   3.9781498e-03   7.7952197e-04
   1.0701900e-03  -9.8480596e-04
  -4.3495098e-05  -4.0184498e-03
   9.6712496e-04  -7.2548997e-03
   3.9051598e-03  -9.6290496e-03
   8.1193497e-03  -1.0307700e-02
   1.2666099e-02  -8.8574096e-03
   1.6522399e-02  -5.3203398e-03
   1.8802799e-02  -1.8843299e-04
   1.8938199e-02   5.7121198e-03
   1.6781799e-02   1.1398200e-02
   1.2626099e-02   1.5930399e-02
   7.1334797e-03   1.8596599e-02
   1.1954100e-03   1.9043399e-02
  -4.2465698e-03   1.7333299e-02
  -8.3838597e-03   1.3918699e-02
  -1.0692100e-02   9.5408896e-03
  -1.1022700e-02   5.0769398e-03
  -9.6197696e-03   1.3630199e-03
  -7.0588497e-03  -9.6975396e-04
  -4.1228198e-03  -1.6167399e-03
  -1.6375899e-03  -6.5532497e-04
  -3.0030599e-04   1.4759499e-03
  -5.3325398e-04   4.0706898e-03
  -2.3921999e-03   6.3027397e-03
  -5.5479798e-03   7.4007697e-03
  -9.3464996e-03   6.8151597e-03
  -1.2936899e-02   4.3436498e-03
  -1.5444599e-02   1.8946699e-04
  -1.6154499e-02  -5.0623198e-03
  -1.4669599e-02  -1.0548100e-02
  -1.1008700e-02  -1.5290699e-02
  -5.6238398e-03  -1.8394799e-02
   6.7220897e-04  -1.9233099e-02
   6.8550897e-03  -1.7585099e-02
   1.1887700e-02  -1.3697299e-02
   1.4929099e-02  -8.2484397e-03
   1.5509699e-02  -2.2250399e-03
   1.3635199e-02   3.2717199e-03
