   3.8811700e+00   7.4898900e-02
   3.4785600e+00   1.6100600e+00
   2.4636200e+00   2.8030200e+00
   1.0593500e+00   3.4224100e+00
  -4.3369500e-01   3.3647500e+00
  -1.7047000e+00   2.6742900e+00
  -2.5008300e+00   1.5296200e+00
  -2.6810200e+00   2.0096400e-01
  -2.2436100e+00  -1.0117800e+00
  -1.3224300e+00  -1.8459000e+00
  -1.5296500e-01  -2.1325200e+00
   9.8296400e-01  -1.8308300e+00
   1.8210100e+00  -1.0328100e+00
   2.1721900e+00   6.1570100e-02
   1.9620800e+00   1.1921900e+00
   1.2433300e+00   2.0982500e+00
   1.7968700e-01   2.5756800e+00
  -9.9391000e-01   2.5199000e+00
  -2.0252500e+00   1.9449300e+00
  -2.7003400e+00   9.7581700e-01
  -2.8881200e+00  -1.8308200e-01
  -2.5649600e+00  -1.2955300e+00
  -1.8146600e+00  -2.1455600e+00
  -8.0499000e-01  -2.5825100e+00
   2.5261200e-01  -2.5495000e+00
   1.1505900e+00  -2.0899000e+00
   1.7290700e+00  -1.3317300e+00
   1.9065900e+00  -4.5479600e-01
   1.6917800e+00   3.5130800e-01
   1.1748400e+00   9.2831400e-01
   5.0185400e-01   1.1806800e+00
  -1.6098500e-01   1.0910100e+00
  -6.6478400e-01   7.1738600e-01
  -9.0856000e-01   1.7447500e-01
  -8.5692100e-01  -3.9602900e-01
  -5.4199600e-01  -8.5830100e-01
  -5.0565200e-02  -1.1110800e+00
   4.9946900e-01  -1.1062600e+00
   9.8707700e-01  -8.5420900e-01
   1.3139900e+00  -4.1595800e-01
   1.4230100e+00   1.1465700e-01
   1.3055200e+00   6.3394100e-01
   9.9774000e-01   1.0507300e+00
   5.6797000e-01   1.3033800e+00
   9.8639400e-02   1.3682300e+00
  -3.3208200e-01   1.2589100e+00
  -6.6500800e-01   1.0178500e+00
  -8.6825800e-01   7.0304300e-01
  -9.3833200e-01   3.7393000e-01
  -8.9493800e-01   7.9592300e-02
  -7.7193600e-01  -1.4830500e-01
  -6.0728500e-01  -2.9719200e-01
  -4.3466000e-01  -3.7061900e-01
  -2.7842900e-01  -3.8248200e-01
  -1.5245900e-01  -3.5067200e-01
  -6.2021600e-02  -2.9211100e-01
  -7.2654000e-03  -2.2029000e-01
   1.3469700e-02  -1.4538400e-01
   1.8648500e-03  -7.6091500e-02
  -4.0086800e-02  -2.1776300e-02
  -1.0808100e-01   6.4940500e-03
  -1.9292500e-01  -3.0921800e-03
  -2.7884100e-01  -6.0074000e-02
  -3.4391400e-01  -1.6748300e-01
  -3.6328000e-01  -3.1787500e-01
  -3.1468500e-01  -4.9127500e-01
  -1.8514900e-01  -6.5633700e-01
   2.3146800e-02  -7.7512600e-01
   2.8971700e-01  -8.1090700e-01
   5.7681300e-01  -7.3726900e-01
   8.3509700e-01  -5.4630500e-01
   1.0131400e+00  -2.5350300e-01
   1.0688400e+00   1.0237000e-01
   9.8005300e-01   4.6500100e-01
   7.5172300e-01   7.7108000e-01
   4.1743200e-01   9.6356000e-01
   3.4424100e-02   1.0046700e+00
  -3.2719700e-01   8.8555600e-01
  -5.9897000e-01   6.2997400e-01
  -7.2913200e-01   2.9083800e-01
  -6.9472200e-01  -6.0063500e-02
  -5.0777700e-01  -3.4712200e-01
  -2.1389500e-01  -5.0749300e-01
   1.1683000e-01  -5.0546500e-01
   4.0472900e-01  -3.4122000e-01
   5.7811300e-01  -5.1795100e-02
   5.8956400e-01   2.9623200e-01
   4.2719500e-01   6.2089100e-01
   1.1822600e-01   8.4277000e-01
  -2.7612100e-01   9.0280700e-01
  -6.7342400e-01   7.7588300e-01
  -9.8780800e-01   4.7711800e-01
  -1.1487300e+00   5.9326000e-02
  -1.1166400e+00  -3.9787800e-01
  -8.9194000e-01  -8.0499800e-01
  -5.1526400e-01  -1.0818600e+00
  -5.8976600e-02  -1.1748500e+00
   3.8829100e-01  -1.0684300e+00
   7.4060700e-01  -7.8825100e-01
   9.3301900e-01  -3.9542900e-01
   9.3515600e-01   2.6946100e-02
   7.5718200e-01   3.9185700e-01
   4.4688300e-01   6.2704900e-01
   7.8639300e-02   6.9023300e-01
  -2.6317900e-01   5.7752700e-01
  -5.0268200e-01   3.2338900e-01
  -5.8870400e-01  -7.7666200e-03
  -5.0532300e-01  -3.3629200e-01
  -2.7447700e-01  -5.8500500e-01
   4.9707800e-02  -6.9592700e-01
   3.9344900e-01  -6.4244000e-01
   6.7977800e-01  -4.3432300e-01
   8.4525600e-01  -1.1476500e-01
   8.5330600e-01   2.4975900e-01
   7.0134600e-01   5.8434300e-01
   4.2038600e-01   8.2185700e-01
   6.7425400e-02   9.1694900e-01
  -2.8744800e-01   8.5489900e-01
  -5.7628600e-01   6.5358900e-01
  -7.4744400e-01   3.5844900e-01
  -7.7568300e-01   3.1735600e-02
  -6.6620400e-01  -2.6129100e-01
  -4.5201200e-01  -4.6618400e-01
  -1.8550300e-01  -5.5015100e-01
   7.3656800e-02  -5.0772800e-01
   2.7154500e-01  -3.6033300e-01
   3.7106600e-01  -1.5010700e-01
   3.5880300e-01   7.0319800e-02
   2.4642100e-01   2.4970800e-01
   6.6609200e-02   3.4908900e-01
  -1.3522400e-01   3.4936000e-01
  -3.1147800e-01   2.5415600e-01
  -4.2268800e-01   8.7674800e-02
  -4.4546500e-01  -1.1175600e-01
  -3.7648100e-01  -3.0071800e-01
  -2.3191200e-01  -4.4022200e-01
  -4.2770600e-02  -5.0363600e-01
   1.5258400e-01  -4.8144400e-01
   3.1695000e-01  -3.8202000e-01
   4.2189500e-01  -2.2858100e-01
   4.5293900e-01  -5.3241200e-02
   4.1136700e-01   1.1032200e-01
   3.1258300e-01   2.3390100e-01
   1.8164300e-01   3.0003000e-01
   4.7170800e-02   3.0450900e-01
  -6.4895800e-02   2.5589800e-01
  -1.3636600e-01   1.7237900e-01
  -1.5970900e-01   7.6903100e-02
  -1.3839300e-01  -8.1538300e-03
  -8.4861800e-02  -6.5626700e-02
  -1.6817000e-02  -8.6570900e-02
   4.7190500e-02  -7.1166100e-02
   9.1833100e-02  -2.7559500e-02
   1.0789800e-01   3.0863800e-02
   9.3503900e-02   8.9001400e-02
   5.3591300e-02   1.3348100e-01
  -1.9975300e-03   1.5528600e-01
  -6.1232500e-02   1.5110200e-01
  -1.1270800e-01   1.2323800e-01
  -1.4791700e-01   7.8366500e-02
  -1.6256100e-01   2.5504100e-02
  -1.5675400e-01  -2.6182400e-02
  -1.3424100e-01  -6.9240000e-02
  -1.0097600e-01  -9.9092200e-02
  -6.3492000e-02  -1.1435700e-01
  -2.7476600e-02  -1.1640100e-01
   3.1538700e-03  -1.0838000e-01
   2.6553600e-02  -9.4098200e-02
   4.2682000e-02  -7.7006600e-02
   5.2664200e-02  -5.9571300e-02
   5.8034700e-02  -4.3091600e-02
   6.0107000e-02  -2.7918200e-02
   5.9631500e-02  -1.3911900e-02
   5.6789100e-02  -9.3911400e-04
   5.1457200e-02   1.0780400e-02
   4.3602600e-02   2.0580000e-02
   3.3631600e-02   2.7521500e-02
   2.2555400e-02   3.0754200e-02
   1.1901200e-02   2.9920500e-02
   3.3869500e-03   2.5450700e-02
  -1.5409700e-03   1.8633500e-02
  -2.1629900e-03   1.1416000e-02
   1.2133200e-03   5.9726600e-03
   7.2121200e-03   4.1549700e-03
   1.3639700e-02   6.9722200e-03
   1.7976600e-02   1.4250900e-02
   1.7993200e-02   2.4575300e-02
   1.2333200e-02   3.5538500e-02
   9.1665600e-04   4.4254500e-02
  -1.4946500e-02   4.8011700e-02
  -3.2764500e-02   4.4912900e-02
  -4.9352300e-02   3.4351100e-02
  -6.1488800e-02   1.7206600e-02
  -6.6592800e-02  -4.2785900e-03
  -6.3268700e-02  -2.6919100e-02
  -5.1602200e-02  -4.7202600e-02
  -3.3150000e-02  -6.1965700e-02
  -1.0633700e-02  -6.8987500e-02
   1.2584800e-02  -6.7379000e-02
   3.3132700e-02  -5.7701700e-02
   4.8226900e-02  -4.1804800e-02
   5.6131400e-02  -2.2432300e-02
   5.6394300e-02  -2.6901400e-03
   4.9836300e-02   1.4514400e-02
   3.8313300e-02   2.6957400e-02
   2.4315600e-02   3.3423600e-02
   1.0489400e-02   3.3832400e-02
  -8.3053300e-04   2.9157600e-02
  -7.9977600e-03   2.1176600e-02
  -1.0288900e-02   1.2103100e-02
  -7.9695500e-03   4.1728500e-03
  -2.1941800e-03  -7.4921300e-04
   5.2326300e-03  -1.4837000e-03
   1.2192300e-02   2.2701900e-03
   1.6632600e-02   9.8867800e-03
   1.6936500e-02   1.9916000e-02
   1.2225700e-02   3.0321400e-02
   2.5511300e-03   3.8823500e-02
  -1.1064100e-02   4.3298500e-02
  -2.6746200e-02   4.2175700e-02
  -4.2050200e-02   3.4764100e-02
  -5.4363100e-02   2.1446800e-02
  -6.1371500e-02   3.6952500e-03
  -6.1512000e-02  -1.6119400e-02
  -5.4317300e-02  -3.5101000e-02
  -4.0579600e-02  -5.0336100e-02
  -2.2278700e-02  -5.9445700e-02
  -2.2690400e-03  -6.1072800e-02
   1.6234800e-02  -5.5197900e-02
   3.0281100e-02  -4.3201900e-02
   3.7790300e-02  -2.7640000e-02
   3.8017000e-02  -1.1751900e-02
   3.1752800e-02   1.2045200e-03
   2.1203300e-02   8.6634600e-03
   9.5443800e-03   9.3487300e-03
   2.3235300e-04   3.6160400e-03
  -3.7913900e-03  -6.5573300e-03
  -8.2676400e-04  -1.7958600e-02
   9.1012200e-03  -2.6839400e-02
   2.4131700e-02  -2.9789100e-02
   4.0883600e-02  -2.4590500e-02
   5.5155500e-02  -1.0853600e-02
   6.2871600e-02   9.7359700e-03
   6.1071300e-02   3.3644100e-02
   4.8708200e-02   5.6170200e-02
   2.7058600e-02   7.2457400e-02
  -3.8805900e-04   7.8616900e-02
  -2.8568400e-02   7.2707700e-02
  -5.1900500e-02   5.5331600e-02
  -6.5538200e-02   2.9673000e-02
  -6.6541400e-02   9.3682500e-04
  -5.4680700e-02  -2.4727200e-02
  -3.2660800e-02  -4.1596400e-02
  -5.6704700e-03  -4.5739200e-02
   1.9684200e-02  -3.6050900e-02
   3.6851500e-02  -1.4692200e-02
   4.0893800e-02   1.3213400e-02
   2.9771400e-02   4.0602300e-02
   5.0303400e-03   6.0024300e-02
  -2.8311600e-02   6.5393900e-02
  -6.2706200e-02   5.3541900e-02
  -8.9679700e-02   2.5188100e-02
  -1.0176900e-01  -1.4934900e-02
  -9.4356500e-02  -5.8890500e-02
  -6.6963700e-02  -9.7154800e-02
  -2.3672400e-02  -1.2071500e-01
   2.7491000e-02  -1.2319100e-01
   7.6123600e-02  -1.0248800e-01
   1.1166700e-01  -6.1570700e-02
   1.2580700e-01  -8.1123100e-03
   1.1450000e-01   4.6949200e-02
   7.9155000e-02   9.1696500e-02
   2.6624300e-02   1.1587300e-01
  -3.2036100e-02   1.1329300e-01
  -8.3836600e-02   8.3461500e-02
  -1.1668300e-01   3.1979600e-02
  -1.2214600e-01  -3.0404100e-02
  -9.7541200e-02  -8.9959900e-02
  -4.6807900e-02  -1.3291900e-01
   2.0065700e-02  -1.4856300e-01
   8.9004900e-02  -1.3175800e-01
   1.4481400e-01  -8.4353200e-02
   1.7451600e-01  -1.5057400e-02
   1.7032700e-01   6.2215000e-02
   1.3158200e-01   1.3122900e-01
   6.5147100e-02   1.7693200e-01
  -1.5837600e-02   1.8881500e-01
  -9.4638000e-02   1.6337000e-01
  -1.5448800e-01   1.0508100e-01
  -1.8225900e-01   2.5666700e-02
  -1.7142100e-01  -5.8281900e-02
  -1.2363500e-01  -1.2879200e-01
  -4.8578200e-02  -1.7038300e-01
   3.7981100e-02  -1.7347600e-01
   1.1746900e-01  -1.3657700e-01
   1.7245900e-01  -6.6744900e-02
   1.9042600e-01   2.1788700e-02
   1.6649500e-01   1.1056000e-01
   1.0456700e-01   1.8075100e-01
   1.6577500e-02   2.1717600e-01
  -7.9962700e-02   2.1150300e-01
  -1.6561600e-01   1.6403600e-01
  -2.2307000e-01   8.3665700e-02
  -2.4073600e-01  -1.3988400e-02
  -2.1511400e-01  -1.0983400e-01
  -1.5146400e-01  -1.8526200e-01
  -6.2634100e-02  -2.2595300e-01
   3.3656200e-02  -2.2475000e-01
   1.1849500e-01  -1.8300100e-01
   1.7562900e-01  -1.1013800e-01
   1.9469700e-01  -2.1612600e-02
   1.7318100e-01   6.4337700e-02
   1.1673300e-01   1.3040300e-01
   3.7854900e-02   1.6362200e-01
  -4.6742200e-02   1.5784000e-01
  -1.1952700e-01   1.1474300e-01
  -1.6558000e-01   4.3325800e-02
  -1.7539700e-01  -4.2027800e-02
  -1.4655900e-01  -1.2443000e-01
  -8.3992500e-02  -1.8772900e-01
   1.1379500e-03  -2.1948100e-01
   9.3641500e-02  -2.1312300e-01
   1.7714000e-01  -1.6898600e-01
   2.3699800e-01  -9.4045200e-02
   2.6281400e-01  -5.2563900e-04
   2.5009100e-01   9.6336200e-02
   2.0083400e-01   1.8093700e-01
   1.2306100e-01   2.3991100e-01
   2.9349200e-02   2.6427400e-01
  -6.5294100e-02   2.5080600e-01
  -1.4589600e-01   2.0248900e-01
  -1.9992900e-01   1.2797000e-01
  -2.1932700e-01   4.0148900e-02
  -2.0181000e-01  -4.5884600e-02
  -1.5133200e-01  -1.1529100e-01
  -7.7555300e-02  -1.5593200e-01
   5.5898700e-03  -1.6047800e-01
   8.2105000e-02  -1.2784100e-01
   1.3658500e-01  -6.3658000e-02
   1.5695100e-01   2.0324200e-02
   1.3681700e-01   1.0795500e-01
   7.7037300e-02   1.8129300e-01
  -1.3896600e-02   2.2376000e-01
  -1.2082500e-01   2.2332700e-01
  -2.2420100e-01   1.7514300e-01
  -3.0341200e-01   8.3068400e-02
  -3.4060900e-01  -4.0314600e-02
  -3.2435400e-01  -1.7535800e-01
  -2.5236100e-01  -2.9853200e-01
  -1.3268900e-01  -3.8664400e-01
   1.7000400e-02  -4.2136300e-01
   1.7215400e-01  -3.9315800e-01
   3.0562600e-01  -3.0379200e-01
   3.9283900e-01  -1.6675600e-01
   4.1680500e-01  -5.3606400e-03
   3.7197500e-01   1.5129500e-01
   2.6601500e-01   2.7381200e-01
   1.1900300e-01   3.3840600e-01
  -3.9983700e-02   3.3204200e-01
  -1.7834700e-01   2.5566400e-01
  -2.6650200e-01   1.2472900e-01
  -2.8416900e-01  -3.3258900e-02
  -2.2507800e-01  -1.8385900e-01
  -9.9006600e-02  -2.9254500e-01
   6.9433100e-02  -3.3194100e-01
   2.4518200e-01  -2.8795300e-01
   3.8954500e-01  -1.6343200e-01
   4.6811200e-01   2.1528000e-02
   4.5817800e-01   2.3289100e-01
   3.5408300e-01   4.2905500e-01
   1.6923000e-01   5.6911800e-01
  -6.5770900e-02   6.2136500e-01
  -3.0863100e-01   5.7022600e-01
  -5.1356700e-01   4.2015600e-01
  -6.4054000e-01   1.9552100e-01
  -6.6365200e-01  -6.3658800e-02
  -5.7691600e-01  -3.0935500e-01
  -3.9608800e-01  -4.9510800e-01
  -1.5606100e-01  -5.8558000e-01
   9.5800800e-02  -5.6409700e-01
   3.0910500e-01  -4.3654200e-01
   4.4077500e-01  -2.3065900e-01
   4.6415200e-01   9.1996400e-03
   3.7492000e-01   2.3093600e-01
   1.9252000e-01   3.8541500e-01
  -4.3351400e-02   4.3683000e-01
  -2.8057800e-01   3.7055400e-01
  -4.6525000e-01   1.9676300e-01
  -5.5294200e-01  -5.1034500e-02
  -5.1829600e-01  -3.2237700e-01
  -3.6086100e-01  -5.5993100e-01
  -1.0589400e-01  -7.1125900e-01
   2.0017900e-01  -7.3984600e-01
   4.9880600e-01  -6.3308500e-01
   7.3107300e-01  -4.0547300e-01
   8.4979500e-01  -9.6268600e-02
   8.2942600e-01   2.3803200e-01
   6.7167700e-01   5.3491800e-01
   4.0560600e-01   7.3852400e-01
   8.2049000e-02   8.1112700e-01
  -2.3651800e-01   7.4104600e-01
  -4.8866900e-01   5.4527600e-01
  -6.2664900e-01   2.6620200e-01
  -6.2629600e-01  -3.6981000e-02
  -4.9217000e-01  -3.0042700e-01
  -2.5674500e-01  -4.6888500e-01
   2.6210600e-02  -5.0726800e-01
   2.9277000e-01  -4.0812200e-01
   4.8219100e-01  -1.9337100e-01
   5.4970500e-01   9.0051500e-02
   4.7607700e-01   3.7985000e-01
   2.7188600e-01   6.1130000e-01
  -2.4378800e-02   7.3078400e-01
  -3.5407400e-01   7.0710700e-01
  -6.5040100e-01   5.3820700e-01
  -8.5216900e-01   2.5183600e-01
  -9.1645000e-01  -9.9947800e-02
  -8.2747500e-01  -4.5133700e-01
  -5.9992100e-01  -7.3619700e-01
  -2.7591000e-01  -9.0152800e-01
   8.3659500e-02  -9.1819600e-01
   4.1159100e-01  -7.8667100e-01
   6.4809600e-01  -5.3664200e-01
   7.5283800e-01  -2.2061000e-01
   7.1284100e-01   9.7156300e-02
   5.4466500e-01   3.5393700e-01
   2.9044200e-01   5.0138200e-01
   8.7090400e-03   5.1516200e-01
  -2.3800600e-01   3.9949500e-01
  -3.9620000e-01   1.8569100e-01
  -4.3230500e-01  -7.4870400e-02
  -3.3927400e-01  -3.2177800e-01
  -1.3756400e-01  -4.9827300e-01
   1.2956900e-01  -5.6291300e-01
   4.0534800e-01  -4.9785000e-01
   6.3131900e-01  -3.1209200e-01
   7.5925300e-01  -3.9211800e-02
   7.6068100e-01   2.6986200e-01
   6.3218200e-01   5.5737000e-01
   3.9549500e-01   7.7030400e-01
   9.2608600e-02   8.7069200e-01
  -2.2300300e-01   8.4254400e-01
  -4.9708600e-01   6.9421300e-01
  -6.8505400e-01   4.5588600e-01
  -7.6009900e-01   1.7292200e-01
  -7.1749500e-01  -1.0345900e-01
  -5.7442300e-01  -3.2618700e-01
  -3.6559300e-01  -4.6104600e-01
  -1.3572700e-01  -4.9247300e-01
   6.9463300e-02  -4.2548400e-01
   2.1199700e-01  -2.8359200e-01
   2.6840400e-01  -1.0334000e-01
   2.3340200e-01   7.3304900e-02
   1.1998100e-01   2.0715400e-01
  -4.3893900e-02   2.6903600e-01
  -2.2115800e-01   2.4482400e-01
  -3.7286500e-01   1.3746600e-01
  -4.6538800e-01  -3.4139400e-02
  -4.7634800e-01  -2.3904200e-01
  -3.9831000e-01  -4.4007000e-01
  -2.3975900e-01  -6.0050300e-01
  -2.3330900e-02  -6.9041100e-01
   2.1827300e-01  -6.9164900e-01
   4.4792300e-01  -6.0075300e-01
   6.3028800e-01  -4.2935000e-01
   7.3764800e-01  -2.0210100e-01
   7.5438800e-01   4.7445800e-02
   6.7949600e-01   2.8240100e-01
   5.2666500e-01   4.6861300e-01
   3.2200600e-01   5.8030900e-01
   9.9681800e-02   6.0439700e-01
  -1.0385200e-01   5.4270900e-01
  -2.5610200e-01   4.1175300e-01
  -3.3424800e-01   2.3994000e-01
  -3.2931700e-01   6.2649800e-02
  -2.4802800e-01  -8.4093400e-02
  -1.1184600e-01  -1.7028500e-01
   4.6701400e-02  -1.7774500e-01
   1.8993200e-01  -1.0395400e-01
   2.8215100e-01   3.6913100e-02
   2.9673800e-01   2.1610600e-01
   2.2181200e-01   3.9534700e-01
   6.3285600e-02   5.3398200e-01
  -1.5542500e-01   5.9695200e-01
  -3.9717000e-01   5.6204300e-01
  -6.1774200e-01   4.2494000e-01
  -7.7426700e-01   2.0094800e-01
  -8.3370200e-01  -7.7115300e-02
  -7.7972800e-01  -3.6461200e-01
  -6.1657500e-01  -6.1336300e-01
  -3.6886600e-01  -7.8093000e-01
  -7.7385100e-02  -8.3904700e-01
   2.0853100e-01  -7.7945400e-01
   4.4050300e-01  -6.1586100e-01
   5.8064000e-01  -3.8152000e-01
   6.0912800e-01  -1.2281500e-01
   5.2827900e-01   1.0992400e-01
   3.6213000e-01   2.7253100e-01
   1.5160700e-01   3.3597400e-01
  -5.3824100e-02   2.9231500e-01
  -2.0633500e-01   1.5639800e-01
  -2.6965800e-01  -3.7152600e-02
  -2.2670900e-01  -2.4102000e-01
  -8.3301600e-02  -4.0496900e-01
   1.3282400e-01  -4.8628100e-01
   3.7749500e-01  -4.5872500e-01
   5.9900700e-01  -3.1819800e-01
   7.4862000e-01  -8.3876300e-02
   7.9050200e-01   2.0536100e-01
   7.0909900e-01   4.9852000e-01
   5.1243600e-01   7.4253000e-01
   2.3069400e-01   8.9271000e-01
  -8.9621000e-02   9.2154100e-01
  -3.9472900e-01   8.2400400e-01
  -6.3401200e-01   6.1844700e-01
  -7.6973700e-01   3.4284300e-01
  -7.8416000e-01   4.7234500e-02
  -6.8262700e-01  -2.1609200e-01
  -4.9212000e-01  -4.0274300e-01
  -2.5559500e-01  -4.8467000e-01
  -2.3278600e-02  -4.5530100e-01
   1.5732600e-01  -3.3039300e-01
   2.5076600e-01  -1.4451800e-01
   2.4047800e-01   5.6107800e-02
   1.3186500e-01   2.2297600e-01
  -4.8972100e-02   3.1501100e-01
  -2.6053200e-01   3.0676800e-01
  -4.5420400e-01   1.9353900e-01
  -5.8392000e-01  -7.6004600e-03
  -6.1532600e-01  -2.6098000e-01
  -5.3269300e-01  -5.1914500e-01
  -3.4225900e-01  -7.3197700e-01
  -7.1349800e-02  -8.5639000e-01
   2.3656400e-01  -8.6473500e-01
   5.2995300e-01  -7.5032900e-01
   7.5894300e-01  -5.2900000e-01
   8.8479300e-01  -2.3633900e-01
   8.8735000e-01   7.8869200e-02
   7.6899300e-01   3.6381400e-01
   5.5428400e-01   5.7169600e-01
   2.8532000e-01   6.7071000e-01
   1.3626500e-02   6.5019400e-01
  -2.0987900e-01   5.2271600e-01
  -3.4491900e-01   3.2160600e-01
  -3.6989800e-01   9.4338200e-02
  -2.8631400e-01  -1.0700900e-01
  -1.1858300e-01  -2.3634600e-01
   9.0793600e-02  -2.6313400e-01
   2.8983600e-01  -1.7892200e-01
   4.2780400e-01   5.1282000e-04
   4.6588400e-01   2.3799500e-01
   3.8563900e-01   4.8226800e-01
   1.9340600e-01   6.7841000e-01
  -8.0348500e-02   7.7925700e-01
  -3.8673100e-01   7.5547200e-01
  -6.6809900e-01   6.0213200e-01
  -8.6977700e-01   3.4035700e-01
  -9.5140300e-01   1.3532600e-02
  -8.9549400e-01  -3.2118900e-01
  -7.1136900e-01  -6.0442000e-01
  -4.3351500e-01  -7.8670300e-01
  -1.1464800e-01  -8.3874000e-01
   1.8514200e-01  -7.5747500e-01
   4.1087400e-01  -5.6668200e-01
   5.2415700e-01  -3.1185200e-01
   5.1116100e-01  -5.0434700e-02
   3.8535000e-01   1.6049800e-01
   1.8433200e-01   2.7652600e-01
  -3.8509400e-02   2.7541400e-01
  -2.2582200e-01   1.6181400e-01
  -3.2893700e-01  -3.3903700e-02
  -3.1862100e-01  -2.6245200e-01
  -1.9154100e-01  -4.6657800e-01
   2.8969600e-02  -5.9374800e-01
   2.9800600e-01  -6.0778200e-01
   5.5892800e-01  -4.9686400e-01
   7.5573600e-01  -2.7617400e-01
   8.4525500e-01   1.5407400e-02
   8.0642300e-01   3.2377200e-01
   6.4467200e-01   5.9130200e-01
   3.9046900e-01   7.6922600e-01
   9.2418700e-02   8.2786600e-01
  -1.9347100e-01   7.6253800e-01
  -4.1591900e-01   5.9388000e-01
  -5.3917800e-01   3.6263300e-01
  -5.5015300e-01   1.2015000e-01
  -4.6032500e-01  -8.3145400e-02
  -3.0219400e-01  -2.0873700e-01
  -1.2116800e-01  -2.3798500e-01
   3.5129500e-02  -1.7538800e-01
   1.2767500e-01  -4.6548100e-02
   1.3452600e-01   1.0852500e-01
   5.5137300e-02   2.4511700e-01
  -9.0312400e-02   3.2421000e-01
  -2.6626700e-01   3.2120400e-01
  -4.3040700e-01   2.3103400e-01
  -5.4346500e-01   6.8676400e-02
  -5.7793900e-01  -1.3489300e-01
  -5.2380000e-01  -3.4018200e-01
  -3.8999500e-01  -5.0823300e-01
  -2.0163100e-01  -6.0912300e-01
   6.3245100e-03  -6.2799200e-01
   1.9719500e-01  -5.6735400e-01
   3.4063100e-01  -4.4537800e-01
   4.1870000e-01  -2.9075200e-01
   4.2873700e-01  -1.3554500e-01
   3.8252000e-01  -7.8257100e-03
   3.0219800e-01   7.4207300e-02
   2.1416900e-01   1.0533600e-01
   1.4248000e-01   9.3127900e-02
   1.0337500e-01   5.4743800e-02
   1.0219000e-01   1.1731000e-02
   1.3316900e-01  -1.5770900e-02
   1.8201000e-01  -1.3960200e-02
   2.3029000e-01   2.1705600e-02
   2.6052600e-01   8.6155300e-02
   2.6054500e-01   1.6679400e-01
   2.2612100e-01   2.4730500e-01
   1.6135300e-01   3.1204700e-01
   7.6877500e-02   3.4987100e-01
  -1.3436700e-02   3.5639700e-01
  -9.6293600e-02   3.3429300e-01
  -1.6222400e-01   2.9165200e-01
  -2.0743900e-01   2.3906400e-01
  -2.3387800e-01   1.8632100e-01
  -2.4758900e-01   1.3971200e-01
  -2.5602400e-01   1.0066400e-01
  -2.6512900e-01   6.6043600e-02
  -2.7712800e-01   2.9956200e-02
  -2.8966500e-01  -1.3581400e-02
  -2.9654700e-01  -6.7940200e-02
  -2.8986300e-01  -1.3201300e-01
  -2.6282400e-01  -1.9979100e-01
  -2.1244700e-01  -2.6155200e-01
  -1.4124900e-01  -3.0638000e-01
  -5.7380500e-02  -3.2529900e-01
   2.6954100e-02  -3.1411000e-01
   9.8401400e-02  -2.7509300e-01
   1.4595100e-01  -2.1697500e-01
   1.6403600e-01  -1.5308600e-01
   1.5435700e-01  -9.8095100e-02
   1.2581500e-01  -6.4153800e-02
   9.2483900e-02  -5.7469000e-02
   7.0038900e-02  -7.6275000e-02
   7.1517300e-02  -1.1083200e-01
   1.0351900e-01  -1.4557500e-01
   1.6387800e-01  -1.6296100e-01
   2.4150300e-01  -1.4810100e-01
   3.1855700e-01  -9.3007800e-02
   3.7453300e-01   6.7036000e-04
   3.9128700e-01   1.2120400e-01
   3.5778400e-01   2.4886900e-01
   2.7335200e-01   3.6015200e-01
   1.4855300e-01   4.3313000e-01
   3.3573500e-03   4.5272800e-01
  -1.3705300e-01   4.1455900e-01
  -2.4789600e-01   3.2634600e-01
  -3.1049800e-01   2.0649000e-01
  -3.1672400e-01   8.0060300e-02
  -2.7099900e-01  -2.6918300e-02
  -1.8939100e-01  -9.3523000e-02
  -9.5893900e-02  -1.0889200e-01
  -1.6750800e-02  -7.4860400e-02
   2.5849100e-02  -5.5968300e-03
   1.9199200e-02   7.5732200e-02
  -3.6695200e-02   1.4251400e-01
  -1.2889700e-01   1.7115800e-01
  -2.3443100e-01   1.4695000e-01
  -3.2563100e-01   6.7864400e-02
  -3.7671500e-01  -5.4595100e-02
  -3.7001100e-01  -1.9776700e-01
  -3.0036200e-01  -3.3289600e-01
  -1.7663700e-01  -4.3171000e-01
  -1.9963300e-02  -4.7296400e-01
   1.4092800e-01  -4.4741300e-01
   2.7616300e-01  -3.6001500e-01
   3.6147800e-01  -2.2885200e-01
   3.8367800e-01  -8.0999200e-02
   3.4352500e-01   5.3680000e-02
   2.5536700e-01   1.4935700e-01
   1.4361900e-01   1.9008000e-01
   3.6924800e-02   1.7325600e-01
  -3.8608400e-02   1.0998600e-01
  -6.5511000e-02   2.2176700e-02
  -3.8952500e-02  -6.2859500e-02
   3.2280700e-02  -1.1902100e-01
   1.2803900e-01  -1.2768800e-01
   2.2173300e-01  -8.2162300e-02
   2.8674400e-01   1.0743400e-02
   3.0279600e-01   1.3233100e-01
   2.6078700e-01   2.5643000e-01
   1.6495600e-01   3.5554000e-01
   3.1909500e-02   4.0723700e-01
  -1.1323400e-01   3.9933900e-01
  -2.4263700e-01   3.3263100e-01
  -3.3209900e-01   2.2054900e-01
  -3.6646400e-01   8.5941300e-02
  -3.4285400e-01  -4.4288700e-02
  -2.7099400e-01  -1.4537100e-01
  -1.7061600e-01  -2.0022300e-01
  -6.6606100e-02  -2.0308700e-01
   1.6918800e-02  -1.6044300e-01
   6.2195000e-02  -8.9037900e-02
   6.1754600e-02  -1.1567900e-02
   1.9839800e-02   4.8917400e-02
  -4.8981600e-02   7.4545600e-02
  -1.2360700e-01   5.6782500e-02
  -1.8164300e-01  -1.7220400e-03
  -2.0482600e-01  -8.7982400e-02
  -1.8334600e-01  -1.8195200e-01
  -1.1807400e-01  -2.6139400e-01
  -2.0225700e-02  -3.0716000e-01
   9.1402700e-02  -3.0762600e-01
   1.9489600e-01  -2.6126000e-01
   2.7030700e-01  -1.7678100e-01
   3.0414100e-01  -7.0927000e-02
   2.9222300e-01   3.5570400e-02
   2.4030800e-01   1.2280100e-01
   1.6238200e-01   1.7614100e-01
   7.7114900e-02   1.8932900e-01
   3.3686100e-03   1.6548200e-01
  -4.4158500e-02   1.1588700e-01
  -5.8132300e-02   5.6938400e-02
  -3.9920600e-02   6.0058100e-03
   1.1750400e-03  -2.2752800e-02
   5.0530200e-02  -2.1642500e-02
   9.1964800e-02   8.9821400e-03
   1.1173000e-01   6.1105500e-02
   1.0176500e-01   1.2124600e-01
   6.1483000e-02   1.7386700e-01
  -2.2833100e-03   2.0515300e-01
  -7.7080200e-02   2.0624300e-01
  -1.4789500e-01   1.7518100e-01
  -2.0070100e-01   1.1717200e-01
  -2.2563600e-01   4.3170100e-02
  -2.1907900e-01  -3.2827100e-02
  -1.8420000e-01  -9.7056599e-02
  -1.2990300e-01  -1.3906800e-01
  -6.8509500e-02  -1.5388200e-01
  -1.2764300e-02  -1.4277100e-01
   2.7082500e-02  -1.1254700e-01
   4.5451500e-02  -7.3608100e-02
   4.2389800e-02  -3.7258400e-02
   2.3149600e-02  -1.2980000e-02
  -3.4341900e-03  -6.2960800e-03
  -2.7317900e-02  -1.7699900e-02
  -3.9772400e-02  -4.2840400e-02
  -3.5450200e-02  -7.3852400e-02
  -1.3532200e-02  -1.0145100e-01
   2.2265100e-02  -1.1725200e-01
   6.4758500e-02  -1.1575600e-01
   1.0513300e-01  -9.5553399e-02
   1.3506200e-01  -5.9498100e-02
   1.4860600e-01  -1.3882800e-02
   1.4344700e-01   3.3140600e-02
   1.2122300e-01   7.3477100e-02
   8.6929300e-02   1.0087400e-01
   4.7599500e-02   1.1217300e-01
   1.0606700e-02   1.0776300e-01
  -1.7984300e-02   9.1204899e-02
  -3.4641600e-02   6.8150300e-02
  -3.8913600e-02   4.4878200e-02
  -3.3225000e-02   2.6804300e-02
  -2.2027500e-02   1.7317100e-02
  -1.0553400e-02   1.7181000e-02
  -3.4930500e-03   2.4601200e-02
  -3.9102000e-03   3.5879300e-02
  -1.2625000e-02   4.6460300e-02
  -2.8169700e-02   5.2095100e-02
  -4.7278900e-02   4.9842400e-02
  -6.5756300e-02   3.8692400e-02
  -7.9488100e-02   1.9704400e-02
  -8.5362199e-02  -4.3322800e-03
  -8.1893800e-02  -2.9594000e-02
  -6.9447700e-02  -5.2088100e-02
  -5.0046300e-02  -6.8482400e-02
  -2.6845300e-02  -7.6723200e-02
  -3.4260700e-03  -7.6329900e-02
   1.6928800e-02  -6.8342800e-02
   3.1822500e-02  -5.4971000e-02
   4.0091400e-02  -3.9052000e-02
   4.1872700e-02  -2.3452200e-02
   3.8416400e-02  -1.0536500e-02
   3.1712500e-02  -1.7978200e-03
   2.4028900e-02   2.3053500e-03
   1.7458100e-02   2.3039800e-03
   1.3550200e-02  -4.9566900e-04
   1.3081700e-02  -4.3353600e-03
   1.5978500e-02  -7.3703200e-03
   2.1385200e-02  -8.0160800e-03
   2.7853600e-02  -5.2295100e-03
   3.3615100e-02   1.3080600e-03
   3.6896600e-02   1.1123400e-02
   3.6239500e-02   2.3005700e-02
   3.0779700e-02   3.5178300e-02
   2.0449600e-02   4.5570500e-02
   6.0653600e-03   5.2160700e-02
  -1.0728900e-02   5.3344000e-02
  -2.7667400e-02   4.8267500e-02
  -4.2207300e-02   3.7068000e-02
  -5.1965300e-02   2.0953500e-02
  -5.5177200e-02   2.0903300e-03
  -5.1089500e-02  -1.6710200e-02
  -4.0194400e-02  -3.2468700e-02
  -2.4239100e-02  -4.2598800e-02
  -5.9785500e-03  -4.5444600e-02
   1.1304900e-02  -4.0675900e-02
   2.4434500e-02  -2.9439300e-02
   3.1002900e-02  -1.4207400e-02
   2.9922300e-02   1.6690900e-03
   2.1728500e-02   1.4634600e-02
   8.5495999e-03   2.1694800e-02
  -6.2811600e-03   2.1111600e-02
  -1.8907800e-02   1.2864800e-02
  -2.5797900e-02  -1.2425400e-03
  -2.4571600e-02  -1.7883100e-02
  -1.4624200e-02  -3.2869700e-02
   2.6119800e-03  -4.2058400e-02
   2.3851700e-02  -4.2300900e-02
   4.4570200e-02  -3.2233300e-02
   5.9935800e-02  -1.2713400e-02
   6.5868800e-02   1.3213500e-02
   5.9996900e-02   4.0838000e-02
   4.2286700e-02   6.4710300e-02
   1.5194300e-02   7.9777999e-02
  -1.6722800e-02   8.2495399e-02
  -4.7671900e-02   7.1659100e-02
  -7.1799100e-02   4.8770600e-02
  -8.4426299e-02   1.7829400e-02
  -8.3082899e-02  -1.5424400e-02
  -6.8096600e-02  -4.4669200e-02
  -4.2600600e-02  -6.4326400e-02
  -1.1934300e-02  -7.0765500e-02
   1.7449900e-02  -6.3123400e-02
   3.9352000e-02  -4.3547400e-02
   4.9172500e-02  -1.6792200e-02
   4.4948500e-02   1.0760600e-02
   2.7844500e-02   3.2463300e-02
   1.9751800e-03   4.2858300e-02
  -2.6418900e-02   3.8915300e-02
  -5.0283500e-02   2.0776100e-02
  -6.3277700e-02  -8.1693699e-03
  -6.1193100e-02  -4.1909900e-02
  -4.2954200e-02  -7.3026999e-02
  -1.0973800e-02  -9.4249899e-02
   2.9231300e-02  -1.0002800e-01
   7.0101199e-02  -8.7780199e-02
   1.0356100e-01  -5.8550500e-02
   1.2270000e-01  -1.6907700e-02
   1.2325400e-01   2.9901200e-02
   1.0455800e-01   7.3386099e-02
   6.9765899e-02   1.0554300e-01
   2.5274900e-02   1.2051900e-01
  -2.0551000e-02   1.1585500e-01
  -5.9089100e-02   9.3034999e-02
  -8.3249399e-02   5.7219200e-02
  -8.8969699e-02   1.6189400e-02
  -7.6090399e-02  -2.1270400e-02
  -4.8414200e-02  -4.7229300e-02
  -1.2922900e-02  -5.6309300e-02
   2.1694000e-02  -4.6863300e-02
   4.6898100e-02  -2.1373000e-02
   5.6155000e-02   1.4031900e-02
   4.6388300e-02   5.0843700e-02
   1.8716000e-02   7.9977499e-02
  -2.1699300e-02   9.3727599e-02
  -6.6667900e-02   8.7462199e-02
  -1.0665400e-01   6.0692600e-02
  -1.3277600e-01   1.7279500e-02
  -1.3869200e-01  -3.5281200e-02
  -1.2199300e-01  -8.7351599e-02
  -8.4770599e-02  -1.2911800e-01
  -3.3257000e-02  -1.5261900e-01
   2.3412300e-02  -1.5340600e-01
   7.5052299e-02  -1.3148000e-01
   1.1251300e-01  -9.1309699e-02
   1.2955500e-01  -4.0906900e-02
   1.2412200e-01   9.8321799e-03
   9.8737299e-02   5.1186200e-02
   5.9934100e-02   7.5625799e-02
   1.6852700e-02   7.9366299e-02
  -2.0713300e-02   6.3124900e-02
  -4.4399700e-02   3.1926100e-02
  -4.9044300e-02  -6.0056800e-03
  -3.3774400e-02  -4.1026000e-02
  -2.1817600e-03  -6.4147399e-02
   3.8450300e-02  -6.8970999e-02
   7.8700099e-02  -5.3065900e-02
   1.0901000e-01  -1.8506800e-02
   1.2171600e-01   2.8539000e-02
   1.1267000e-01   7.9083499e-02
   8.2130799e-02   1.2317700e-01
   3.4727600e-02   1.5196200e-01
  -2.1479800e-02   1.5948700e-01
  -7.6642199e-02   1.4391300e-01
  -1.2111700e-01   1.0786200e-01
  -1.4740000e-01   5.7850000e-02
  -1.5159300e-01   2.9283300e-03
  -1.3412000e-01  -4.7166800e-02
  -9.9541199e-02  -8.3973999e-02
  -5.5539300e-02  -1.0196800e-01
  -1.1281200e-02  -9.9588699e-02
   2.4478400e-02  -7.9435499e-02
   4.5168800e-02  -4.7612100e-02
   4.7684600e-02  -1.2366900e-02
   3.2927600e-02   1.7671100e-02
   5.5137200e-03   3.5294500e-02
  -2.7273600e-02   3.6186000e-02
  -5.7054800e-02   1.9762900e-02
  -7.6116999e-02  -1.0759200e-02
  -7.9005199e-02  -4.9080600e-02
  -6.3625399e-02  -8.7144099e-02
  -3.1645900e-02  -1.1679300e-01
   1.1865000e-02  -1.3142100e-01
   5.9476600e-02  -1.2727900e-01
   1.0288300e-01  -1.0418800e-01
   1.3453400e-01  -6.5537699e-02
   1.4908200e-01  -1.7574700e-02
   1.4436700e-01   3.1846900e-02
   1.2175000e-01   7.4797099e-02
   8.5760199e-02   1.0477600e-01
   4.3135100e-02   1.1789900e-01
   1.4630700e-03   1.1353700e-01
  -3.2292400e-02   9.4309099e-02
  -5.3098400e-02   6.5443899e-02
  -5.8738699e-02   3.3661800e-02
  -5.0121800e-02   5.8028500e-03
  -3.0971000e-02  -1.2517400e-02
  -6.9769499e-03  -1.7969100e-02
   1.5405400e-02  -1.0087100e-02
   3.0270500e-02   8.7267899e-03
   3.3429200e-02   3.3760600e-02
   2.3208800e-02   5.8983599e-02
   7.4332199e-04   7.8266999e-02
  -3.0285700e-02   8.6593099e-02
  -6.4391999e-02   8.1022799e-02
  -9.5355199e-02   6.1243699e-02
  -1.1740500e-01   2.9608000e-02
  -1.2629600e-01  -9.3300599e-03
  -1.2007100e-01  -4.9677900e-02
  -9.9382199e-02  -8.5292499e-02
  -6.7328699e-02  -1.1088700e-01
  -2.8850300e-02  -1.2295000e-01
   1.0192400e-02  -1.2031800e-01
   4.4074200e-02  -1.0430300e-01
   6.8203399e-02  -7.8381499e-02
   7.9883899e-02  -4.7502100e-02
   7.8713699e-02  -1.7154500e-02
   6.6562799e-02   7.6216999e-03
   4.7149100e-02   2.3118000e-02
   2.5299200e-02   2.7573200e-02
   6.0352999e-03   2.1426300e-02
  -6.3495699e-03   7.1728599e-03
  -9.0667299e-03  -1.1140000e-02
  -1.3276100e-03  -2.8685200e-02
   1.5520100e-02  -4.0756000e-02
   3.8234300e-02  -4.3641600e-02
   6.2255199e-02  -3.5326400e-02
   8.2517899e-02  -1.5897800e-02
   9.4365299e-02   1.2411400e-02
   9.4407999e-02   4.5555100e-02
   8.1183499e-02   7.8333499e-02
   5.5498499e-02   1.0527500e-01
   2.0384100e-02   1.2159600e-01
  -1.9342800e-02   1.2408300e-01
  -5.7852199e-02   1.1172500e-01
  -8.9291099e-02   8.5991299e-02
  -1.0882400e-01   5.0674700e-02
  -1.1353900e-01   1.1302100e-02
  -1.0305300e-01  -2.5797700e-02
  -7.9672199e-02  -5.4624999e-02
  -4.8059900e-02  -7.0637199e-02
  -1.4440400e-02  -7.1659899e-02
   1.4544500e-02  -5.8389599e-02
   3.3120300e-02  -3.4363900e-02
   3.7564900e-02  -5.3663099e-03
   2.7048600e-02   2.1651800e-02
   3.9348100e-03   3.9948300e-02
  -2.6555800e-02   4.4405400e-02
  -5.7293399e-02   3.2691500e-02
  -8.0642599e-02   5.9122299e-03
  -9.0057699e-02  -3.1421200e-02
  -8.1545999e-02  -7.2145699e-02
  -5.4678199e-02  -1.0780800e-01
  -1.2902000e-02  -1.3038500e-01
   3.6952600e-02  -1.3401300e-01
   8.5920199e-02  -1.1635800e-01
   1.2467300e-01  -7.9302799e-02
   1.4547000e-01  -2.8777500e-02
   1.4386000e-01   2.6298800e-02
   1.1976900e-01   7.5763699e-02
   7.7686599e-02   1.1030700e-01
   2.5880500e-02   1.2347200e-01
  -2.5241100e-02   1.1312300e-01
  -6.5295199e-02   8.2027099e-02
  -8.6160999e-02   3.7389400e-02
  -8.3798399e-02  -1.0599900e-02
  -5.9228499e-02  -5.0920399e-02
  -1.8428500e-02  -7.4125799e-02
   2.8873000e-02  -7.4471999e-02
   7.1267999e-02  -5.1284199e-02
   9.8171899e-02  -9.2349499e-03
   1.0221100e-01   4.2562000e-02
   8.0954799e-02   9.2472799e-02
   3.7592200e-02   1.2887500e-01
  -1.9635000e-02   1.4274900e-01
  -7.9134999e-02   1.2974800e-01
  -1.2845400e-01   9.1267599e-02
  -1.5700600e-01   3.4266900e-02
  -1.5843500e-01  -3.0161000e-02
  -1.3207800e-01  -8.9153499e-02
  -8.3178699e-02  -1.3087000e-01
  -2.1805500e-02  -1.4709100e-01
   3.9323700e-02  -1.3503400e-01
   8.7609699e-02  -9.7986099e-02
   1.1333200e-01  -4.4583500e-02
   1.1177900e-01   1.3087600e-02
   8.4264999e-02   6.2162999e-02
   3.7816700e-02   9.1842699e-02
  -1.6416700e-02   9.5767999e-02
  -6.5658499e-02   7.3403599e-02
  -9.8352699e-02   3.0119400e-02
  -1.0672200e-01  -2.4041500e-02
  -8.8471099e-02  -7.6624699e-02
  -4.7255800e-02  -1.1554200e-01
   8.1672199e-03  -1.3174500e-01
   6.5913999e-02  -1.2119300e-01
   1.1361200e-01  -8.5698599e-02
   1.4111300e-01  -3.2466500e-02
   1.4267400e-01   2.7541100e-02
   1.1814200e-01   8.2037299e-02
   7.2887499e-02   1.2008700e-01
   1.6546400e-02   1.3443300e-01
  -3.9145400e-02   1.2297300e-01
  -8.2912899e-02   8.9079199e-02
  -1.0633700e-01   4.0733600e-02
  -1.0556500e-01  -1.1311400e-02
  -8.1986899e-02  -5.5907199e-02
  -4.1768100e-02  -8.3891799e-02
   5.6250299e-03  -8.9965799e-02
   4.9546999e-02  -7.3678399e-02
   8.0466699e-02  -3.9347100e-02
   9.1935699e-02   5.0291399e-03
   8.1827099e-02   4.9586499e-02
   5.2617399e-02   8.4729899e-02
   1.0695700e-02   1.0311800e-01
  -3.5108200e-02   1.0109200e-01
  -7.5431399e-02   7.9286099e-02
  -1.0230700e-01   4.2323100e-02
  -1.1071800e-01  -2.2794600e-03
  -9.9480699e-02  -4.5736699e-02
  -7.1317999e-02  -7.9796299e-02
  -3.2156500e-02  -9.8343499e-02
   1.0172000e-02  -9.8503999e-02
   4.7533799e-02  -8.1061699e-02
   7.3073099e-02  -5.0148299e-02
   8.2468499e-02  -1.2310700e-02
   7.4648699e-02   2.4834200e-02
   5.1864699e-02   5.4079699e-02
   1.9141800e-02   6.9966099e-02
  -1.6755100e-02   6.9738699e-02
  -4.8632399e-02   5.3773099e-02
  -7.0208799e-02   2.5419500e-02
  -7.7250799e-02  -9.6848599e-03
  -6.8310099e-02  -4.4693099e-02
  -4.4949499e-02  -7.2820599e-02
  -1.1428200e-02  -8.8585399e-02
   2.6090500e-02  -8.8805399e-02
   6.0668599e-02  -7.3181699e-02
   8.5866799e-02  -4.4365899e-02
   9.6936599e-02  -7.4949799e-03
   9.1723799e-02   3.0732600e-02
   7.1110899e-02   6.3285399e-02
   3.8907400e-02   8.4118999e-02
   1.1865000e-03   8.9346199e-02
  -3.4827900e-02   7.8034699e-02
  -6.2132899e-02   5.2462999e-02
  -7.5324599e-02   1.7762400e-02
  -7.1713599e-02  -1.9015600e-02
  -5.1944899e-02  -5.0249199e-02
  -1.9973300e-02  -6.9263199e-02
   1.7631300e-02  -7.1715599e-02
   5.2940199e-02  -5.6562499e-02
   7.8249899e-02  -2.6384500e-02
   8.7680999e-02   1.3025500e-02
   7.8457799e-02   5.3755599e-02
   5.1584599e-02   8.7352299e-02
   1.1753600e-02   1.0656300e-01
  -3.3527400e-02   1.0688600e-01
  -7.5427799e-02   8.7579499e-02
  -1.0560800e-01   5.1910599e-02
  -1.1797400e-01   6.5535399e-03
  -1.0999500e-01  -3.9746800e-02
  -8.3287899e-02  -7.7980299e-02
  -4.3322499e-02  -1.0076400e-01
   1.6969700e-03  -1.0391300e-01
   4.2552799e-02  -8.7343599e-02
   7.0966399e-02  -5.5107299e-02
   8.1362399e-02  -1.4530500e-02
   7.2058299e-02   2.5349900e-02
   4.5617899e-02   5.5724599e-02
   8.2895299e-03   6.9900999e-02
  -3.1348800e-02   6.4731399e-02
  -6.4239699e-02   4.1272299e-02
  -8.2788599e-02   4.5354299e-03
  -8.2474599e-02  -3.7608000e-02
  -6.2786399e-02  -7.6122499e-02
  -2.7289300e-02  -1.0272900e-01
   1.7173500e-02  -1.1163200e-01
   6.1958899e-02  -1.0068900e-01
   9.8445099e-02  -7.1783199e-02
   1.1980100e-01  -3.0339700e-02
   1.2232700e-01   1.5875500e-02
   1.0610100e-01   5.8405499e-02
   7.4820599e-02   8.9829699e-02
   3.4905300e-02   1.0520300e-01
  -5.9087199e-03   1.0292400e-01
  -4.0173499e-02   8.4874599e-02
  -6.2185699e-02   5.5856999e-02
  -6.9005899e-02   2.2468200e-02
  -6.0863199e-02  -8.3052099e-03
  -4.0905999e-02  -3.0478700e-02
  -1.4398400e-02  -4.0166799e-02
   1.2434100e-02  -3.6193800e-02
   3.3656300e-02  -2.0140100e-02
   4.4720799e-02   4.1337799e-03
   4.3222399e-02   3.1345100e-02
   2.9202800e-02   5.5833499e-02
   4.9992299e-03   7.2584699e-02
  -2.5285300e-02   7.8056699e-02
  -5.6559999e-02   7.0695299e-02
  -8.3617199e-02   5.1089499e-02
  -1.0195400e-01   2.1788800e-02
  -1.0843400e-01  -1.3155900e-02
  -1.0171100e-01  -4.8834099e-02
  -8.2395799e-02  -8.0205499e-02
  -5.2952199e-02  -1.0282500e-01
  -1.7353100e-02  -1.1348000e-01
   1.9468100e-02  -1.1067800e-01
   5.2314299e-02  -9.4911099e-02
   7.6497299e-02  -6.8663199e-02
   8.8591199e-02  -3.6118600e-02
   8.7057099e-02  -2.5870100e-03
   7.2620799e-02   2.6312400e-02
   4.8304999e-02   4.5605499e-02
   1.9055500e-02   5.1906599e-02
  -9.0294799e-03   4.4173099e-02
  -2.9775800e-02   2.4097100e-02
  -3.8144799e-02  -3.9962599e-03
  -3.1349100e-02  -3.3790500e-02
  -9.6276699e-03  -5.8096299e-02
   2.3525800e-02  -7.0269099e-02
   6.1796399e-02  -6.5657399e-02
   9.7122499e-02  -4.2772599e-02
   1.2124700e-01  -3.8954399e-03
   1.2745500e-01   4.5070199e-02
   1.1212900e-01   9.5536099e-02
   7.5774699e-02   1.3782600e-01
   2.3229800e-02   1.6313600e-01
  -3.7040100e-02   1.6544900e-01
  -9.4482699e-02   1.4298500e-01
  -1.3855100e-01   9.8830399e-02
  -1.6092100e-01   4.0551699e-02
  -1.5735400e-01  -2.1185100e-02
  -1.2876300e-01  -7.4735499e-02
  -8.1222399e-02  -1.0991400e-01
  -2.4839500e-02  -1.2022000e-01
   2.8292000e-02  -1.0435200e-01
   6.6655599e-02  -6.6640399e-02
   8.1840099e-02  -1.6254100e-02
   7.0469799e-02   3.4676500e-02
   3.5085600e-02   7.3657699e-02
  -1.6253000e-02   9.0586899e-02
  -7.1598499e-02   8.0061799e-02
  -1.1765000e-01   4.2714399e-02
  -1.4265900e-01  -1.4750500e-02
  -1.3905900e-01  -8.0855299e-02
  -1.0525200e-01  -1.4173200e-01
  -4.6111499e-02  -1.8408000e-01
   2.7914600e-02  -1.9806600e-01
   1.0293100e-01  -1.7950900e-01
   1.6451300e-01  -1.3088300e-01
   2.0076600e-01  -6.0875699e-02
   2.0488200e-01   1.7395700e-02
   1.7659900e-01   8.9140699e-02
   1.2226700e-01   1.4102600e-01
   5.3476999e-02   1.6399600e-01
  -1.5435300e-02   1.5516600e-01
  -7.0472799e-02   1.1838100e-01
  -1.0097000e-01   6.3308999e-02
  -1.0184300e-01   3.2849800e-03
  -7.4616599e-02  -4.7621499e-02
  -2.6997800e-02  -7.7673499e-02
   2.8878300e-02  -7.9994299e-02
   7.9151899e-02  -5.4011999e-02
   1.1128200e-01  -5.5185499e-03
   1.1676900e-01   5.4651999e-02
   9.2965099e-02   1.1301900e-01
   4.3597099e-02   1.5639200e-01
  -2.2089200e-02   1.7469500e-01
  -9.1357099e-02   1.6308600e-01
  -1.5071500e-01   1.2290900e-01
  -1.8876000e-01   6.1316799e-02
  -1.9850800e-01  -1.0331900e-02
  -1.7873800e-01  -7.8927299e-02
  -1.3407600e-01  -1.3235900e-01
  -7.3848899e-02  -1.6197300e-01
  -9.9904099e-03  -1.6421500e-01
   4.5525499e-02  -1.4114400e-01
   8.3152999e-02  -9.9745199e-02
   9.7629099e-02  -5.0234599e-02
   8.8842299e-02  -3.7660199e-03
   6.1576199e-02   2.9956200e-02
   2.4232600e-02   4.4640099e-02
  -1.3143900e-02   3.8549399e-02
  -4.1087399e-02   1.4627600e-02
  -5.2692499e-02  -2.0373800e-02
  -4.4951199e-02  -5.7522199e-02
  -1.9195800e-02  -8.7700599e-02
   1.9390700e-02  -1.0353200e-01
   6.3040199e-02  -1.0082600e-01
   1.0312400e-01  -7.9286399e-02
   1.3194800e-01  -4.2360999e-02
   1.4423200e-01   3.6542699e-03
   1.3800500e-01   5.1030399e-02
   1.1475300e-01   9.2200099e-02
   7.8881999e-02   1.2119100e-01
   3.6630799e-02   1.3461700e-01
  -5.2589299e-03   1.3206900e-01
  -4.0843699e-02   1.1588000e-01
  -6.5979699e-02   9.0390299e-02
  -7.8859299e-02   6.0903499e-02
  -8.0031999e-02   3.2594100e-02
  -7.1971699e-02   9.5838499e-03
  -5.8342499e-02  -5.6498699e-03
  -4.3150299e-02  -1.2467500e-02
  -2.9968600e-02  -1.1888100e-02
  -2.1374200e-02  -6.1384599e-03
  -1.8662000e-02   1.9328000e-03
  -2.1835500e-02   9.4361399e-03
  -2.9810600e-02   1.3912400e-02
  -4.0744099e-02   1.3637700e-02
  -5.2394099e-02   7.7592799e-03
  -6.2447099e-02  -3.7051299e-03
  -6.8780099e-02  -1.9951300e-02
  -6.9659099e-02  -3.9511699e-02
  -6.3896299e-02  -6.0394799e-02
  -5.0987699e-02  -8.0241199e-02
  -3.1235500e-02  -9.6520198e-02
  -5.8353499e-03  -1.0678500e-01
   2.3113700e-02  -1.0899600e-01
   5.2728299e-02  -1.0188000e-01
   7.9623899e-02  -8.5267899e-02
   1.0036200e-01  -6.0322099e-02
   1.1201700e-01  -2.9568000e-02
   1.1275900e-01   3.3352899e-03
   1.0232900e-01   3.4094199e-02
   8.2280399e-02   5.8491999e-02
   5.5874099e-02   7.3190999e-02
   2.7608700e-02   7.6459399e-02
   2.4313400e-03   6.8644999e-02
  -1.5232700e-02   5.2257399e-02
  -2.2433700e-02   3.1592199e-02
  -1.8417400e-02   1.1932100e-02
  -4.9241199e-03  -1.5362900e-03
   1.4040100e-02  -4.8709699e-03
   3.2952599e-02   3.6663799e-03
   4.5917299e-02   2.3073500e-02
   4.7970499e-02   4.9646199e-02
   3.6267199e-02   7.7624399e-02
   1.0870300e-02   1.0034000e-01
  -2.5059400e-02   1.1163800e-01
  -6.5749999e-02   1.0726900e-01
  -1.0391000e-01   8.5937299e-02
  -1.3220900e-01   4.9751499e-02
  -1.4484100e-01   3.9541599e-03
  -1.3881500e-01  -4.4045799e-02
  -1.1469000e-01  -8.6145699e-02
  -7.6562299e-02  -1.1522000e-01
  -3.1286799e-02  -1.2662800e-01
   1.2910900e-02  -1.1921400e-01
   4.8146599e-02  -9.5584598e-02
   6.8539499e-02  -6.1561199e-02
   7.1457399e-02  -2.4943900e-02
   5.8065999e-02   6.1722999e-03
   3.3052399e-02   2.5151700e-02
   3.5771699e-03   2.8259200e-02
  -2.2318500e-02   1.5468100e-02
  -3.7501299e-02  -9.5477698e-03
  -3.7335699e-02  -4.0236899e-02
  -2.0722500e-02  -6.8628499e-02
   9.6424598e-03  -8.7103599e-02
   4.7845099e-02  -9.0086498e-02
   8.6036599e-02  -7.5285099e-02
   1.1613600e-01  -4.4208199e-02
   1.3157400e-01  -1.8517100e-03
   1.2869800e-01   4.4369599e-02
   1.0753500e-01   8.6203699e-02
   7.1743899e-02   1.1630200e-01
   2.7797400e-02   1.2973700e-01
  -1.6424800e-02   1.2497400e-01
  -5.3311899e-02   1.0408900e-01
  -7.7091999e-02   7.2213399e-02
  -8.4960599e-02   3.6338199e-02
  -7.7533699e-02   3.7656999e-03
  -5.8548599e-02  -1.9452500e-02
  -3.3903299e-02  -2.9742699e-02
  -1.0267900e-02  -2.6649400e-02
   6.4114199e-03  -1.2769100e-02
   1.2184900e-02   6.9785199e-03
   5.8775899e-03   2.6555500e-02
  -1.0776100e-02   4.0202299e-02
  -3.3643099e-02   4.3709599e-02
  -5.7205599e-02   3.5292399e-02
  -7.5832699e-02   1.5892200e-02
  -8.5016499e-02  -1.1131100e-02
  -8.2303799e-02  -4.0820199e-02
  -6.7734599e-02  -6.7746199e-02
  -4.3717299e-02  -8.7175798e-02
  -1.4401600e-02  -9.6022198e-02
   1.5284900e-02  -9.3383598e-02
   4.0702399e-02  -8.0577199e-02
   5.8426999e-02  -6.0695099e-02
   6.6845999e-02  -3.7813099e-02
   6.6313599e-02  -1.6052300e-02
   5.8865699e-02   1.2869400e-03
   4.7593299e-02   1.2330900e-02
   3.5842999e-02   1.6864500e-02
   2.6440100e-02   1.6168200e-02
   2.1110000e-02   1.2531800e-02
   2.0213800e-02   8.5867098e-03
   2.2829800e-02   6.6269399e-03
   2.7132300e-02   8.0813399e-03
   3.0948599e-02   1.3247600e-02
   3.2344899e-02   2.1328500e-02
   3.0095899e-02   3.0733999e-02
   2.3933000e-02   3.9550799e-02
   1.4529700e-02   4.6048199e-02
   3.2497099e-03   4.9088699e-02
  -8.2556099e-03   4.8348599e-02
  -1.8485200e-02   4.4304999e-02
  -2.6442900e-02   3.8014699e-02
  -3.1819799e-02   3.0757599e-02
  -3.4968399e-02   2.3653400e-02
  -3.6686999e-02   1.7359400e-02
  -3.7887499e-02   1.1931200e-02
  -3.9246999e-02   6.8800499e-03
  -4.0945799e-02   1.4046500e-03
  -4.2569899e-02  -5.2717599e-03
  -4.3208199e-02  -1.3560100e-02
  -4.1721899e-02  -2.3261000e-02
  -3.7112699e-02  -3.3494299e-02
  -2.8888699e-02  -4.2832799e-02
  -1.7322000e-02  -4.9615699e-02
  -3.5187699e-03  -5.2367399e-02
   1.0733300e-02  -5.0213299e-02
   2.3316000e-02  -4.3181499e-02
   3.2253599e-02  -3.2302199e-02
   3.6193399e-02  -1.9461800e-02
   3.4774299e-02  -7.0318499e-03
   2.8780299e-02   2.6501700e-03
   2.0027600e-02   7.8308199e-03
   1.0994400e-02   7.7872799e-03
   4.2671199e-03   3.0557399e-03
   1.9245300e-03  -4.6276699e-03
   5.0055899e-03  -1.2676600e-02
   1.3191400e-02  -1.8229000e-02
   2.4790000e-02  -1.8823200e-02
   3.7045899e-02  -1.3022000e-02
   4.6718499e-02  -8.3443798e-04
   5.0811099e-02   1.6173100e-02
   4.7288699e-02   3.5121099e-02
   3.5617899e-02   5.2377699e-02
   1.6995900e-02   6.4324799e-02
  -5.7985299e-03   6.8163799e-02
  -2.8918299e-02   6.2581299e-02
  -4.8225199e-02   4.8115999e-02
  -6.0167599e-02   2.7132399e-02
  -6.2566499e-02   3.3894599e-03
  -5.5129699e-02  -1.8713700e-02
  -3.9570499e-02  -3.5060399e-02
  -1.9289300e-02  -4.2705799e-02
   1.3245900e-03  -4.0535999e-02
   1.7826500e-02  -2.9541199e-02
   2.6685499e-02  -1.2632800e-02
   2.6073999e-02   5.9678099e-03
   1.6297700e-02   2.1643100e-02
  -2.3871400e-04   3.0400399e-02
  -1.9532200e-02   2.9774999e-02
  -3.6847199e-02   1.9410300e-02
  -4.7761399e-02   1.1818800e-03
  -4.9161699e-02  -2.1173800e-02
  -3.9968099e-02  -4.2850099e-02
  -2.1419000e-02  -5.9013599e-02
   3.1521399e-03  -6.5869999e-02
   2.9006199e-02  -6.1518199e-02
   5.1007999e-02  -4.6397899e-02
   6.4734999e-02  -2.3229000e-02
   6.7441099e-02   3.5517199e-03
   5.8659599e-02   2.8733099e-02
   4.0311699e-02   4.7447199e-02
   1.6291500e-02   5.6215099e-02
  -8.3791398e-03   5.3687999e-02
  -2.8641699e-02   4.0921699e-02
  -4.0494399e-02   2.1122100e-02
  -4.1846799e-02  -1.0789800e-03
  -3.2946199e-02  -2.0655000e-02
  -1.6285600e-02  -3.3292499e-02
   3.9839099e-03  -3.6328599e-02
   2.2999800e-02  -2.9310799e-02
   3.6279299e-02  -1.4059300e-02
   4.0710499e-02   5.7767799e-03
   3.5222999e-02   2.5562599e-02
   2.0993100e-02   4.0727099e-02
   1.1452100e-03   4.7780399e-02
  -1.9975300e-02   4.5071699e-02
  -3.7787499e-02   3.3123699e-02
  -4.8492699e-02   1.4476100e-02
  -4.9896099e-02  -6.9156199e-03
  -4.1852899e-02  -2.6582099e-02
  -2.6247799e-02  -4.0533499e-02
  -6.5251299e-03  -4.6118699e-02
   1.3114200e-02  -4.2562999e-02
   2.8656599e-02  -3.1070799e-02
   3.7147099e-02  -1.4486600e-02
   3.7292299e-02   3.3973599e-03
   2.9670099e-02   1.8717000e-02
   1.6512800e-02   2.8392599e-02
   1.1289800e-03   3.0772599e-02
  -1.2890600e-02   2.5927299e-02
  -2.2494000e-02   1.5540300e-02
  -2.5827799e-02   2.4402700e-03
  -2.2592000e-02  -1.0105500e-02
  -1.4022900e-02  -1.9162500e-02
  -2.5244199e-03  -2.2785300e-02
   8.9509298e-03  -2.0413900e-02
   1.7616000e-02  -1.2928900e-02
   2.1488700e-02  -2.3718600e-03
   1.9811900e-02   8.5913898e-03
   1.3167100e-02   1.7323700e-02
   3.2699499e-03   2.1829900e-02
  -7.4878998e-03   2.1188100e-02
  -1.6631200e-02   1.5707100e-02
  -2.2180800e-02   6.7872399e-03
  -2.3084900e-02  -3.4673299e-03
  -1.9408300e-02  -1.2779700e-02
  -1.2246800e-02  -1.9241800e-02
  -3.4026599e-03  -2.1736600e-02
   5.0889899e-03  -2.0146000e-02
   1.1460500e-02  -1.5307800e-02
   1.4617100e-02  -8.7434698e-03
   1.4354600e-02  -2.2367500e-03
   1.1344500e-02   2.6276299e-03
   6.9043199e-03   4.8492799e-03
   2.6183399e-03   4.2308899e-03
  -8.9224698e-05   1.3839400e-03
  -3.2125899e-04  -2.4704299e-03
   2.0742800e-03  -5.8472799e-03
   6.4836799e-03  -7.3984998e-03
   1.1702200e-02  -6.2662499e-03
   1.6254000e-02  -2.3027400e-03
   1.8772900e-02   3.8941399e-03
   1.8348300e-02   1.1132700e-02
   1.4750500e-02   1.7924200e-02
   8.4847598e-03   2.2847000e-02
   6.6392599e-04   2.4887599e-02
  -7.2640198e-03   2.3675499e-02
  -1.3863100e-02   1.9557300e-02
  -1.8045400e-02   1.3496400e-02
  -1.9315000e-02   6.8276999e-03
  -1.7863300e-02   9.2892498e-04
  -1.4496200e-02  -3.1082399e-03
  -1.0417000e-02  -4.7296899e-03
  -6.9180098e-03  -4.0340999e-03
  -5.0599599e-03  -1.7280900e-03
  -5.4139599e-03   1.0637900e-03
  -7.9266298e-03   3.0853899e-03
  -1.1936900e-02   3.2614399e-03
  -1.6336400e-02   9.6202198e-04
  -1.9832900e-02  -3.8414199e-03
  -2.1252400e-02  -1.0561800e-02
  -1.9809200e-02  -1.8123200e-02
  -1.5284700e-02  -2.5195099e-02
  -8.0760998e-03  -3.0478699e-02
   8.9012398e-04  -3.2978699e-02
   1.0355500e-02  -3.2200999e-02
   1.8989500e-02  -2.8236999e-02
   2.5652899e-02  -2.1721700e-02
   2.9606699e-02  -1.3681200e-02
   3.0625899e-02  -5.3091899e-03
   2.9000199e-02   2.2739499e-03
   2.5429499e-02   8.2291098e-03
   2.0845000e-02   1.2130300e-02
   1.6200100e-02   1.4000200e-02
   1.2277700e-02   1.4250200e-02
   9.5526698e-03   1.3547400e-02
   8.1322598e-03   1.2644400e-02
   7.7788098e-03   1.2209800e-02
   7.9993098e-03   1.2696500e-02
   8.1754998e-03   1.4268600e-02
   7.7027498e-03   1.6793200e-02
   6.1087699e-03   1.9890500e-02
   3.1326099e-03   2.3021999e-02
  -1.2438800e-03   2.5594099e-02
  -6.8083698e-03   2.7054999e-02
  -1.3162400e-02   2.6970599e-02
  -1.9782400e-02   2.5071599e-02
  -2.6084399e-02   2.1274500e-02
  -3.1482999e-02   1.5682700e-02
  -3.5441799e-02   8.5739598e-03
  -3.7518099e-02   3.8128699e-04
  -3.7403199e-02  -8.3330798e-03
  -3.4961999e-02  -1.6913400e-02
  -3.0266699e-02  -2.4660299e-02
  -2.3620099e-02  -3.0898999e-02
  -1.5553800e-02  -3.5061499e-02
  -6.7931698e-03  -3.6776099e-02
   1.8169000e-03  -3.5945599e-02
   9.4241098e-03  -3.2795699e-02
   1.5303200e-02  -2.7873599e-02
   1.8990000e-02  -2.1986999e-02
   2.0385200e-02  -1.6081100e-02
   1.9800400e-02  -1.1072700e-02
   1.7925200e-02  -7.6674098e-03
   1.5711500e-02  -6.1994799e-03
   1.4188900e-02  -6.5320398e-03
   1.4242200e-02  -8.0482398e-03
   1.6396100e-02  -9.7461698e-03
   2.0656000e-02  -1.0428900e-02
   2.6445399e-02  -8.9579998e-03
   3.2665199e-02  -4.5215899e-03
   3.7872599e-02   3.1403499e-03
   4.0554099e-02   1.3606800e-02
   3.9440899e-02   2.5779299e-02
   3.3802599e-02   3.8029699e-02
   2.3656499e-02   4.8471399e-02
   9.8390198e-03   5.5308599e-02
  -6.0833399e-03   5.7193199e-02
  -2.2057999e-02   5.3517899e-02
  -3.5902899e-02   4.4579499e-02
  -4.5709999e-02   3.1571599e-02
  -5.0215299e-02   1.6399000e-02
  -4.9057699e-02   1.3430500e-03
  -4.2869999e-02  -1.1361300e-02
  -3.3175799e-02  -1.9953700e-02
  -2.2106399e-02  -2.3496499e-02
  -1.1987800e-02  -2.2068499e-02
  -4.8772699e-03  -1.6760700e-02
  -2.1412199e-03  -9.4682798e-03
  -4.1605899e-03  -2.5139299e-03
  -1.0227200e-02   1.8262700e-03
  -1.8657800e-02   1.8027400e-03
  -2.7109699e-02  -3.4181199e-03
  -3.3041499e-02  -1.3535600e-02
  -3.4231899e-02  -2.7116699e-02
  -2.9255499e-02  -4.1824899e-02
  -1.7820600e-02  -5.4839299e-02
  -8.9700598e-04  -6.3387298e-02
   1.9397400e-02  -6.5291198e-02
   4.0138799e-02  -5.9422999e-02
   5.8110199e-02  -4.5975599e-02
   7.0390498e-02  -2.6491999e-02
   7.4912298e-02  -3.6373999e-03
   7.0877098e-02   1.9250400e-02
   5.8945399e-02   3.8755199e-02
   4.1156299e-02   5.2011999e-02
   2.0582299e-02   5.7253099e-02
   7.7516798e-04   5.4162899e-02
  -1.4897500e-02   4.3965499e-02
  -2.3902399e-02   2.9218499e-02
  -2.5050099e-02   1.3340300e-02
  -1.8759000e-02  -4.6645199e-05
  -7.0122298e-03  -7.8378498e-03
   6.9984198e-03  -8.0930098e-03
   1.9485100e-02  -4.7642299e-04
   2.6823299e-02   1.3606200e-02
   2.6313999e-02   3.1217199e-02
   1.6795100e-02   4.8416999e-02
  -1.0283600e-03   6.1026498e-02
  -2.4617399e-02   6.5477498e-02
  -5.0008099e-02   5.9585099e-02
  -7.2533298e-02   4.3079299e-02
  -8.7726698e-02   1.7775700e-02
  -9.2233598e-02  -1.2670900e-02
  -8.4542498e-02  -4.3399199e-02
  -6.5376598e-02  -6.9251198e-02
  -3.7648899e-02  -8.5785298e-02
  -5.9677498e-03  -9.0188298e-02
   2.4224399e-02  -8.1891298e-02
   4.7717899e-02  -6.2750398e-02
   6.0592798e-02  -3.6732799e-02
   6.1045698e-02  -9.1557498e-03
   4.9802199e-02   1.4380200e-02
   3.0012699e-02   2.9150599e-02
   6.6343198e-03   3.2315299e-02
  -1.4587000e-02   2.3557899e-02
  -2.8331299e-02   5.2048399e-03
  -3.0862199e-02  -1.8216000e-02
  -2.0876499e-02  -4.0901399e-02
   1.4521800e-04  -5.6998099e-02
   2.8178099e-02  -6.1872898e-02
   5.7446699e-02  -5.3153199e-02
   8.1615298e-02  -3.1308099e-02
   9.5128398e-02   3.6668099e-04
   9.4413898e-02   3.6370599e-02
   7.8686598e-02   7.0104898e-02
   5.0170999e-02   9.5232898e-02
   1.3686700e-02   1.0700500e-01
  -2.4323399e-02   1.0326200e-01
  -5.7117599e-02   8.4896098e-02
  -7.9048398e-02   5.5664299e-02
  -8.6725998e-02   2.1397299e-02
  -7.9697198e-02  -1.1233500e-02
  -6.0496498e-02  -3.6119899e-02
  -3.4058899e-02  -4.8986999e-02
  -6.6258398e-03  -4.8257099e-02
   1.5612200e-02  -3.5322899e-02
   2.7840499e-02  -1.4176700e-02
   2.7624099e-02   9.5121398e-03
   1.5377700e-02   2.9664099e-02
  -5.7895098e-03   4.1117299e-02
  -3.0807899e-02   4.0725899e-02
  -5.3785299e-02   2.7996599e-02
  -6.9291798e-02   5.1367499e-03
  -7.3507098e-02  -2.3478499e-02
  -6.4987198e-02  -5.2284499e-02
  -4.4898099e-02  -7.5724298e-02
  -1.6688500e-02  -8.9395698e-02
   1.4703700e-02  -9.0905298e-02
   4.3917199e-02  -8.0258898e-02
   6.6261298e-02  -5.9731398e-02
   7.8603698e-02  -3.3274799e-02
   7.9875998e-02  -5.6203899e-03
   7.1115998e-02   1.8709700e-02
   5.5075799e-02   3.6266299e-02
   3.5515399e-02   4.5238099e-02
   1.6361400e-02   4.5626299e-02
   9.2360998e-04   3.9032099e-02
  -8.6713198e-03   2.8144499e-02
  -1.1735600e-02   1.6073800e-02
  -8.9516798e-03   5.6917098e-03
  -2.0407099e-03  -8.8325998e-04
   6.7202298e-03  -2.5689799e-03
   1.5004200e-02   6.4719698e-04
   2.0852899e-02   7.8843198e-03
   2.2938199e-02   1.7669900e-02
   2.0652399e-02   2.8273199e-02
   1.4056700e-02   3.7991499e-02
   3.7484699e-03   4.5343699e-02
  -9.2886797e-03   4.9170899e-02
  -2.3807199e-02   4.8671399e-02
  -3.8377199e-02   4.3418299e-02
  -5.1445099e-02   3.3393599e-02
  -6.1410598e-02   1.9053799e-02
  -6.6759498e-02   1.4039100e-03
  -6.6270998e-02  -1.7966700e-02
  -5.9281698e-02  -3.6945699e-02
  -4.5949399e-02  -5.3100199e-02
  -2.7433699e-02  -6.4025798e-02
  -5.9098098e-03  -6.7802798e-02
   1.5645600e-02  -6.3465498e-02
   3.3900199e-02  -5.1368499e-02
   4.5786399e-02  -3.3327799e-02
   4.9176499e-02  -1.2455300e-02
   4.3454199e-02   7.3294598e-03
   2.9826299e-02   2.2045399e-02
   1.1258800e-02   2.8510699e-02
  -7.9995498e-03   2.5127399e-02
  -2.3241799e-02   1.2391200e-02
  -3.0322199e-02  -7.0267798e-03
  -2.6646799e-02  -2.8690599e-02
  -1.1899800e-02  -4.7256099e-02
   1.1690700e-02  -5.7611498e-02
   3.9648899e-02  -5.6059998e-02
   6.6086298e-02  -4.1271299e-02
   8.4920798e-02  -1.4762800e-02
   9.1224897e-02   1.9232699e-02
   8.2399998e-02   5.4524398e-02
   5.8896298e-02   8.4207098e-02
   2.4287199e-02   1.0213500e-01
  -1.5350600e-02   1.0430000e-01
  -5.2644299e-02   8.9798897e-02
  -8.0469998e-02   6.1144998e-02
  -9.3499297e-02   2.3840399e-02
  -8.9398397e-02  -1.4732700e-02
  -6.9398798e-02  -4.6865299e-02
  -3.8093699e-02  -6.6185498e-02
  -2.4880099e-03  -6.9061598e-02
   2.9502099e-02  -5.5423698e-02
   5.0772199e-02  -2.8811199e-02
   5.6594498e-02   4.3775299e-03
   4.5672299e-02   3.6274899e-02
   2.0445099e-02   5.9268598e-02
  -1.3430400e-02   6.7679598e-02
  -4.8309799e-02   5.9020898e-02
  -7.6231098e-02   3.4554899e-02
  -9.0653497e-02  -9.7162197e-04
  -8.7881597e-02  -4.0355699e-02
  -6.7861798e-02  -7.5497098e-02
  -3.4180799e-02  -9.9141697e-02
   6.7247898e-03  -1.0642300e-01
   4.6963299e-02  -9.5871997e-02
   7.8873898e-02  -6.9671898e-02
   9.6629697e-02  -3.3134899e-02
   9.7412197e-02   6.4844198e-03
   8.1912998e-02   4.1555899e-02
   5.4075298e-02   6.5672598e-02
   2.0153899e-02   7.4937098e-02
  -1.2679200e-02   6.8668298e-02
  -3.7866199e-02   4.9399999e-02
  -5.0797999e-02   2.2201299e-02
  -4.9676099e-02  -6.5049198e-03
  -3.5740599e-02  -3.0349499e-02
  -1.2848600e-02  -4.4338099e-02
   1.3470500e-02  -4.5812099e-02
   3.7253299e-02  -3.4865699e-02
   5.3353598e-02  -1.4166900e-02
   5.8444098e-02   1.1740700e-02
   5.1577098e-02   3.7472399e-02
   3.4221099e-02   5.7933698e-02
   9.8069397e-03   6.9305898e-02
  -1.7079099e-02   6.9697898e-02
  -4.1661799e-02   5.9360898e-02
  -5.9889998e-02   4.0467299e-02
  -6.9121998e-02   1.6541600e-02
  -6.8471798e-02  -8.3038198e-03
  -5.8790698e-02  -3.0156399e-02
  -4.2335499e-02  -4.5959899e-02
  -2.2228999e-02  -5.3935298e-02
  -1.8439599e-03  -5.3723298e-02
   1.5765900e-02  -4.6268399e-02
   2.8297899e-02  -3.3511199e-02
   3.4449399e-02  -1.7975999e-02
   3.3982099e-02  -2.3402199e-03
   2.7634399e-02   1.0947700e-02
   1.6926399e-02   1.9963499e-02
   3.9068599e-03   2.3504499e-02
  -9.1254697e-03   2.1194199e-02
  -1.9904399e-02   1.3504400e-02
  -2.6472399e-02   1.7025299e-03
  -2.7440699e-02  -1.2279300e-02
  -2.2213599e-02  -2.6058699e-02
  -1.1146800e-02  -3.7102699e-02
   4.4020999e-03  -4.3097699e-02
   2.2169399e-02  -4.2349999e-02
   3.9252199e-02  -3.4154299e-02
   5.2536398e-02  -1.9048999e-02
   5.9237098e-02   1.1173200e-03
   5.7462398e-02   2.3363899e-02
   4.6685199e-02   4.4006599e-02
   2.8005599e-02   5.9290398e-02
   4.1155199e-03   6.6119398e-02
  -2.1072399e-02   6.2741398e-02
  -4.3091599e-02   4.9227798e-02
  -5.7777098e-02   2.7623199e-02
  -6.2139498e-02   1.6902399e-03
  -5.5069798e-02  -2.3732299e-02
  -3.7702399e-02  -4.3655799e-02
  -1.3325000e-02  -5.3972498e-02
   1.3179700e-02  -5.2372098e-02
   3.6274299e-02  -3.8932699e-02
   5.0908198e-02  -1.6233199e-02
   5.3620698e-02   1.1069800e-02
   4.3360699e-02   3.7139099e-02
   2.1823999e-02   5.6157898e-02
  -6.7899498e-03   6.3584298e-02
  -3.6578199e-02   5.7185398e-02
  -6.1140198e-02   3.7612999e-02
  -7.4939998e-02   8.3729397e-03
  -7.4530898e-02  -2.4827799e-02
  -5.9367798e-02  -5.5236398e-02
  -3.2013299e-02  -7.6473398e-02
   2.3247799e-03  -8.3911897e-02
   3.6843299e-02  -7.5712998e-02
   6.4564598e-02  -5.3279598e-02
   7.9823897e-02  -2.1017399e-02
   7.9500297e-02   1.4559000e-02
   6.3714298e-02   4.6191199e-02
   3.5833799e-02   6.7419898e-02
   1.7757199e-03   7.3970498e-02
  -3.1248099e-02   6.4677098e-02
  -5.6273398e-02   4.1737199e-02
  -6.8075698e-02   1.0239900e-02
  -6.4287998e-02  -2.2932999e-02
  -4.5897199e-02  -5.0592998e-02
  -1.7012099e-02  -6.6791898e-02
   1.6042999e-02  -6.8091898e-02
   4.6109499e-02  -5.4281998e-02
   6.6741698e-02  -2.8389099e-02
   7.3583798e-02   4.0132999e-03
   6.5273798e-02   3.6037399e-02
   4.3687299e-02   6.0979498e-02
   1.3475400e-02   7.3750698e-02
  -1.8987299e-02   7.1931398e-02
  -4.7003098e-02   5.6223898e-02
  -6.4986498e-02   3.0221199e-02
  -6.9619998e-02  -4.4183399e-04
  -6.0486098e-02  -2.9350999e-02
  -4.0053199e-02  -5.0702098e-02
  -1.3041600e-02  -6.0508098e-02
   1.4670900e-02  -5.7368398e-02
   3.7346199e-02  -4.2649599e-02
   5.0594498e-02  -2.0062399e-02
   5.2233598e-02   5.2449098e-03
   4.2629199e-02   2.7854899e-02
   2.4468399e-02   4.3242299e-02
   2.0474799e-03   4.8674498e-02
  -1.9741499e-02   4.3670199e-02
  -3.6483699e-02   2.9942299e-02
  -4.5134899e-02   1.0874100e-02
  -4.4551799e-02  -9.3243897e-03
  -3.5570499e-02  -2.6568399e-02
  -2.0652799e-02  -3.7740399e-02
  -3.2152399e-03  -4.1245999e-02
   1.3179000e-02  -3.7186199e-02
   2.5573899e-02  -2.7146699e-02
   3.2156299e-02  -1.3692000e-02
   3.2478099e-02   2.8927799e-04
   2.7353999e-02   1.2219600e-02
   1.8499599e-02   2.0307899e-02
   8.0324697e-03   2.3776599e-02
  -2.0274099e-03   2.2826999e-02
  -1.0137600e-02   1.8393999e-02
  -1.5422899e-02   1.1790800e-02
  -1.7664899e-02   4.3532399e-03
  -1.7138199e-02  -2.8194099e-03
  -1.4376200e-02  -8.9787197e-03
  -9.9580097e-03  -1.3697900e-02
  -4.3836799e-03  -1.6748699e-02
   1.9329099e-03  -1.7959499e-02
   8.5759197e-03  -1.7129499e-02
   1.5002699e-02  -1.4043900e-02
   2.0457699e-02  -8.5957197e-03
   2.3990299e-02  -9.6771597e-04
   2.4603899e-02   8.1988797e-03
   2.1517599e-02   1.7733999e-02
   1.4470100e-02   2.6027999e-02
   3.9700299e-03   3.1298499e-02
  -8.6069697e-03   3.1991399e-02
  -2.1142899e-02   2.7225899e-02
  -3.1133699e-02   1.7158299e-02
  -3.6222099e-02   3.1448399e-03
  -3.4789599e-02  -1.2376800e-02
  -2.6457999e-02  -2.6301899e-02
  -1.2353900e-02  -3.5502299e-02
   4.9643698e-03  -3.7563699e-02
   2.1941499e-02  -3.1438999e-02
   3.4752499e-02  -1.7843899e-02
   4.0173299e-02   7.3378297e-04
   3.6391499e-02   2.0449199e-02
   2.3553399e-02   3.6879799e-02
   3.8909299e-03   4.6007698e-02
  -1.8636799e-02   4.5184298e-02
  -3.9136399e-02   3.3842399e-02
  -5.2847298e-02   1.3766900e-02
  -5.6246898e-02  -1.1168100e-02
  -4.7931198e-02  -3.5767699e-02
  -2.9050399e-02  -5.4634098e-02
  -3.1733999e-03  -6.3389398e-02
   2.4415999e-02  -5.9719298e-02
   4.7850098e-02  -4.3984798e-02
   6.1987798e-02  -1.9239999e-02
   6.3606198e-02   9.3707697e-03
   5.2188598e-02   3.5717199e-02
   3.0113999e-02   5.4047598e-02
   2.1853999e-03   6.0302898e-02
  -2.5410899e-02   5.3073598e-02
  -4.6485698e-02   3.3968799e-02
  -5.6254998e-02   7.2985197e-03
  -5.2449198e-02  -2.0869699e-02
  -3.5860199e-02  -4.4071298e-02
  -1.0194200e-02  -5.6913498e-02
   1.8747299e-02  -5.6313698e-02
   4.4373098e-02  -4.2218299e-02
   6.0797798e-02  -1.7631899e-02
   6.4182098e-02   1.2054100e-02
   5.3607998e-02   4.0281199e-02
   3.1284999e-02   6.0810798e-02
   2.0418999e-03   6.9134798e-02
  -2.7779399e-02   6.3485998e-02
  -5.1767898e-02   4.5214298e-02
  -6.4891598e-02   1.8448999e-02
  -6.4614298e-02  -1.0872000e-02
  -5.1427898e-02  -3.6372499e-02
  -2.8682999e-02  -5.2688698e-02
  -1.7683399e-03  -5.6661898e-02
   2.3161099e-02  -4.8003698e-02
   4.0605099e-02  -2.9287199e-02
   4.6955798e-02  -5.2804498e-03
   4.1268399e-02   1.8208699e-02
   2.5397199e-02   3.5697799e-02
   3.4807299e-03   4.3280698e-02
  -1.9086699e-02   3.9477499e-02
  -3.6943199e-02   2.5494899e-02
  -4.5997398e-02   4.8539598e-03
  -4.4329998e-02  -1.7507199e-02
  -3.2555799e-02  -3.6429399e-02
  -1.3582400e-02  -4.7735298e-02
   8.1585097e-03  -4.9155498e-02
   2.7804899e-02  -4.0769699e-02
   4.1211599e-02  -2.4878399e-02
   4.5877698e-02  -5.3570198e-03
   4.1441499e-02   1.3330900e-02
   2.9644799e-02   2.7210999e-02
   1.3798099e-02   3.3704899e-02
  -2.1015699e-03   3.2153499e-02
  -1.4369099e-02   2.3852099e-02
  -2.0499699e-02   1.1608200e-02
  -1.9700099e-02  -1.0428800e-03
  -1.2968900e-02  -1.0757700e-02
  -2.7288799e-03  -1.5203599e-02
   7.8750697e-03  -1.3579100e-02
   1.5820099e-02  -6.7204498e-03
   1.8971899e-02   3.2129699e-03
   1.6583099e-02   1.3373900e-02
   9.4088997e-03   2.1005899e-02
  -5.7257898e-04   2.4158299e-02
  -1.0744800e-02   2.2156699e-02
  -1.8577199e-02   1.5715399e-02
  -2.2294899e-02   6.6779398e-03
  -2.1317599e-02  -2.5328499e-03
  -1.6361399e-02  -9.5977296e-03
  -9.1854297e-03  -1.2931700e-02
  -2.0626199e-03  -1.2094200e-02
   2.8758799e-03  -7.8730697e-03
   4.2428498e-03  -2.0281399e-03
   1.7802699e-03   3.2325299e-03
  -3.5745299e-03   5.8956498e-03
  -9.9577596e-03   4.7293398e-03
  -1.5108499e-02  -3.4724999e-04
  -1.7014499e-02  -8.2128397e-03
  -1.4497899e-02  -1.6827299e-02
  -7.5823697e-03  -2.3775599e-02
   2.4626799e-03  -2.6928199e-02
   1.3417099e-02  -2.5041599e-02
   2.2671299e-02  -1.8135999e-02
   2.7910199e-02  -7.5449697e-03
   2.7739199e-02   4.3841398e-03
   2.2086499e-02   1.4867199e-02
   1.2270600e-02   2.1393399e-02
   7.0592097e-04   2.2385699e-02
  -9.6850696e-03   1.7638699e-02
  -1.6207999e-02   8.4149297e-03
  -1.7096399e-02  -2.8337699e-03
  -1.1993300e-02  -1.3057400e-02
  -2.0881099e-03  -1.9368799e-02
   1.0136200e-02  -1.9784699e-02
   2.1489699e-02  -1.3759399e-02
   2.8856099e-02  -2.3716999e-03
   2.9977299e-02   1.1890000e-02
   2.4043999e-02   2.5699499e-02
   1.1943700e-02   3.5687199e-02
  -3.9049199e-03   3.9264599e-02
  -2.0095999e-02   3.5276799e-02
  -3.3034499e-02   2.4318499e-02
  -3.9795098e-02   8.6307497e-03
  -3.8835599e-02  -8.4021997e-03
  -3.0386299e-02  -2.3041599e-02
  -1.6419199e-02  -3.2078799e-02
  -1.9689699e-04  -3.3603499e-02
   1.4492399e-02  -2.7468799e-02
   2.4233799e-02  -1.5337499e-02
   2.6802699e-02  -2.9449899e-04
   2.1701399e-02   1.3883899e-02
   1.0285900e-02   2.3631699e-02
  -4.5505798e-03   2.6449499e-02
  -1.9064799e-02   2.1509499e-02
  -2.9557099e-02   9.8637496e-03
  -3.3258599e-02  -5.7969898e-03
  -2.9000199e-02  -2.1776799e-02
  -1.7501199e-02  -3.4250799e-02
  -1.2092900e-03  -4.0174998e-02
   1.6271799e-02  -3.8011999e-02
   3.1030899e-02  -2.8100599e-02
   3.9771098e-02  -1.2579000e-02
   4.0586198e-02   5.1180598e-03
   3.3406199e-02   2.1069399e-02
   2.0006599e-02   3.1791099e-02
   3.5807299e-03   3.5053199e-02
  -1.2023200e-02   3.0396199e-02
  -2.3215499e-02   1.9224899e-02
  -2.7513299e-02   4.4588798e-03
  -2.4120099e-02  -1.0174800e-02
  -1.4100399e-02  -2.1037399e-02
  -1.1021600e-04  -2.5446899e-02
   1.4250799e-02  -2.2314599e-02
   2.5308799e-02  -1.2396100e-02
   3.0198599e-02   1.8984099e-03
   2.7548499e-02   1.7088999e-02
   1.7805399e-02   2.9463199e-02
   3.1242199e-03   3.5965799e-02
  -1.3149899e-02   3.4927099e-02
  -2.7281399e-02   2.6458199e-02
  -3.6032999e-02   1.2420200e-02
  -3.7432099e-02  -4.0232898e-03
  -3.1232199e-02  -1.9161099e-02
  -1.8962099e-02  -2.9615299e-02
  -3.5517499e-03  -3.3138599e-02
   1.1371000e-02  -2.9136799e-02
   2.2346099e-02  -1.8796399e-02
   2.6900599e-02  -4.7871498e-03
   2.4127899e-02   9.3850996e-03
   1.4890599e-02   2.0220599e-02
   1.6007299e-03   2.5060299e-02
  -1.2366300e-02   2.2715099e-02
  -2.3484299e-02   1.3741599e-02
  -2.8918599e-02   3.0110499e-04
  -2.7200599e-02  -1.4362199e-02
  -1.8573299e-02  -2.6696799e-02
  -4.9294998e-03  -3.3688099e-02
   1.0639700e-02  -3.3571399e-02
   2.4577799e-02  -2.6245299e-02
   3.3700299e-02  -1.3290799e-02
   3.5940299e-02   2.4061099e-03
   3.0825799e-02   1.7335499e-02
   1.9579799e-02   2.8185599e-02
   4.8220898e-03   3.2612299e-02
  -1.0051400e-02   2.9774599e-02
  -2.1665499e-02   2.0514399e-02
  -2.7448799e-02   7.1420697e-03
  -2.6219899e-02  -7.1178697e-03
  -1.8443899e-02  -1.8886799e-02
  -6.1020598e-03  -2.5417799e-02
   7.7885197e-03  -2.5224099e-02
   1.9888799e-02  -1.8406399e-02
   2.7315399e-02  -6.6065597e-03
   2.8300899e-02   7.3933297e-03
   2.2584999e-02   2.0329999e-02
   1.1451600e-02   2.9216999e-02
  -2.5900299e-03   3.2025499e-02
  -1.6400499e-02   2.8132199e-02
  -2.6937299e-02   1.8435499e-02
  -3.1943799e-02   5.1208598e-03
  -3.0444099e-02  -8.8618496e-03
  -2.2932399e-02  -2.0483199e-02
  -1.1223800e-02  -2.7319099e-02
   1.9910799e-03  -2.8078599e-02
   1.3776999e-02  -2.2860199e-02
   2.1620499e-02  -1.3083999e-02
   2.3978599e-02  -1.1279800e-03
   2.0589099e-02   1.0239700e-02
   1.2479499e-02   1.8495299e-02
   1.6857299e-03   2.1914399e-02
  -9.2462496e-03   1.9923399e-02
  -1.7850999e-02   1.3176599e-02
  -2.2289699e-02   3.3540699e-03
  -2.1729499e-02  -7.2624197e-03
  -1.6476899e-02  -1.6326599e-02
