   2.0000000e+00  -3.3306700e-16
   1.9515800e+00   4.2284100e-01
   1.8149300e+00   8.2520800e-01
   1.5965300e+00   1.1889400e+00
   1.3065100e+00   1.4977000e+00
   9.5823100e-01   1.7376600e+00
   5.6765500e-01   1.8981800e+00
   1.5259800e-01   1.9722300e+00
  -2.6806800e-01   1.9567500e+00
  -6.7527400e-01   1.8527000e+00
  -1.0506200e+00   1.6650800e+00
  -1.3772200e+00   1.4026400e+00
  -1.6404200e+00   1.0775100e+00
  -1.8285100e+00   7.0460300e-01
  -1.9332100e+00   3.0095900e-01
  -1.9500400e+00  -1.1504900e-01
  -1.8785000e+00  -5.2454100e-01
  -1.7221200e+00  -9.0899500e-01
  -1.4882500e+00  -1.2510800e+00
  -1.1877100e+00  -1.5354400e+00
  -8.3433500e-01  -1.7493700e+00
  -4.4428200e-01  -1.8834100e+00
  -3.5334200e-02  -1.9317400e+00
   3.7393100e-01  -1.8924400e+00
   7.6498000e-01  -1.7675700e+00
   1.1201600e+00  -1.5630400e+00
   1.4235000e+00  -1.2883800e+00
   1.6614200e+00  -9.5622700e-01
   1.8233700e+00  -5.8181700e-01
   1.9022300e+00  -1.8223300e-01
   1.8947000e+00   2.2434900e-01
   1.8014000e+00   6.1949600e-01
   1.6268100e+00   9.8535000e-01
   1.3791000e+00   1.3054400e+00
   1.0697200e+00   1.5654000e+00
   7.1286000e-01   1.7536600e+00
   3.2484100e-01   1.8619200e+00
  -7.6670600e-02   1.8855200e+00
  -4.7345100e-01   1.8236600e+00
  -8.4754700e-01   1.6794100e+00
  -1.1820900e+00   1.4595600e+00
  -1.4620500e+00   1.1743000e+00
  -1.6749200e+00   8.3676600e-01
  -1.8112800e+00   4.6239400e-01
  -1.8651900e+00   6.8256600e-02
  -1.8344600e+00  -3.2773500e-01
  -1.7207600e+00  -7.0764400e-01
  -1.5294900e+00  -1.0543200e+00
  -1.2695500e+00  -1.3521500e+00
  -9.5294400e-01  -1.5878300e+00
  -5.9417300e-01  -1.7508600e+00
  -2.0962100e-01  -1.8340900e+00
   1.8321800e-01  -1.8340000e+00
   5.6652800e-01  -1.7508600e+00
   9.2298000e-01  -1.5887000e+00
   1.2365200e+00  -1.3551000e+00
   1.4930800e+00  -1.0608600e+00
   1.6812200e+00  -7.1951300e-01
   1.7926300e+00  -3.4665000e-01
   1.8225200e+00   4.0742300e-02
   1.7697800e+00   4.2507400e-01
   1.6370700e+00   7.8895100e-01
   1.4306300e+00   1.1159600e+00
   1.1600600e+00   1.3914100e+00
   8.3779900e-01   1.6029800e+00
   4.7861300e-01   1.7413000e+00
   9.8879600e-02   1.8003300e+00
  -2.8414100e-01   1.7776500e+00
  -6.5309200e-01   1.6745300e+00
  -9.9131100e-01   1.4959200e+00
  -1.2835800e+00   1.2501100e+00
  -1.5168000e+00   9.4847400e-01
  -1.6806100e+00   6.0482800e-01
  -1.7677900e+00   2.3487000e-01
  -1.7746500e+00  -1.4456400e-01
  -1.7011200e+00  -5.1626000e-01
  -1.5507800e+00  -8.6341200e-01
  -1.3307000e+00  -1.1703800e+00
  -1.0510400e+00  -1.4233800e+00
  -7.2465900e-01  -1.6111300e+00
  -3.6649000e-01  -1.7253300e+00
   7.1531500e-03  -1.7610400e+00
   3.7930000e-01  -1.7168900e+00
   7.3310300e-01  -1.5951300e+00
   1.0526000e+00  -1.4015200e+00
   1.3234200e+00  -1.1450500e+00
   1.5334700e+00  -8.3752600e-01
   1.6734100e+00  -4.9304200e-01
   1.7371400e+00  -1.2731100e-01
   1.7220000e+00   2.4303700e-01
   1.6289200e+00   6.0121900e-01
   1.4623800e+00   9.3105000e-01
   1.2301300e+00   1.2176900e+00
   9.4290100e-01   1.4482800e+00
   6.1387700e-01   1.6125600e+00
   2.5808600e-01   1.7033100e+00
  -1.0827700e-01   1.7166300e+00
  -4.6858700e-01   1.6521800e+00
  -8.0654700e-01   1.5131100e+00
  -1.1069200e+00   1.3059600e+00
  -1.3562300e+00   1.0403100e+00
  -1.5433400e+00   7.2839100e-01
  -1.6599700e+00   3.8446300e-01
  -1.7010600e+00   2.4203400e-02
  -1.6650000e+00  -3.3602200e-01
  -1.5536400e+00  -6.7990200e-01
  -1.3722800e+00  -9.9191300e-01
  -1.1293500e+00  -1.2580300e+00
  -8.3603400e-01  -1.4663400e+00
  -5.0578000e-01  -1.6075900e+00
  -1.5365700e-01  -1.6756000e+00
   2.0432000e-01  -1.6675200e+00
   5.5192100e-01  -1.5839500e+00
   8.7343900e-01  -1.4289200e+00
   1.1543900e+00  -1.2096600e+00
   1.3821900e+00  -9.3630800e-01
   1.5466800e+00  -6.2141500e-01
   1.6406200e+00  -2.7937000e-01
   1.6599600e+00   7.4253700e-02
   1.6040700e+00   4.2340600e-01
   1.4757200e+00   7.5228900e-01
   1.2809400e+00   1.0460700e+00
   1.0287700e+00   1.2915600e+00
   7.3079900e-01   1.4778000e+00
   4.0066900e-01   1.5965200e+00
   5.3430300e-02   1.6425800e+00
  -2.9513900e-01   1.6141100e+00
  -6.2924900e-01   1.5126300e+00
  -9.3381600e-01   1.3429700e+00
  -1.1951400e+00   1.1130300e+00
  -1.4015200e+00   8.3340700e-01
  -1.5437900e+00   5.1691900e-01
  -1.6157000e+00   1.7801600e-01
  -1.6142200e+00  -1.6788700e-01
  -1.5396400e+00  -5.0510100e-01
  -1.3955800e+00  -8.1838500e-01
  -1.1887700e+00  -1.0936300e+00
  -9.2877200e-01  -1.3184800e+00
  -6.2753300e-01  -1.4829200e+00
  -2.9882000e-01  -1.5796900e+00
   4.2392800e-02  -1.6046200e+00
   3.8061600e-01  -1.5568100e+00
   7.0054200e-01  -1.4386500e+00
   9.8774100e-01  -1.2557100e+00
   1.2293100e+00  -1.0164800e+00
   1.4144500e+00  -7.3196600e-01
   1.5349600e+00  -4.1520000e-01
   1.5855800e+00  -8.0626400e-02
   1.5642400e+00   2.5654900e-01
   1.4721200e+00   5.8105000e-01
   1.3136400e+00   8.7821900e-01
   1.0961600e+00   1.1346900e+00
   8.2972500e-01   1.3389700e+00
   5.2655200e-01   1.4819700e+00
   2.0048500e-01   1.5574100e+00
  -1.3363800e-01   1.5620900e+00
  -4.6066200e-01   1.4960200e+00
  -7.6579800e-01   1.3624100e+00
  -1.0353000e+00   1.1675200e+00
  -1.2570700e+00   9.2036800e-01
  -1.4212200e+00   6.3231500e-01
  -1.5205000e+00   3.1653100e-01
  -1.5506100e+00  -1.2597000e-02
  -1.5104000e+00  -3.4012200e-01
  -1.4019200e+00  -6.5121700e-01
  -1.2303000e+00  -9.3184600e-01
  -1.0035000e+00  -1.1694000e+00
  -7.3197400e-01  -1.3532500e+00
  -4.2814800e-01  -1.4752400e+00
  -1.0588700e-01  -1.5300400e+00
   2.2015800e-01  -1.5153800e+00
   5.3521100e-01  -1.4321500e+00
   8.2503900e-01  -1.2843200e+00
   1.0766000e+00  -1.0788000e+00
   1.2786100e+00  -8.2506300e-01
   1.4220900e+00  -5.3476300e-01
   1.5007200e+00  -2.2115800e-01
   1.5111400e+00   1.0148000e-01
   1.4531000e+00   4.1850900e-01
   1.3294400e+00   7.1559300e-01
   1.1459600e+00   9.7933900e-01
   9.1116600e-01   1.1979100e+00
   6.3584300e-01   1.3615500e+00
   3.3259100e-01   1.4630100e+00
   1.5227600e-02   1.4979100e+00
  -3.0182900e-01   1.4648600e+00
  -6.0422400e-01   1.3655800e+00
  -8.7830700e-01   1.2047800e+00
  -1.1117600e+00   9.8991500e-01
  -1.2941300e+00   7.3090000e-01
  -1.4173200e+00   4.3959900e-01
  -1.4759500e+00   1.2930500e-01
  -1.4675500e+00  -1.8587200e-01
  -1.3927300e+00  -4.9164300e-01
  -1.2550600e+00  -7.7419100e-01
  -1.0610000e+00  -1.0207900e+00
  -8.1949400e-01  -1.2204000e+00
  -5.4163700e-01  -1.3641100e+00
  -2.4012300e-01  -1.4455900e+00
   7.1318800e-02  -1.4613600e+00
   3.7855400e-01  -1.4109000e+00
   6.6768300e-01  -1.2967100e+00
   9.2566900e-01  -1.1241500e+00
   1.1409300e+00  -9.0123200e-01
   1.3038400e+00  -6.3819700e-01
   1.4072000e+00  -3.4708700e-01
   1.4465200e+00  -4.1171600e-02
   1.4202000e+00   2.6564800e-01
   1.3296500e+00   5.5947600e-01
   1.1791800e+00   8.2704700e-01
   9.7577200e-01   1.0563300e+00
   7.2881900e-01   1.2370500e+00
   4.4963600e-01   1.3611900e+00
   1.5096800e-01   1.4232900e+00
  -1.5360100e-01   1.4207500e+00
  -4.5025800e-01   1.3538800e+00
  -7.2559500e-01   1.2259100e+00
  -9.6721000e-01   1.0428200e+00
  -1.1642700e+00   8.1308700e-01
  -1.3079800e+00   5.4725100e-01
  -1.3920200e+00   2.5746700e-01
  -1.4127500e+00  -4.3066700e-02
  -1.3694400e+00  -3.4070800e-01
  -1.2642500e+00  -6.2198700e-01
  -1.1021400e+00  -8.7421700e-01
  -8.9063100e-01  -1.0860700e+00
  -6.3945200e-01  -1.2480700e+00
  -3.6010200e-01  -1.3530500e+00
  -6.5322200e-02  -1.3964200e+00
   2.3149100e-01  -1.3764200e+00
   5.1689100e-01  -1.2941600e+00
   7.7798800e-01  -1.1535400e+00
   1.0030400e+00  -9.6113200e-01
   1.1819500e+00  -7.2580100e-01
   1.3067900e+00  -4.5833900e-01
   1.3720500e+00  -1.7096100e-01
   1.3749800e+00   1.2325800e-01
   1.3156300e+00   4.1097200e-01
   1.1968900e+00   6.7917300e-01
   1.0243200e+00   9.1577700e-01
   8.0590600e-01   1.1101700e+00
   5.5168200e-01   1.2536700e+00
   2.7327300e-01   1.3399600e+00
  -1.6637700e-02   1.3652900e+00
  -3.0488600e-01   1.3287200e+00
  -5.7842300e-01   1.2320900e+00
  -8.2490900e-01   1.0799700e+00
  -1.0332700e+00   8.7942300e-01
  -1.1941800e+00   6.3967800e-01
  -1.3005100e+00   3.7171700e-01
  -1.3476100e+00   8.7763600e-02
  -1.3335400e+00  -1.9927300e-01
  -1.2591200e+00  -4.7638600e-01
  -1.1279200e+00  -7.3105600e-01
  -9.4605100e-01  -9.5182200e-01
  -7.2191200e-01  -1.1287900e+00
  -4.6578400e-01  -1.2540900e+00
  -1.8936600e-01  -1.3222000e+00
   9.4759600e-02  -1.3302300e+00
   3.7370300e-01  -1.2779900e+00
   6.3484800e-01  -1.1680400e+00
   8.6642600e-01  -1.0055400e+00
   1.0580400e+00  -7.9801500e-01
   1.2011400e+00  -5.5500300e-01
   1.2894000e+00  -2.8762000e-01
   1.3189900e+00  -8.0508600e-03
   1.2887600e+00   2.7100600e-01
   1.2002600e+00   5.3691500e-01
   1.0576900e+00   7.7767600e-01
   8.6766400e-01   9.8246500e-01
   6.3894400e-01   1.1421200e+00
   3.8200700e-01   1.2495500e+00
   1.0857700e-01   1.3000700e+00
  -1.6891300e-01   1.2915500e+00
  -4.3788300e-01   1.2245700e+00
  -6.8617900e-01   1.1023400e+00
  -9.0262400e-01   9.3057900e-01
  -1.0775100e+00   7.1721600e-01
  -1.2030600e+00   4.7204300e-01
  -1.2737300e+00   2.0626300e-01
  -1.2865000e+00  -6.8024300e-02
  -1.2409700e+00  -3.3837100e-01
  -1.1393900e+00  -5.9254600e-01
  -9.8653000e-01  -8.1909100e-01
  -7.8947200e-01  -1.0078300e+00
  -5.5728200e-01  -1.1503400e+00
  -3.0058400e-01  -1.2403100e+00
  -3.1078800e-02  -1.2738300e+00
   2.3898800e-01  -1.2495600e+00
   4.9738600e-01  -1.1687800e+00
   7.3244900e-01  -1.0353300e+00
   9.3360500e-01  -8.5540900e-01
   1.0918500e+00  -6.3731500e-01
   1.2001600e+00  -3.9104500e-01
   1.2537800e+00  -1.2783900e-01
   1.2504500e+00   1.4033000e-01
   1.1905100e+00   4.0130400e-01
   1.0768400e+00   6.4328600e-01
   9.1476600e-01   8.5537800e-01
   7.1177500e-01   1.0280700e+00
   4.7718800e-01   1.1536600e+00
   2.2172700e-01   1.2266200e+00
  -4.2973900e-02   1.2438000e+00
  -3.0489800e-01   1.2046000e+00
  -5.5219300e-01   1.1109700e+00
  -7.7370700e-01   9.6733100e-01
  -9.5948900e-01   7.8033400e-01
  -1.1012400e+00   5.5858600e-01
  -1.1926700e+00   3.1223800e-01
  -1.2298100e+00   5.2523100e-02
  -1.2111400e+00  -2.0875600e-01
  -1.1376800e+00  -4.5976100e-01
  -1.0129400e+00  -6.8916000e-01
  -8.4270900e-01  -8.8663000e-01
  -6.3485500e-01  -1.0433300e+00
  -3.9890300e-01  -1.1522900e+00
  -1.4562700e-01  -1.2087300e+00
   1.1344900e-01  -1.2102500e+00
   3.6657500e-01  -1.1569700e+00
   6.0230600e-01  -1.0514600e+00
   8.1002300e-01  -8.9865900e-01
   9.8040700e-01  -7.0564600e-01
   1.1058600e+00  -4.8128400e-01
   1.1808400e+00  -2.3583000e-01
   1.2021100e+00   1.9532900e-02
   1.1688800e+00   2.7321000e-01
   1.0828100e+00   5.1372000e-01
   9.4798700e-01   7.3021100e-01
   7.7065400e-01   9.1295600e-01
   5.5897800e-01   1.0537800e+00
   3.2265300e-01   1.1464500e+00
   7.2457700e-02   1.1869100e+00
  -1.8023400e-01   1.1734900e+00
  -4.2397100e-01   1.1069800e+00
  -6.4774400e-01   9.9054000e-01
  -8.4148200e-01   8.2961200e-01
  -9.9650600e-01   6.3162000e-01
  -1.1059200e+00   4.0564600e-01
  -1.1649000e+00   1.6201200e-01
  -1.1709500e+00  -8.8195400e-02
  -1.1239600e+00  -3.3362400e-01
  -1.0262100e+00  -5.6317400e-01
  -8.8229900e-01  -7.6650200e-01
  -6.9888400e-01  -9.3448000e-01
  -4.8439500e-01  -1.0596100e+00
  -2.4864400e-01  -1.1363700e+00
  -2.3714700e-03  -1.1614300e+00
   2.4323500e-01  -1.1338100e+00
   4.7705700e-01  -1.0549300e+00
   6.8854200e-01  -9.2853400e-01
   8.6818300e-01  -7.6048100e-01
   1.0079500e+00  -5.5851800e-01
   1.1016200e+00  -3.3189500e-01
   1.1451200e+00  -9.0954100e-02
   1.1366300e+00   1.5335000e-01
   1.0766900e+00   3.8994400e-01
   9.6817800e-01   6.0813700e-01
   8.1616500e-01   7.9810600e-01
   6.2766900e-01   9.5133800e-01
   4.1134100e-01   1.0610100e+00
   1.7706300e-01   1.1222900e+00
  -6.4498000e-02   1.1325500e+00
  -3.0238100e-01   1.0914900e+00
  -5.2582400e-01   1.0011400e+00
  -7.2475400e-01   8.6572900e-01
  -8.9024000e-01   6.9154200e-01
  -1.0148900e+00   4.8658400e-01
  -1.0932000e+00   2.6023400e-01
  -1.1217500e+00   2.2809600e-02
  -1.0994100e+00  -2.1490300e-01
  -1.0273600e+00  -4.4213800e-01
  -9.0900900e-01  -6.4863800e-01
  -7.4986500e-01  -8.2511700e-01
  -5.5726400e-01  -9.6367800e-01
  -3.4003100e-01  -1.0581600e+00
  -1.0808100e-01  -1.1044300e+00
   1.2803600e-01  -1.1005500e+00
   3.5761400e-01  -1.0468300e+00
   5.7027700e-01  -9.4588000e-01
   7.5644900e-01  -8.0241100e-01
   9.0778100e-01  -6.2305500e-01
   1.0175300e+00  -4.1604700e-01
   1.0808600e+00  -1.9084800e-01
   1.0950400e+00   4.2287900e-02
   1.0595800e+00   2.7277700e-01
   9.7626000e-01   4.9019100e-01
   8.4898700e-01   6.8472400e-01
   6.8366800e-01   8.4764000e-01
   4.8790700e-01   9.7165900e-01
   2.7066600e-01   1.0512900e+00
   4.1849100e-02   1.0830600e+00
  -1.8814500e-01   1.0656900e+00
  -4.0889800e-01   1.0001100e+00
  -6.1044200e-01   8.8944500e-01
  -7.8370900e-01   7.3885100e-01
  -9.2094300e-01   5.5527000e-01
  -1.0160400e+00   3.4712100e-01
  -1.0648300e+00   1.2390400e-01
  -1.0652500e+00  -1.0422300e-01
  -1.0174200e+00  -3.2691400e-01
  -9.2367300e-01  -5.3410300e-01
  -7.8839000e-01  -7.1645600e-01
  -6.1782900e-01  -8.6579200e-01
  -4.1982500e-01  -9.7545200e-01
  -2.0343000e-01  -1.0406000e+00
   2.1498600e-02  -1.0584100e+00
   2.4474800e-01  -1.0282400e+00
   4.5621300e-01  -9.5160100e-01
   6.4635600e-01  -8.3211000e-01
   8.0663300e-01  -6.7531100e-01
   9.2987800e-01  -4.8842200e-01
   1.0106300e+00  -2.8000200e-01
   1.0453600e+00  -5.9555400e-02
   1.0326400e+00   1.6289600e-01
   9.7319900e-01   3.7727400e-01
   8.6987400e-01   5.7389400e-01
   7.2748100e-01   7.4390900e-01
   5.5259000e-01   8.7970300e-01
   3.5322400e-01   9.7523300e-01
   1.3848800e-01   1.0263000e+00
  -8.1845800e-02   1.0307300e+00
  -2.9778200e-01   9.8847400e-01
  -4.9955700e-01   9.0158500e-01
  -6.7807500e-01   7.7414100e-01
  -8.2532800e-01   6.1203900e-01
  -9.3474400e-01   4.2273000e-01
  -1.0014900e+00   2.1487100e-01
  -1.0226700e+00  -2.0658100e-03
  -9.9747200e-01  -2.1822900e-01
  -9.2718400e-01  -4.2383100e-01
  -8.1513000e-01  -6.0959600e-01
  -6.6651400e-01  -7.6717200e-01
  -4.8818100e-01  -8.8951300e-01
  -2.8830100e-01  -9.7118900e-01
  -7.5991300e-02  -1.0086300e+00
   1.3909300e-01  -1.0002700e+00
   3.4720400e-01  -9.4665000e-01
   5.3894000e-01  -8.5032500e-01
   7.0566800e-01  -7.1579500e-01
   8.3991700e-01  -5.4927300e-01
   9.3570900e-01  -3.5839900e-01
   9.8882800e-01  -1.5189400e-01
   9.9700100e-01   6.0842400e-02
   9.6000000e-01   2.7015600e-01
   8.7964100e-01   4.6657900e-01
   7.5970000e-01   6.4125700e-01
   6.0573200e-01   7.8634800e-01
   4.2481700e-01   8.9537400e-01
   2.2523100e-01   9.6351100e-01
   1.6072300e-02   9.8780200e-01
  -1.9315900e-01   9.6728500e-01
  -3.9298600e-01   9.0302900e-01
  -5.7439000e-01   7.9808000e-01
  -7.2921400e-01   6.5732000e-01
  -8.5053100e-01   4.8723500e-01
  -9.3295000e-01   2.9561900e-01
  -9.7286300e-01   9.1217300e-02
  -9.6859400e-01  -1.1667400e-01
  -9.2047600e-01  -3.1863000e-01
  -8.3082600e-01  -5.0552300e-01
  -7.0383300e-01  -6.6893800e-01
  -5.4536600e-01  -8.0154700e-01
  -3.6269800e-01  -8.9744300e-01
  -1.6417900e-01  -9.5239700e-01
   4.1151800e-02  -9.6405000e-01
   2.4397500e-01  -9.3200900e-01
   4.3511400e-01  -8.5786300e-01
   6.0595000e-01  -7.4510100e-01
   7.4880900e-01  -5.9895200e-01
   8.5731000e-01  -4.2613700e-01
   9.2664800e-01  -2.3456700e-01
   9.5380600e-01  -3.2975400e-02
   9.3768500e-01   1.6947700e-01
   8.7915200e-01   3.6362000e-01
   7.8099100e-01   5.4068700e-01
   6.4777000e-01   6.9271400e-01
   4.8563300e-01   8.1289500e-01
   3.0201300e-01   8.9588700e-01
   1.0529200e-01   9.3804800e-01
  -9.5580000e-02   9.3759800e-01
  -2.9149400e-01   8.9469100e-01
  -4.7359200e-01   8.1140200e-01
  -6.3367300e-01   6.9163000e-01
  -7.6455600e-01   5.4091400e-01
  -8.6040600e-01   3.6617500e-01
  -9.1699200e-01   1.7540200e-01
  -9.3187500e-01  -2.2715400e-02
  -9.0451100e-01  -2.1918300e-01
  -8.3627200e-01  -4.0510800e-01
  -7.3037700e-01  -5.7210600e-01
  -5.9173900e-01  -7.1267100e-01
  -4.2674000e-01  -8.2052300e-01
  -2.4293300e-01  -8.9087900e-01
  -4.8700900e-02  -9.2067100e-01
   1.4712700e-01  -9.0867700e-01
   3.3567800e-01  -8.5557200e-01
   5.0843600e-01  -7.6388900e-01
   6.5762800e-01  -6.3790000e-01
   7.7657200e-01  -4.8342000e-01
   8.5997600e-01  -3.0753300e-01
   9.0417400e-01  -1.1827100e-01
   9.0728800e-01   7.5753300e-02
   8.6930600e-01   2.6573900e-01
   7.9207700e-01   4.4309400e-01
   6.7922100e-01   5.9982800e-01
   5.3596100e-01   7.2890700e-01
   3.6887900e-01   8.2457200e-01
   1.8561700e-01   8.8259800e-01
  -5.4766400e-03   9.0047200e-01
  -1.9572200e-01   8.7751300e-01
  -3.7650800e-01   8.1488800e-01
  -5.3967700e-01   7.1555800e-01
  -6.7789400e-01   5.8413500e-01
  -7.8498000e-01   4.2667200e-01
  -8.5618200e-01   2.5038100e-01
  -8.8838900e-01   6.3304400e-02
  -8.8026500e-01  -1.2605200e-01
  -8.3230300e-01  -3.0910600e-01
  -7.4680100e-01  -4.7758800e-01
  -6.2774800e-01  -6.2391500e-01
  -4.8064200e-01  -7.4152800e-01
  -3.1223100e-01  -8.2519200e-01
  -1.3020900e-01  -8.7122600e-01
   5.7138800e-02  -8.7766200e-01
   2.4131100e-01  -8.4433300e-01
   4.1397800e-01  -7.7287300e-01
   5.6735600e-01  -6.6663700e-01
   6.9456100e-01  -5.3054700e-01
   7.8991400e-01  -3.7085700e-01
   8.4919600e-01  -1.9487500e-01
   8.6983700e-01  -1.0619000e-02
   8.5102300e-01   1.7353900e-01
   7.9372900e-01   3.4926200e-01
   7.0067100e-01   5.0861600e-01
   5.7617600e-01   6.4443900e-01
   4.2597800e-01   7.5065200e-01
   2.5696200e-01   8.2253800e-01
   7.6839200e-02   8.5695100e-01
  -1.0619800e-01   8.5244900e-01
  -2.8385200e-01   8.0935800e-01
  -4.4809500e-01   7.2975100e-01
  -5.9153100e-01   6.1734700e-01
  -7.0772900e-01   4.7733800e-01
  -7.9151300e-01   3.1615300e-01
  -8.3919200e-01   1.4115700e-01
  -8.4871800e-01  -3.9683000e-02
  -8.1978000e-01  -2.1815900e-01
  -7.5380900e-01  -3.8619500e-01
  -6.5390900e-01  -5.3621600e-01
  -5.2471100e-01  -6.6148300e-01
  -3.7215600e-01  -7.5640300e-01
  -2.0322700e-01  -8.1677100e-01
  -2.5624100e-02  -8.3996300e-01
   1.5258200e-01  -8.2504400e-01
   3.2331900e-01  -7.7281000e-01
   4.7887900e-01  -6.8574400e-01
   6.1226500e-01  -5.6789700e-01
   7.1750700e-01  -4.2470200e-01
   7.8992600e-01  -2.6272400e-01
   8.2634700e-01  -8.9356600e-02
   8.2523200e-01   8.7513500e-02
   7.8675100e-01   2.5986600e-01
   7.1276200e-01   4.1990900e-01
   6.0672800e-01   5.6043600e-01
   4.7355100e-01   6.7514200e-01
   3.1934700e-01   7.5891500e-01
   1.5116500e-01   8.0805700e-01
  -2.3334300e-02   8.2045300e-01
  -1.9623000e-01   7.9565600e-01
  -3.5969700e-01   7.3490500e-01
  -5.0636300e-01   6.4106600e-01
  -6.2963800e-01   5.1848900e-01
  -7.2401300e-01   3.7281800e-01
  -7.8530500e-01   2.1072100e-01
  -8.1084300e-01   3.9589300e-02
  -7.9958200e-01  -1.3279800e-01
  -7.5214700e-01  -2.9863100e-01
  -6.7080100e-01  -4.5042000e-01
  -5.5933200e-01  -5.8133600e-01
  -4.2288400e-01  -6.8551600e-01
  -2.6771300e-01  -7.5832600e-01
  -1.0090600e-01  -7.9656600e-01
   6.9947300e-02  -7.9861400e-01
   2.3709700e-01  -7.6449100e-01
   3.9298600e-01  -6.9585500e-01
   5.3059000e-01  -5.9592200e-01
   6.4373400e-01  -4.6931700e-01
   7.2737200e-01  -3.2185600e-01
   7.7780900e-01  -1.6028200e-01
   7.9286400e-01   8.0428900e-03
   7.7196800e-01   1.7547600e-01
   7.1617900e-01   3.3443700e-01
   6.2813300e-01   4.7775500e-01
   5.1191800e-01   5.9898900e-01
   3.7288500e-01   6.9271700e-01
   2.1740300e-01   7.5478100e-01
   5.2563400e-02   7.8247100e-01
  -1.1414000e-01   7.7464000e-01
  -2.7515100e-01   7.3175400e-01
  -4.2319700e-01   6.5586500e-01
  -5.5161400e-01   5.5051300e-01
  -6.5464900e-01   4.2056200e-01
  -7.2771500e-01   2.7197400e-01
  -7.6759700e-01   1.1153500e-01
  -7.7259400e-01  -5.3450900e-02
  -7.4258900e-01  -2.1549900e-01
  -6.7904900e-01  -3.6728000e-01
  -5.8495800e-01  -5.0195300e-01
  -4.6467300e-01  -6.1347200e-01
  -3.2372200e-01  -6.9686100e-01
  -1.6855400e-01  -7.4843100e-01
  -6.2392100e-03  -7.6594700e-01
   1.5584900e-01  -7.4872200e-01
   3.1037100e-01  -6.9764500e-01
   4.5035300e-01  -6.1513600e-01
   5.6950200e-01  -5.0502900e-01
   6.6248700e-01  -3.7239800e-01
   7.2518000e-01  -2.2331800e-01
   7.5483700e-01  -6.4593500e-02
   7.5021900e-01   9.6558500e-02
   7.1164100e-01   2.5283200e-01
   6.4095800e-01   3.9716700e-01
   5.4147000e-01   5.2306200e-01
   4.1777500e-01   6.2487700e-01
   2.7554800e-01   6.9807400e-01
   1.2129000e-01   7.3943000e-01
  -3.7977200e-02   7.4717100e-01
  -1.9502500e-01   7.2105200e-01
  -3.4274900e-01   6.6236300e-01
  -4.7448700e-01   5.7386200e-01
  -5.8432600e-01   4.5965200e-01
  -6.6735900e-01   3.2498500e-01
  -7.1991000e-01   1.7602400e-01
  -7.3969600e-01   1.9558300e-02
  -7.2592200e-01  -1.3730200e-01
  -6.7931900e-01  -2.8745300e-01
  -6.0209800e-01  -4.2411500e-01
  -4.9785500e-01  -5.4114300e-01
  -3.7139200e-01  -6.3329800e-01
  -2.2850800e-01  -6.9648600e-01
  -7.5724800e-02  -7.2793500e-01
   8.0008900e-02  -7.2632000e-01
   2.3163100e-01  -6.9182000e-01
   3.7228800e-01  -6.2609900e-01
   4.9564500e-01  -5.3223200e-01
   5.9617000e-01  -4.1455600e-01
   6.6938200e-01  -2.7847700e-01
   7.1205100e-01  -1.3021400e-01
   7.2234200e-01   2.3480700e-02
   6.9988900e-01   1.7563000e-01
   6.4581200e-01   3.1934900e-01
   5.6266000e-01   4.4815500e-01
   4.5428800e-01   5.5626300e-01
   3.2568400e-01   6.3884100e-01
   1.8273500e-01   6.9223100e-01
   3.1959100e-02   7.1410500e-01
  -1.1979100e-01   7.0357300e-01
  -2.6564100e-01   6.6121300e-01
  -3.9900300e-01   5.8904200e-01
  -5.1387900e-01   4.9042400e-01
  -6.0512300e-01   3.6990600e-01
  -6.6867800e-01   2.3301500e-01
  -7.0175300e-01   8.6000900e-02
  -7.0294600e-01  -6.4446300e-02
  -6.7230100e-01  -2.1150300e-01
  -6.1130800e-01  -3.4852100e-01
  -5.2282400e-01  -4.6932600e-01
  -4.1094100e-01  -5.6849900e-01
  -2.8079900e-01  -6.4161600e-01
  -1.3835000e-01  -6.8544900e-01
   9.9176700e-03  -6.9810400e-01
   1.5727100e-01  -6.7910600e-01
   2.9704000e-01  -6.2941400e-01
   4.2292000e-01  -5.5137500e-01
   5.2925200e-01  -4.4861200e-01
   6.1128400e-01  -3.2585600e-01
   6.6537700e-01  -1.8872800e-01
   6.8916900e-01  -4.3484600e-02
   6.8167700e-01   1.0327300e-01
   6.4333900e-01   2.4489300e-01
   5.7598800e-01   3.7497900e-01
   4.8276500e-01   4.8767600e-01
   3.6797200e-01   5.7793600e-01
   2.3687600e-01   6.4174000e-01
   9.5463700e-02   6.7628400e-01
  -4.9827800e-02   6.8009300e-01
  -1.9240700e-01   6.5309300e-01
  -3.2582600e-01   5.9660300e-01
  -4.4407200e-01   5.1327200e-01
  -5.4183700e-01   4.0695900e-01
  -6.1475800e-01   2.8255100e-01
  -6.5961100e-01   1.4573800e-01
  -6.7445400e-01   2.7542900e-03
  -6.5870700e-01  -1.3990600e-01
  -6.1318000e-01  -2.7578300e-01
  -5.4002900e-01  -3.9874500e-01
  -4.4265100e-01  -5.0326400e-01
  -3.2553400e-01  -5.8466500e-01
  -1.9404200e-01  -6.3933500e-01
  -5.4176100e-02  -6.6488000e-01
   8.7704900e-02  -6.6023700e-01
   2.2516900e-01  -6.2571000e-01
   3.5200500e-01  -5.6295500e-01
   4.6250400e-01  -4.7490500e-01
   5.5171100e-01  -3.6562400e-01
   6.1565400e-01  -2.4012900e-01
   6.5151600e-01  -1.0415400e-01
   6.5776300e-01   3.6112000e-02
   6.3420300e-01   1.7430200e-01
   5.8199800e-01   3.0416600e-01
   5.0360000e-01   4.1984800e-01
   4.0264300e-01   5.1615500e-01
   2.8376900e-01   5.8878500e-01
   1.5241800e-01   6.3452500e-01
   1.4575900e-02   6.5138700e-01
  -1.2349300e-01   6.3869800e-01
  -2.5553700e-01   5.9712500e-01
  -3.7559500e-01   5.2864300e-01
  -4.7826800e-01   4.3643500e-01
  -5.5896000e-01   3.2475300e-01
  -6.1408700e-01   1.9871500e-01
  -6.4123200e-01   6.4073600e-02
  -6.3925300e-01  -7.3047200e-02
  -6.0833300e-01  -2.0643000e-01
  -5.4996100e-01  -3.3004600e-01
  -4.6686800e-01  -4.3832900e-01
  -3.6289300e-01  -5.2642200e-01
  -2.4281100e-01  -5.9040000e-01
  -1.1210900e-01  -6.2744100e-01
   2.3258800e-02  -6.3595200e-01
   1.5714900e-01  -6.1563800e-01
   2.8350300e-01  -5.6750800e-01
   3.9662200e-01  -4.9383000e-01
   4.9142500e-01  -3.9802000e-01
   5.6367700e-01  -2.8448700e-01
   6.1017700e-01  -1.5842600e-01
   6.2889800e-01  -2.5586600e-02
   6.1908200e-01   1.0799500e-01
   5.8126100e-01   2.3626700e-01
   5.1723700e-01   3.5343700e-01
   4.2999000e-01   4.5423500e-01
   3.2354500e-01   5.3414600e-01
   2.0278200e-01   5.8961800e-01
   7.3215600e-02   6.1821500e-01
  -5.9260400e-02   6.1872700e-01
  -1.8863700e-01   5.9121800e-01
  -3.0906600e-01   5.3702300e-01
  -4.1512100e-01   4.5867800e-01
  -5.0204400e-01   3.5980800e-01
  -5.6596000e-01   2.4495400e-01
  -6.0404600e-01   1.1936800e-01
  -6.1465900e-01  -1.1229500e-02
  -5.9740300e-01  -1.4090900e-01
  -5.5314900e-01  -2.6380100e-01
  -4.8398400e-01  -3.7436100e-01
  -3.9311800e-01  -4.6762200e-01
  -2.8473600e-01  -5.3941400e-01
  -1.6379900e-01  -5.8655300e-01
  -3.5824200e-02  -6.0698300e-01
   9.3371799e-02  -5.9986100e-01
   2.1793400e-01  -5.6559700e-01
   3.3223700e-01  -5.0582800e-01
   4.3113500e-01  -4.2334000e-01
   5.1020000e-01  -3.2194000e-01
   5.6591200e-01  -2.0627900e-01
   5.9582300e-01  -8.1638900e-02
   5.9865800e-01   4.6306800e-02
   5.7437300e-01   1.7175400e-01
   5.2415500e-01   2.8903000e-01
   4.5035800e-01   3.9285000e-01
   3.5639800e-01   4.7855300e-01
   2.4659300e-01   5.4231700e-01
   1.2596600e-01   5.8132200e-01
   1.2968500e-05   5.9388000e-01
  -1.2554600e-01   5.7950400e-01
  -2.4502500e-01   5.3893100e-01
  -3.5303400e-01   4.7408000e-01
  -4.4471700e-01   3.8796300e-01
  -5.1597400e-01   2.8454800e-01
  -5.6364100e-01   1.6857200e-01
  -5.8563400e-01   4.5325100e-02
  -5.8103800e-01  -7.9587300e-02
  -5.5014400e-01  -2.0050400e-01
  -4.9443400e-01  -3.1196100e-01
  -4.1650900e-01  -4.0894200e-01
  -3.1996600e-01  -4.8710000e-01
  -2.0923700e-01  -5.4295400e-01
  -8.9379099e-02  -5.7404600e-01
   3.4149900e-02  -5.7904400e-01
   1.5574500e-01  -5.5780500e-01
   2.6990600e-01  -5.1137300e-01
   3.7148600e-01  -4.4192800e-01
   4.5592400e-01  -3.5268900e-01
   5.1945200e-01  -2.4775900e-01
   5.5925700e-01  -1.3193700e-01
   5.7361100e-01  -1.0504700e-02
   5.6194500e-01   1.1102300e-01
   5.2486700e-01   2.2714100e-01
   4.6413700e-01   3.3261000e-01
   3.8257900e-01   4.2268500e-01
   2.8395300e-01   4.9333700e-01
   1.7277600e-01   5.4142600e-01
   5.4124700e-02   5.6484600e-01
  -6.6605800e-02   5.6261400e-01
  -1.8394100e-01   5.3491100e-01
  -2.9257900e-01   4.8307100e-01
  -3.8762700e-01   4.0951900e-01
  -4.6482300e-01   3.1765200e-01
  -5.2072700e-01   2.1168800e-01
  -5.5287500e-01   9.6470499e-02
  -5.5988500e-01  -2.2754300e-02
  -5.4152000e-01  -1.4057500e-01
  -4.9868900e-01  -2.5166000e-01
  -4.3340900e-01  -3.5100000e-01
  -3.4870700e-01  -4.3413300e-01
  -2.4848000e-01  -4.9734700e-01
  -1.3731500e-01  -5.3783900e-01
  -2.0280200e-02  -5.5384900e-01
   9.7305799e-02  -5.4472700e-01
   2.1011700e-01  -5.1096700e-01
   3.1305800e-01  -4.5417300e-01
   4.0150000e-01  -3.7699000e-01
   4.7148300e-01  -2.8297700e-01
   5.1989600e-01  -1.7644500e-01
   5.4461300e-01  -6.2256700e-02
   5.4459000e-01   5.4392900e-02
   5.1990500e-01   1.6821300e-01
   4.7175400e-01   2.7405900e-01
   4.0239100e-01   3.6716300e-01
   3.1502300e-01   4.4334700e-01
   2.1366300e-01   4.9921500e-01
   1.0294600e-01   5.3230200e-01
  -1.2086200e-02   5.4117900e-01
  -1.2621000e-01   5.2552200e-01
  -2.3426000e-01   4.8611500e-01
  -3.3136300e-01   4.2481800e-01
  -4.1315600e-01   3.4447600e-01
  -4.7598300e-01   2.4878600e-01
  -5.1705700e-01   1.4213100e-01
  -5.3458800e-01   2.9373000e-02
  -5.2785600e-01  -8.4361099e-02
  -4.9724000e-01  -1.9391800e-01
  -4.4420300e-01  -2.9435000e-01
  -3.7121700e-01  -3.8113700e-01
  -2.8165000e-01  -4.5039300e-01
  -1.7960800e-01  -4.9903500e-01
  -6.9753700e-02  -5.2492600e-01
   4.2915200e-02  -5.2696400e-01
   1.5328700e-01  -5.0513300e-01
   2.5637200e-01  -4.6049500e-01
   3.4752300e-01  -3.9514400e-01
   4.2265100e-01  -3.1210400e-01
   4.7840300e-01  -2.1519100e-01
   5.1231600e-01  -1.0883700e-01
   5.2292300e-01   2.1126400e-03
   5.0981600e-01   1.1261800e-01
   4.7366300e-01   2.1767700e-01
   4.1617400e-01   3.1254900e-01
   3.4001900e-01   3.9297000e-01
   2.4870500e-01   4.5534300e-01
   1.4641500e-01   4.9690000e-01
   3.7815100e-02   5.1582500e-01
  -7.2156299e-02   5.1133100e-01
  -1.7851500e-01   4.8369600e-01
  -2.7645700e-01   4.3424400e-01
  -3.6157100e-01   3.6528200e-01
  -4.3004500e-01   2.7999400e-01
  -4.7883000e-01   1.8229500e-01
  -5.0577800e-01   7.6646999e-02
  -5.0973800e-01  -3.2140600e-02
  -4.9060200e-01  -1.3913200e-01
  -4.4930800e-01  -2.3948600e-01
  -3.8779800e-01  -3.2868100e-01
  -3.0891900e-01  -4.0271200e-01
  -2.1629800e-01  -4.5827400e-01
  -1.1417300e-01  -4.9290900e-01
  -7.1979999e-03  -5.0511400e-01
   9.9767699e-02  -4.9440600e-01
   2.0188000e-01  -4.6134300e-01
   2.9453000e-01  -4.0749200e-01
   3.7355100e-01  -3.3535700e-01
   4.3540900e-01  -2.4826100e-01
   4.7735500e-01  -1.5019700e-01
   4.9755200e-01  -4.5637700e-02
   4.9515500e-01   6.0660000e-02
   4.7034200e-01   1.6387700e-01
   4.2430800e-01   2.5935000e-01
   3.5920300e-01   3.4277800e-01
   2.7803600e-01   4.1042200e-01
   1.8453300e-01   4.5926800e-01
   8.2966799e-02   4.8716300e-01
  -2.2038100e-02   4.9290900e-01
  -1.2571600e-01   4.7631600e-01
  -2.2337500e-01   4.3820500e-01
  -3.1061200e-01   3.8037000e-01
  -3.8351000e-01   3.0549100e-01
  -4.3881200e-01   2.1701300e-01
  -4.7406900e-01   1.1898500e-01
  -4.8774800e-01   1.5876200e-02
  -4.7929500e-01  -8.7627999e-02
  -4.4916500e-01  -1.8683900e-01
  -3.9878900e-01  -2.7727800e-01
  -3.3051100e-01  -3.5487700e-01
  -2.4748100e-01  -4.1616200e-01
  -1.5350400e-01  -4.5840900e-01
  -5.2870400e-02  -4.7976500e-01
   4.9841800e-02  -4.7932700e-01
   1.4997500e-01  -4.5718500e-01
   2.4300200e-01  -4.1440800e-01
   3.2473300e-01  -3.5300000e-01
   3.9150300e-01  -2.7579800e-01
   4.4033300e-01  -1.8634900e-01
   4.6907100e-01  -8.8741899e-02
   4.7647600e-01   1.2577700e-02
   4.6228100e-01   1.1301000e-01
   4.2719600e-01   2.0801000e-01
   3.7287600e-01   2.9329200e-01
   3.0184000e-01   3.6502400e-01
   2.1735900e-01   4.2000200e-01
   1.2330000e-01   4.5578800e-01
   2.3951500e-02   4.7082100e-01
  -7.6169599e-02   4.6448600e-01
  -1.7252700e-01   4.3713600e-01
  -2.6077000e-01   3.9007700e-01
  -3.3692700e-01   3.2550100e-01
  -3.9758700e-01   2.4638700e-01
  -4.4005300e-01   1.5636400e-01
  -4.6245700e-01   5.9542099e-02
  -4.6384900e-01  -3.9672400e-02
  -4.4423100e-01  -1.3677900e-01
  -4.0455800e-01  -2.2738700e-01
  -3.4668900e-01  -3.0741400e-01
  -2.7330200e-01  -3.7326800e-01
  -1.8776900e-01  -4.2201300e-01
  -9.4000399e-02  -4.5149400e-01
   3.7304900e-03  -4.6043700e-01
   1.0098600e-01  -4.4850000e-01
   1.9336300e-01  -4.1629100e-01
   2.7669400e-01  -3.6533200e-01
   3.4723400e-01  -2.9798800e-01
   4.0182800e-01  -2.1736100e-01
   4.3805400e-01  -1.2714400e-01
   4.5432900e-01  -3.1452100e-02
   4.4997900e-01   6.5363899e-02
   4.2526500e-01   1.5891600e-01
   3.8137100e-01   2.4497900e-01
   3.2034500e-01   3.1967700e-01
   2.4500200e-01   3.7966500e-01
   1.5880200e-01   4.2227200e-01
   6.5680199e-02   4.4562200e-01
  -3.0123600e-02   4.4871900e-01
  -1.2426300e-01   4.3148700e-01
  -2.1247900e-01   3.9476800e-01
  -2.9079700e-01   3.4028800e-01
  -3.5570100e-01   2.7056900e-01
  -4.0429300e-01   1.8881600e-01
  -4.3442400e-01   9.8768899e-02
  -4.4478800e-01   4.5314000e-03
  -4.3497800e-01  -8.9615699e-02
  -4.0550000e-01  -1.7940900e-01
  -3.5775200e-01  -2.6079700e-01
  -2.9395300e-01  -3.3011900e-01
  -2.1704200e-01  -3.8427400e-01
  -1.3054400e-01  -4.2085700e-01
  -3.8405300e-02  -4.3826800e-01
   5.5183299e-02  -4.3577700e-01
   1.4597900e-01  -4.1355900e-01
   2.2988000e-01  -3.7268400e-01
   3.0310700e-01  -3.1505900e-01
   3.6237900e-01  -2.4334800e-01
   4.0505400e-01  -1.6084200e-01
   4.2925300e-01  -7.1311499e-02
   4.3393700e-01   2.1167900e-02
   4.1895600e-01   1.1239900e-01
   3.8504900e-01   1.9825300e-01
   3.3381200e-01   2.7486100e-01
   2.6761900e-01   3.3878100e-01
   1.8951500e-01   3.8715900e-01
   1.0307300e-01   4.1785300e-01
   1.2234900e-02   4.2952800e-01
  -7.8872399e-02   4.2171600e-01
  -1.6612200e-01   3.9483000e-01
  -2.4557600e-01   3.5015000e-01
  -3.1365900e-01   2.8975300e-01
  -3.6732400e-01   2.1642400e-01
  -4.0418800e-01   1.3352400e-01
  -4.2263200e-01   4.4837500e-02
  -4.2187900e-01  -4.5601000e-02
  -4.0202400e-01  -1.3369100e-01
  -3.6402600e-01  -2.1545000e-01
  -3.0966200e-01  -2.8719700e-01
  -2.4144500e-01  -3.4571200e-01
  -1.6250900e-01  -3.8838900e-01
  -7.6461399e-02  -4.1334300e-01
   1.2779100e-02  -4.1950200e-01
   1.0116100e-01  -4.0664300e-01
   1.8468400e-01  -3.7541100e-01
   2.5958300e-01  -3.2727600e-01
   3.2249100e-01  -2.6447100e-01
   3.7059800e-01  -1.8988700e-01
   4.0177100e-01  -1.0693800e-01
   4.1465300e-01  -1.9405800e-02
   4.0871600e-01   6.8730099e-02
   3.8429000e-01   1.5347700e-01
   3.4253800e-01   2.3100800e-01
   2.8540500e-01   2.9783500e-01
   2.1552700e-01   3.5096500e-01
   1.3610800e-01   3.8803400e-01
   5.0773999e-02   4.0741600e-01
  -3.6591300e-02   4.0828600e-01
  -1.2202600e-01   3.9066500e-01
  -2.0166600e-01   3.5540800e-01
  -2.7192400e-01   3.0416700e-01
  -3.2964800e-01   2.3931300e-01
  -3.7226200e-01   1.6382500e-01
  -3.9788600e-01   8.1154399e-02
  -4.0541000e-01  -4.9315599e-03
  -3.9455200e-01  -9.0524199e-02
  -3.6586100e-01  -1.7174900e-01
  -3.2069200e-01  -2.4494100e-01
  -2.6114200e-01  -3.0681200e-01
  -1.8995400e-01  -3.5459500e-01
  -1.1038600e-01  -3.8617000e-01
  -2.6069200e-02  -4.0015800e-01
   5.9163599e-02  -3.9598200e-01
   1.4145000e-01  -3.7388600e-01
   2.1707300e-01  -3.3492900e-01
   2.8262800e-01  -2.8092600e-01
   3.3517900e-01  -2.1437200e-01
   3.7238600e-01  -1.3831800e-01
   3.9261400e-01  -5.6238999e-02
   3.9499900e-01   2.8129300e-02
   3.7948800e-01   1.1095900e-01
   3.4684200e-01   1.8850400e-01
   2.9859100e-01   2.5727000e-01
   2.3696900e-01   3.1416900e-01
   1.6481000e-01   3.5666300e-01
   8.5414199e-02   3.8287200e-01
   2.3991700e-03   3.9166100e-01
  -8.0464099e-02   3.8268600e-01
  -1.5942400e-01   3.5640900e-01
  -2.3091600e-01   3.1407500e-01
  -2.9172700e-01   2.5765000e-01
  -3.3913700e-01   1.8973500e-01
  -3.7104000e-01   1.1344100e-01
  -3.8604100e-01   3.2249200e-02
  -3.8351300e-01  -5.0148599e-02
  -3.6362500e-01  -1.3001700e-01
  -3.2733300e-01  -2.0374700e-01
  -2.7633200e-01  -2.6801900e-01
  -2.1297700e-01  -3.1995200e-01
  -1.4017600e-01  -3.5723400e-01
  -6.1255899e-02  -3.7822100e-01
   2.0190800e-02  -3.8201500e-01
   1.0046800e-01  -3.6849700e-01
   1.7594300e-01  -3.3833500e-01
   2.4321400e-01  -2.9294500e-01
   2.9926100e-01  -2.3443200e-01
   3.4157900e-01  -1.6548700e-01
   3.6829600e-01  -8.9263399e-02
   3.7825200e-01  -9.2368099e-03
   3.7104700e-01   7.0956999e-02
   3.4706200e-01   1.4768600e-01
   3.0743500e-01   2.1748600e-01
   2.5401100e-01   2.7721900e-01
   1.8925100e-01   3.2421100e-01
   1.1612500e-01   3.5637300e-01
   3.7968800e-02   3.7229600e-01
  -4.1661500e-02   3.7131000e-01
  -1.1915500e-01   3.5351200e-01
  -1.9101000e-01   3.1976100e-01
  -2.5399000e-01   2.7163600e-01
  -3.0527000e-01   2.1136100e-01
  -3.4256500e-01   1.4170300e-01
  -3.6423100e-01   6.5847399e-02
  -3.6933400e-01  -1.2752600e-02
  -3.5769600e-01  -9.0528599e-02
  -3.2989600e-01  -1.6396100e-01
  -2.8724400e-01  -2.2973800e-01
  -2.3171900e-01  -2.8490500e-01
  -1.6587400e-01  -3.2699800e-01
  -9.2723699e-02  -3.5415000e-01
  -1.5604200e-02  -3.6517900e-01
   6.1979999e-02  -3.5963700e-01
   1.3651400e-01  -3.3782600e-01
   2.0463200e-01  -3.0078500e-01
   2.6327000e-01  -2.5024000e-01
   3.0980200e-01  -1.8852000e-01
   3.4215900e-01  -1.1845800e-01
   3.5891900e-01  -4.3250299e-02
   3.5937300e-01   3.3679700e-02
   3.4355200e-01   1.0884300e-01
   3.1222300e-01   1.7884200e-01
   2.6685300e-01   2.4052200e-01
   2.0954100e-01   2.9111700e-01
   1.4291900e-01   3.2837000e-01
   7.0034999e-02   3.5063600e-01
  -5.7923199e-03   3.5695400e-01
  -8.1119499e-02   3.4708700e-01
  -1.5253700e-01   3.2153400e-01
  -2.1682300e-01   2.8150000e-01
  -2.7108800e-01   2.2884400e-01
  -3.1290700e-01   1.6599000e-01
  -3.4042500e-01   9.5815899e-02
  -3.5244100e-01   2.1523300e-02
  -3.4845800e-01  -5.3510999e-02
  -3.2870800e-01  -1.2588700e-01
  -2.9413500e-01  -1.9233500e-01
  -2.4635000e-01  -2.4986400e-01
  -1.8756000e-01  -2.9589800e-01
  -1.2046000e-01  -3.2838800e-01
  -4.8115299e-02  -3.4590600e-01
   2.6181100e-02  -3.4770400e-01
   9.9058899e-02  -3.3375000e-01
   1.6722200e-01  -3.0472700e-01
   2.2759900e-01  -2.6199500e-01
   2.7748000e-01  -2.0753300e-01
   3.1463900e-01  -1.4384300e-01
   3.3743200e-01  -7.3839499e-02
   3.4487400e-01  -7.1171399e-04
   3.3667500e-01   7.2218999e-02
   3.1325500e-01   1.4165000e-01
   2.7572300e-01   2.0445000e-01
   2.2582300e-01   2.5779300e-01
   1.6585300e-01   2.9929500e-01
   9.8560199e-02   3.2711400e-01
   2.7015300e-02   3.4003200e-01
  -4.5528499e-02   3.3751100e-01
  -1.1578300e-01   3.1971400e-01
  -1.8057400e-01   2.8749500e-01
  -2.3698400e-01   2.4235700e-01
  -2.8248600e-01   1.8638600e-01
  -3.1505300e-01   1.2215000e-01
  -3.3325000e-01   5.2584299e-02
  -3.3629900e-01  -1.9144700e-02
  -3.2411000e-01  -8.9781799e-02
  -2.9728100e-01  -1.5613200e-01
  -2.5707400e-01  -2.1520300e-01
  -2.0535200e-01  -2.6434300e-01
  -1.4449300e-01  -3.0135900e-01
  -7.7280899e-02  -3.2461200e-01
  -6.7803499e-03  -3.3309100e-01
   6.3806199e-02  -3.2646000e-01
   1.3128200e-01  -3.0506700e-01
   1.9260100e-01  -2.6992500e-01
   2.4500500e-01  -2.2267000e-01
   2.8615100e-01  -1.6548000e-01
   3.1420900e-01  -1.0097600e-01
   3.2795000e-01  -3.2100700e-02
   3.2679700e-01   3.8011799e-02
   3.1084800e-01   1.0618300e-01
   2.8087300e-01   1.6933200e-01
   2.3827300e-01   2.2461500e-01
   1.8501600e-01   2.6955200e-01
   1.2354800e-01   3.0214200e-01
   5.6677299e-02   3.2094800e-01
  -1.2549900e-02   3.2516000e-01
  -8.0991499e-02   3.1463400e-01
  -1.4555100e-01   2.8989400e-01
  -2.0331600e-01   2.5210300e-01
  -2.5169400e-01   2.0301400e-01
  -2.8852100e-01   1.4488500e-01
  -3.1216800e-01   8.0378399e-02
  -3.2160400e-01   1.2433700e-02
  -3.1644600e-01  -5.5860899e-02
  -2.9697400e-01  -1.2141200e-01
  -2.6411600e-01  -1.8125900e-01
  -2.1939900e-01  -2.3271000e-01
  -1.6488800e-01  -2.7346100e-01
  -1.0308100e-01  -3.0170100e-01
  -3.6799099e-02  -3.1619000e-01
   3.0940900e-02  -3.1631500e-01
   9.7067299e-02  -3.0211500e-01
   1.5859100e-01  -2.7427900e-01
   2.1273900e-01  -2.3410900e-01
   2.5708400e-01  -1.8346400e-01
   2.8964800e-01  -1.2466900e-01
   3.0899300e-01  -6.0413199e-02
   3.1428400e-01   6.3769199e-03
   3.0532700e-01   7.2668699e-02
   2.8257100e-01   1.3546200e-01
   2.4709100e-01   1.9192400e-01
   2.0053200e-01   2.3951700e-01
   1.4503800e-01   2.7611500e-01
   8.3150299e-02   3.0009400e-01
   1.7691200e-02   3.1040800e-01
  -4.8363799e-02   3.0663300e-01
  -1.1202100e-01   2.8898400e-01
  -1.7040600e-01   2.5830400e-01
  -2.2089100e-01   2.1602300e-01
  -2.6121500e-01   1.6409200e-01
  -2.8958300e-01   1.0489300e-01
  -3.0474900e-01   4.1129299e-02
  -3.0606600e-01  -2.4296600e-02
  -2.9351900e-01  -8.8416999e-02
  -2.6772000e-01  -1.4833200e-01
  -2.2987800e-01  -2.0134300e-01
  -1.8174400e-01  -2.4506900e-01
  -1.2553100e-01  -2.7756000e-01
  -6.3810299e-02  -2.9738000e-01
   6.0678999e-04  -3.0367100e-01
   6.4794399e-02  -2.9619100e-01
   1.2584600e-01  -2.7532100e-01
   1.8100800e-01  -2.4204900e-01
   2.2780000e-01  -1.9792000e-01
   2.6412900e-01  -1.4496600e-01
   2.8838300e-01  -8.5614199e-02
   2.9950200e-01  -2.2571400e-02
   2.9702200e-01   4.1295899e-02
   2.8110100e-01   1.0309300e-01
   2.5249900e-01   1.6002700e-01
   2.1255300e-01   2.0953600e-01
   1.6310600e-01   2.4940100e-01
   1.0642900e-01   2.7784700e-01
   4.5109699e-02   2.9362100e-01
  -1.8060100e-02   2.9605000e-01
  -8.0213799e-02   2.8506400e-01
  -1.3854000e-01   2.6120300e-01
  -1.9041000e-01   2.2558900e-01
  -2.3349400e-01   1.7987100e-01
  -2.6586900e-01   1.2615100e-01
  -2.8610300e-01   6.6886399e-02
  -2.9331800e-01   4.7789099e-03
  -2.8722700e-01  -5.7350199e-02
  -2.6814800e-01  -1.1668700e-01
  -2.3698600e-01  -1.7055400e-01
  -1.9518900e-01  -2.1652900e-01
  -1.4468500e-01  -2.5255300e-01
  -8.7787199e-02  -2.7702800e-01
  -2.7092400e-02  -2.8888100e-01
   3.4638899e-02  -2.8761500e-01
   9.4607999e-02  -2.7332800e-01
   1.5010500e-01  -2.4670900e-01
   1.9863000e-01  -2.0900000e-01
   2.3800800e-01  -1.6194600e-01
   2.6648400e-01  -1.0770500e-01
   2.8280400e-01  -4.8757599e-02
   2.8626500e-01   1.2213400e-02
   2.7675200e-01   7.2439999e-02
   2.5473700e-01   1.2919700e-01
   2.2125400e-01   1.7992600e-01
   1.7785700e-01   2.2234700e-01
   1.2654300e-01   2.5456700e-01
   6.9658299e-02   2.7515700e-01
   9.7978798e-03   2.8322300e-01
  -5.0318399e-02   2.7843700e-01
  -1.0796800e-01   2.6105800e-01
  -1.6054700e-01   2.3191100e-01
  -2.0569000e-01   1.9235300e-01
  -2.4137800e-01   1.4420900e-01
  -2.6602300e-01   8.9685399e-02
  -2.7854300e-01   3.1271400e-02
  -2.7841100e-01  -2.8375400e-02
  -2.6567100e-01  -8.6550299e-02
  -2.4094100e-01  -1.4062300e-01
  -2.0537700e-01  -1.8815800e-01
  -1.6062400e-01  -2.2702400e-01
  -1.0873800e-01  -2.5548700e-01
  -5.2089799e-02  -2.7229000e-01
   6.7390699e-03  -2.7671100e-01
   6.5078299e-02  -2.6858700e-01
   1.2028700e-01  -2.4832500e-01
   1.6987600e-01  -2.1688200e-01
   2.1161700e-01  -1.7571600e-01
   2.4364300e-01  -1.2672100e-01
   2.6453600e-01  -7.2142199e-02
   2.7338400e-01  -1.4467200e-02
   2.6982300e-01   4.3681999e-02
   2.5405600e-01   9.9670598e-02
   2.2683200e-01   1.5097000e-01
   1.8942200e-01   1.9527200e-01
   1.4355200e-01   2.3059200e-01
   9.1324399e-02   2.5535900e-01
   3.5125199e-02   2.6848500e-01
  -2.2488300e-02   2.6941000e-01
  -7.8902799e-02   2.5813300e-01
  -1.3156700e-01   2.3520200e-01
  -1.7810800e-01   2.0169200e-01
  -2.1643800e-01   1.5915300e-01
  -2.4484600e-01   1.0954000e-01
  -2.6207700e-01   5.5122699e-02
  -2.6738600e-01  -1.6203900e-03
  -2.6057000e-01  -5.8112099e-02
  -2.4197500e-01  -1.1179500e-01
  -2.1248100e-01  -1.6024700e-01
  -1.7345700e-01  -2.0129000e-01
  -1.2670100e-01  -2.3308900e-01
  -7.4353599e-02  -2.5423300e-01
  -1.8803400e-02  -2.6379800e-01
   3.7424099e-02  -2.6138600e-01
   9.1780498e-02  -2.4714600e-01
   1.4181000e-01  -2.2175800e-01
   1.8526100e-01  -1.8640700e-01
   2.2018600e-01  -1.4272600e-01
   2.4503100e-01  -9.2719098e-02
   2.5870100e-01  -3.8669799e-02
   2.6061300e-01   1.6961100e-02
   2.5071800e-01   7.1649399e-02
   2.2949900e-01   1.2292200e-01
   1.9795500e-01   1.6846600e-01
   1.5754500e-01   2.0623900e-01
   1.1012700e-01   2.3455500e-01
   5.7871499e-02   2.5215900e-01
   3.1588499e-03   2.5828900e-01
  -5.1525299e-02   2.5270400e-01
  -1.0370500e-01   2.3569200e-01
  -1.5102400e-01   2.0806100e-01
  -1.9135600e-01   1.7109400e-01
  -2.2289600e-01   1.2649500e-01
  -2.4424300e-01   7.6307599e-02
  -2.5446200e-01   2.2822200e-02
  -2.5312700e-01  -3.1528999e-02
  -2.4033300e-01  -8.4281799e-02
  -2.1669500e-01  -1.3305300e-01
  -1.8331900e-01  -1.7564500e-01
  -1.4174500e-01  -2.1015000e-01
  -9.3883698e-02  -2.3503000e-01
  -4.1920499e-02  -2.4918900e-01
   1.1778000e-02  -2.5201800e-01
   6.4774699e-02  -2.4342700e-01
   1.1467200e-01  -2.2383800e-01
   1.5922000e-01  -1.9417500e-01
   1.9641700e-01  -1.5581200e-01
   2.2460400e-01  -1.1051300e-01
   2.4253100e-01  -6.0351399e-02
   2.4941800e-01  -7.6142599e-03
   2.4499000e-01   4.5302199e-02
   2.2948000e-01   9.6001298e-02
   2.0362800e-01   1.4219400e-01
   1.6863500e-01   1.8180200e-01
   1.2611600e-01   2.1305400e-01
   7.8018299e-02   2.3455900e-01
   2.6538900e-02   2.4537500e-01
  -2.5980900e-02   2.4504500e-01
  -7.7159399e-02   2.3361900e-01
  -1.2468300e-01   2.1165000e-01
  -1.6641200e-01   1.8016500e-01
  -2.0047300e-01   1.4062100e-01
  -2.2535000e-01   9.4831798e-02
  -2.3994300e-01   4.4892299e-02
  -2.4362500e-01  -6.9235599e-03
  -2.3626300e-01  -5.8263299e-02
  -2.1822500e-01  -1.0680400e-01
  -1.9036100e-01  -1.5035500e-01
  -1.5396400e-01  -1.8696100e-01
  -1.1070900e-01  -2.1498600e-01
  -6.2576499e-02  -2.3318700e-01
  -1.1760900e-02  -2.4077100e-01
   3.9427899e-02  -2.3742900e-01
   8.8670598e-02  -2.2334500e-01
   1.3374300e-01  -1.9919000e-01
   1.7261800e-01  -1.6609200e-01
   2.0355400e-01  -1.2557500e-01
   2.2517500e-01  -7.9499699e-02
   2.3653200e-01  -2.9968199e-02
   2.3714100e-01   2.0765000e-02
   2.2700900e-01   7.0398699e-02
   2.0663000e-01   1.1668900e-01
   1.7695700e-01   1.5754900e-01
   1.3936300e-01   1.9114700e-01
   9.5576598e-02   2.1598400e-01
   4.7599299e-02   2.3096100e-01
  -2.3831100e-03   2.3543300e-01
  -5.2100799e-02   2.2922900e-01
  -9.9303198e-02   2.1266400e-01
  -1.4186100e-01   1.8652100e-01
  -1.7786000e-01   1.5201300e-01
  -2.0569300e-01   1.1072900e-01
  -2.2412300e-01   6.4560499e-02
  -2.3234600e-01   1.5613200e-02
  -2.3002200e-01  -3.3887599e-02
  -2.1728900e-01  -8.1698498e-02
  -1.9475500e-01  -1.2566000e-01
  -1.6347300e-01  -1.6379300e-01
  -1.2488600e-01  -1.9438900e-01
  -8.0764598e-02  -2.1608600e-01
  -3.3124299e-02  -2.2793000e-01
   1.5866700e-02  -2.2941400e-01
   6.3985499e-02  -2.2050600e-01
   1.0905600e-01  -2.0163900e-01
   1.4904600e-01  -1.7370100e-01
   1.8216100e-01  -1.3798400e-01
   2.0692400e-01  -9.6130498e-02
   2.2223800e-01  -5.0055199e-02
   2.2744000e-01  -1.8576400e-03
   2.2232600e-01   4.6272799e-02
   2.0716100e-01   9.2156898e-02
   1.8266100e-01   1.3372400e-01
   1.4996700e-01   1.6910500e-01
   1.1058400e-01   1.9671600e-01
   6.6316799e-02   2.1533400e-01
   1.9185300e-02   2.2414100e-01
  -2.8667199e-02   2.2277000e-01
  -7.5071399e-02   2.1131600e-01
  -1.1793000e-01   1.9032800e-01
  -1.5531500e-01   1.6078800e-01
  -1.8554800e-01   1.2405800e-01
  -2.0728400e-01   8.1825798e-02
  -2.1956500e-01   3.6020599e-02
  -2.2186500e-01  -1.1272100e-02
  -2.1411000e-01  -5.7905999e-02
  -1.9668400e-01  -1.0177100e-01
  -1.7040600e-01  -1.4089100e-01
  -1.3649300e-01  -1.7350700e-01
  -9.6505398e-02  -1.9816300e-01
  -5.2273199e-02  -2.1376900e-01
  -5.8124499e-03  -2.1964500e-01
   4.0765699e-02  -2.1555600e-01
   8.5351798e-02  -2.0171900e-01
   1.2593300e-01  -1.7879000e-01
   1.6068400e-01  -1.4783600e-01
   1.8804900e-01  -1.1028500e-01
   2.0681300e-01  -6.7857799e-02
   2.1615200e-01  -2.2490400e-02
   2.1567400e-01   2.3753100e-02
   2.0543100e-01   6.8775999e-02
   1.8591600e-01   1.1054300e-01
   1.5804400e-01   1.4717300e-01
   1.2310200e-01   1.7702400e-01
   8.2695298e-02   1.9876400e-01
   3.8670399e-02   2.1143600e-01
  -6.9676799e-03   2.1449200e-01
  -5.2146999e-02   2.0782600e-01
  -9.4823198e-02   1.9177000e-01
  -1.3307200e-01   1.6707900e-01
  -1.6517400e-01   1.3490000e-01
  -1.8969500e-01   9.6712798e-02
  -2.0555000e-01   5.4265799e-02
  -2.1204600e-01   9.4945698e-03
  -2.0892000e-01  -3.5566199e-02
  -1.9634200e-01  -7.8874998e-02
  -1.7491300e-01  -1.1847600e-01
  -1.4563000e-01  -1.5258800e-01
  -1.0984400e-01  -1.7968300e-01
  -6.9195699e-02  -1.9855600e-01
  -2.5541599e-02  -2.0837800e-01
   1.9132100e-02  -2.0873300e-01
   6.2799399e-02  -1.9963400e-01
   1.0348600e-01  -1.8152400e-01
   1.3935800e-01  -1.5525000e-01
   1.6880700e-01  -1.2202800e-01
   1.9052000e-01  -8.3384598e-02
   2.0353600e-01  -4.1086099e-02
   2.0729500e-01   2.9404199e-03
   2.0165500e-01   4.6695599e-02
   1.8690000e-01   8.8198998e-02
   1.6372800e-01   1.2557800e-01
   1.3321400e-01   1.5715300e-01
   9.6763498e-02   1.8151300e-01
   5.6045299e-02   1.9757600e-01
   1.2916800e-02   2.0464200e-01
  -3.0661399e-02   2.0241800e-01
  -7.2714298e-02   1.9103500e-01
  -1.1134300e-01   1.7103600e-01
  -1.4480700e-01   1.4335500e-01
  -1.7161000e-01   1.0926900e-01
  -1.9055700e-01   7.0341999e-02
  -2.0081500e-01   2.8351399e-02
  -2.0194700e-01  -1.4791500e-02
  -1.9393100e-01  -5.7129099e-02
  -1.7715700e-01  -9.6746898e-02
  -1.5241400e-01  -1.3185900e-01
  -1.2084600e-01  -1.6089000e-01
  -8.3904698e-02  -1.8254400e-01
  -4.3279699e-02  -1.9586400e-01
  -8.2222998e-04  -2.0027200e-01
   4.1539299e-02  -1.9559700e-01
   8.1886898e-02  -1.8207900e-01
   1.1840000e-01  -1.6035900e-01
   1.4943600e-01  -1.3144400e-01
   1.7360800e-01  -9.6667798e-02
   1.8984300e-01  -5.7623099e-02
   1.9742900e-01  -1.6091400e-02
   1.9605100e-01   2.6038799e-02
   1.8580000e-01   6.6857599e-02
   1.6716600e-01   1.0452100e-01
   1.4102100e-01   1.3733300e-01
   1.0857200e-01   1.6382200e-01
   7.1307898e-02   1.8281100e-01
   3.0931599e-02   1.9346100e-01
  -1.0718800e-02   1.9531600e-01
  -5.1753199e-02   1.8832100e-01
  -9.0315198e-02   1.7282000e-01
  -1.2466600e-01   1.4954200e-01
  -1.5326400e-01   1.1956400e-01
  -1.7483200e-01   8.4266198e-02
  -1.8841500e-01   4.5262999e-02
  -1.9342300e-01   4.3323999e-03
  -1.8965600e-01  -3.6665999e-02
  -1.7731200e-01  -7.5875398e-02
  -1.5697800e-01  -1.1152600e-01
  -1.2959800e-01  -1.4201400e-01
  -9.6435798e-02  -1.6597500e-01
  -5.9010499e-02  -1.8234600e-01
  -1.9030200e-02  -1.9040700e-01
   2.1686500e-02  -1.8982000e-01
   6.1293299e-02  -1.8064000e-01
   9.8000298e-02  -1.6330800e-01
   1.3015400e-01  -1.3863500e-01
   1.5631300e-01  -1.0776100e-01
   1.7531200e-01  -7.2103998e-02
   1.8631200e-01  -3.3293799e-02
   1.8884000e-01   6.9023298e-03
   1.8280900e-01   4.6659799e-02
   1.6851800e-01   8.4179598e-02
   1.4664100e-01   1.1777000e-01
   1.1819100e-01   1.4592100e-01
   8.4479098e-02   1.6737600e-01
   4.7046999e-02   1.8118500e-01
   7.6017598e-03   1.8674500e-01
  -3.2063999e-02   1.8383100e-01
  -7.0153298e-02   1.7260100e-01
  -1.0494600e-01   1.5359000e-01
  -1.3487800e-01   1.2768400e-01
  -1.5860700e-01   9.6076898e-02
  -1.7508000e-01   6.0217999e-02
  -1.8357200e-01   2.1744600e-02
  -1.8372500e-01  -1.7592800e-02
  -1.7555800e-01  -5.6010099e-02
  -1.5946500e-01  -9.1770498e-02
  -1.3620300e-01  -1.2326300e-01
  -1.0684500e-01  -1.4907500e-01
  -7.2740398e-02  -1.6805500e-01
  -3.5449099e-02  -1.7936500e-01
   3.3305099e-03  -1.8251700e-01
   4.1837699e-02  -1.7739400e-01
   7.8329498e-02  -1.6425400e-01
   1.1116000e-01  -1.4371600e-01
   1.3885300e-01  -1.1673600e-01
   1.6017200e-01  -8.4552998e-02
   1.7417000e-01  -4.8642299e-02
   1.8023700e-01  -1.0641600e-02
   1.7812300e-01   2.7721899e-02
   1.6795000e-01   6.4709698e-02
   1.5020300e-01   9.8650998e-02
   1.2570900e-01   1.2801900e-01
   9.5599998e-02   1.5149700e-01
   6.1255999e-02   1.6804100e-01
   2.4245699e-02   1.7692300e-01
  -1.3746500e-02   1.7776600e-01
  -5.0996899e-02   1.7055500e-01
  -8.5821198e-02   1.5564400e-01
  -1.1665000e-01   1.3373200e-01
  -1.4209900e-01   1.0583200e-01
  -1.6103400e-01   7.3226898e-02
  -1.7261700e-01   3.7408099e-02
  -1.7634700e-01   7.7017198e-06
  -1.7207900e-01  -3.7275799e-02
  -1.6003200e-01  -7.2754298e-02
  -1.4077500e-01  -1.0482700e-01
  -1.1520500e-01  -1.3205200e-01
  -8.4496998e-02  -1.5321100e-01
  -5.0059299e-02  -1.6736600e-01
  -1.3462600e-02  -1.7389800e-01
   2.3628899e-02  -1.7253400e-01
   5.9533999e-02  -1.6336100e-01
   9.2630498e-02  -1.4681900e-01
   1.2142900e-01  -1.2368100e-01
   1.4463700e-01  -9.5013798e-02
   1.6122300e-01  -6.2134198e-02
   1.7045600e-01  -2.6543999e-02
   1.7194200e-01   1.0136700e-02
   1.6563600e-01   4.6243299e-02
   1.5184900e-01   8.0142398e-02
   1.3122900e-01   1.1030600e-01
   1.0473000e-01   1.3538000e-01
   7.3572798e-02   1.5424400e-01
   3.9181099e-02   1.6606500e-01
   3.1229699e-03   1.7032800e-01
  -3.2963499e-02   1.6686400e-01
  -6.7443998e-02   1.5585500e-01
  -9.8762098e-02   1.3782300e-01
  -1.2551000e-01   1.1360600e-01
  -1.4649000e-01   8.4320098e-02
  -1.6077000e-01   5.1307699e-02
  -1.6772500e-01   1.6075400e-02
  -1.6706300e-01  -1.9774300e-02
  -1.5883800e-01  -5.4616099e-02
  -1.4344500e-01  -8.6875298e-02
  -1.2160500e-01  -1.1509900e-01
  -9.4326498e-02  -1.3802200e-01
  -6.2861998e-02  -1.5462300e-01
  -2.8649499e-02  -1.6417000e-01
   6.7530398e-03  -1.6625200e-01
   4.1738699e-02  -1.6080000e-01
   7.4724498e-02  -1.4808200e-01
   1.0422300e-01  -1.2869900e-01
   1.2890900e-01  -1.0354800e-01
   1.4768000e-01  -7.3786898e-02
   1.5970500e-01  -4.0777799e-02
   1.6446000e-01  -6.0255898e-03
   1.6175200e-01   2.8890399e-02
   1.5172800e-01   6.2388698e-02
   1.3486400e-01   9.2956598e-02
   1.1194600e-01   1.1921900e-01
   8.4030398e-02   1.4000000e-01
   5.2396999e-02   1.5437700e-01
   1.8490000e-02   1.6171700e-01
  -1.6147900e-02   1.6171100e-01
  -4.9945899e-02   1.5438200e-01
  -8.1376098e-02   1.4008400e-01
  -1.0902300e-01   1.1948800e-01
  -1.3164500e-01   9.3545698e-02
  -1.4823600e-01   6.3448298e-02
  -1.5806100e-01   3.0572099e-02
  -1.6069800e-01  -3.5853599e-03
  -1.5604900e-01  -3.7473399e-02
  -1.4434800e-01  -6.9558098e-02
  -1.2614800e-01  -9.8392297e-02
  -1.0229100e-01  -1.2268000e-01
  -7.3877698e-02  -1.4133700e-01
  -4.2207599e-02  -1.5353400e-01
  -8.7254698e-03  -1.5874000e-01
   2.5046799e-02  -1.5674200e-01
   5.7578799e-02  -1.4765200e-01
   8.7401398e-02  -1.3190400e-01
   1.1317200e-01  -1.1023200e-01
   1.3373800e-01  -8.3635898e-02
   1.4818200e-01  -5.3336099e-02
   1.5587100e-01  -2.0716099e-02
   1.5647700e-01   1.2739800e-02
   1.4999500e-01   4.5513799e-02
   1.3674100e-01   7.6123898e-02
   1.1733600e-01   1.0319100e-01
   9.2678898e-02   1.2550000e-01
   6.3901798e-02   1.4205600e-01
   3.2321199e-02   1.5212600e-01
  -6.2393498e-04   1.5527700e-01
  -3.3437499e-02   1.5138500e-01
  -6.4633998e-02   1.4065100e-01
  -9.2805598e-02   1.2358100e-01
  -1.1668600e-01   1.0096800e-01
  -1.3520800e-01   7.3853398e-02
  -1.4754800e-01   4.3479599e-02
  -1.5316900e-01   1.1232200e-02
  -1.5183500e-01  -2.1422799e-02
  -1.4363000e-01  -5.3005199e-02
  -1.2894600e-01  -8.2088098e-02
  -1.0846900e-01  -1.0736300e-01
  -8.3144298e-02  -1.2769600e-01
  -5.4133799e-02  -1.4218300e-01
  -2.2762799e-02  -1.5018500e-01
   9.5405297e-03  -1.5136200e-01
   4.1310499e-02  -1.4568000e-01
   7.1110098e-02  -1.3341900e-01
   9.7595997e-02  -1.1515500e-01
   1.1957900e-01  -9.1733098e-02
   1.3607800e-01  -6.4230598e-02
   1.4636400e-01  -3.3905799e-02
   1.4998800e-01  -2.1406499e-03
   1.4681000e-01   2.9621799e-02
   1.3699300e-01   5.9943198e-02
   1.2100300e-01   8.7454998e-02
   9.9583297e-02   1.1092000e-01
   7.3721598e-02   1.2928900e-01
   4.4602499e-02   1.4174500e-01
   1.3554900e-02   1.4774300e-01
  -1.8009200e-02   1.4703200e-01
  -4.8658599e-02   1.3966400e-01
  -7.7008498e-02   1.2599600e-01
  -1.0178200e-01   1.0666400e-01
  -1.2186900e-01   8.2562698e-02
  -1.3637400e-01   5.4798198e-02
  -1.4465700e-01   2.4639299e-02
  -1.4636400e-01  -6.5407998e-03
  -1.4143800e-01  -3.7326899e-02
  -1.3012200e-01  -6.6326098e-02
  -1.1294900e-01  -9.2230697e-02
  -9.0714897e-02  -1.1387800e-01
  -6.4442598e-02  -1.3029900e-01
  -3.5334399e-02  -1.4076900e-01
  -4.7174499e-03  -1.4483200e-01
   2.6017099e-02  -1.4232200e-01
   5.5477098e-02  -1.3337600e-01
   8.2332498e-02  -1.1841800e-01
   1.0537500e-01  -9.8144297e-02
   1.2357400e-01  -7.3489698e-02
   1.3611900e-01  -4.5584399e-02
   1.4246100e-01  -1.5702400e-02
   1.4233200e-01   1.4796900e-02
   1.3575700e-01   4.4530499e-02
   1.2305600e-01   7.2154298e-02
   1.0482200e-01   9.6423897e-02
   8.1897998e-02   1.1625100e-01
   5.5337298e-02   1.3075100e-01
   2.6354099e-02   1.3928500e-01
  -3.7317299e-03   1.4148500e-01
  -3.3554199e-02   1.3727000e-01
  -6.1763598e-02   1.2685300e-01
  -8.7087498e-02   1.1072400e-01
  -1.0838800e-01   8.9630797e-02
  -1.2471400e-01   6.4545298e-02
  -1.3534100e-01   3.6615499e-02
  -1.3980500e-01   7.1151998e-03
  -1.3792500e-01  -2.2614799e-02
  -1.2980400e-01  -5.1227399e-02
  -1.1583100e-01  -7.7430398e-02
  -9.6656397e-02  -1.0004500e-01
  -7.3164798e-02  -1.1805800e-01
  -4.6433499e-02  -1.3066800e-01
  -1.7683399e-02  -1.3732200e-01
   1.1777300e-02  -1.3773600e-01
   4.0612299e-02  -1.3191100e-01
   6.7517698e-02  -1.2013100e-01
   9.1281197e-02  -1.0294800e-01
   1.1083700e-01  -8.1156698e-02
   1.2531100e-01  -5.5758698e-02
   1.3406600e-01  -2.7915399e-02
   1.3672200e-01   1.1047500e-03
   1.3317800e-01   2.9983799e-02
   1.2361500e-01   5.7414498e-02
   1.0848300e-01   8.2159198e-02
   8.8486697e-02   1.0310600e-01
   6.4545798e-02   1.1931700e-01
   3.7756899e-02   1.3007500e-01
   9.3423197e-03   1.3490800e-01
  -1.9406199e-02   1.3361700e-01
  -4.7185799e-02   1.2627900e-01
  -7.2741398e-02   1.1324600e-01
  -9.4922797e-02   9.5125197e-02
  -1.1273600e-01   7.2753498e-02
  -1.2538800e-01   4.7157299e-02
  -1.3232300e-01   1.9505999e-02
  -1.3324300e-01  -8.9419797e-03
  -1.2812600e-01  -3.6895799e-02
  -1.1722400e-01  -6.3091098e-02
  -1.0104700e-01  -8.6347097e-02
  -8.0345098e-02  -1.0562000e-01
  -5.6069598e-02  -1.2004900e-01
  -2.9331199e-02  -1.2899700e-01
  -1.3484400e-03  -1.3207500e-01
   2.6607699e-02  -1.2916300e-01
   5.3271098e-02  -1.2041000e-01
   7.7438598e-02  -1.0623200e-01
   9.8023497e-02  -8.7288397e-02
   1.1410500e-01  -6.4450898e-02
   1.2496800e-01  -3.8766399e-02
   1.3013900e-01  -1.1406900e-02
   1.2940000e-01   1.6383300e-02
   1.2280300e-01   4.3344399e-02
   1.1066600e-01   6.8258098e-02
   9.3555697e-02   9.0002597e-02
   7.2262198e-02   1.0760300e-01
   4.7763199e-02   1.2027600e-01
   2.1177999e-02   1.2746200e-01
  -6.2827898e-03   1.2885300e-01
  -3.3372899e-02   1.2440500e-01
  -5.8866798e-02   1.1433800e-01
  -8.1614998e-02   9.9123997e-02
  -1.0059600e-01   7.9468998e-02
  -1.1496200e-01   5.6276998e-02
  -1.2407700e-01   3.0609199e-02
  -1.2754400e-01   3.6358099e-03
  -1.2522500e-01  -2.3417599e-02
  -1.1724200e-01  -4.9325698e-02
  -1.0397500e-01  -7.2918898e-02
  -8.6041097e-02  -9.3135897e-02
  -6.4267198e-02  -1.0907200e-01
  -3.9651199e-02  -1.2001900e-01
  -1.3316800e-02  -1.2549600e-01
   1.3538000e-02  -1.2527300e-01
   3.9695499e-02  -1.1937800e-01
   6.3973398e-02  -1.0809500e-01
   8.5278097e-02  -9.1952797e-02
   1.0265400e-01  -7.1696998e-02
   1.1532700e-01  -4.8257998e-02
   1.2273800e-01  -2.2707099e-02
   1.2456700e-01   3.7918899e-03
   1.2074900e-01   3.0036099e-02
   1.1147600e-01   5.4837798e-02
   9.7182897e-02   7.7078298e-02
   7.8534098e-02   9.5758697e-02
   5.6387398e-02   1.1004400e-01
   3.1756599e-02   1.1930100e-01
   5.7650498e-03   1.2312700e-01
  -2.0406099e-02   1.2136500e-01
  -4.5570999e-02   1.1411200e-01
  -6.8593298e-02   1.0171500e-01
  -8.8437197e-02   8.4750097e-02
  -1.0421400e-01   6.4000798e-02
  -1.1522200e-01   4.0418299e-02
  -1.2097800e-01   1.5079500e-02
  -1.2123700e-01  -1.0862800e-02
  -1.1600500e-01  -3.6231699e-02
  -1.0553600e-01  -5.9880298e-02
  -9.0321197e-02  -8.0743097e-02
  -7.1063698e-02  -9.7883997e-02
  -4.8648498e-02  -1.1053900e-01
  -2.4100599e-02  -1.1814800e-01
   1.4617500e-03  -1.2038200e-01
   2.6877699e-02  -1.1715900e-01
   5.0996798e-02  -1.0864000e-01
   7.2730798e-02  -9.5227897e-02
   9.1103097e-02  -7.7545598e-02
   1.0529200e-01  -5.6407098e-02
   1.1466900e-01  -3.2780499e-02
   1.1882300e-01  -7.7435898e-03
   1.1758300e-01   1.7565499e-02
   1.1102300e-01   4.1999699e-02
   9.9455197e-02   6.4455298e-02
   8.3420097e-02   8.3921697e-02
   6.3657698e-02   9.9526597e-02
   4.1074499e-02   1.1057600e-01
   1.6702099e-02   1.1658200e-01
  -8.3501397e-03   1.1729100e-01
  -3.2945699e-02   1.1268600e-01
  -5.5972198e-02   1.0299200e-01
  -7.6391698e-02   8.8665097e-02
  -9.3287897e-02   7.0367698e-02
  -1.0590600e-01   4.8941098e-02
  -1.1369000e-01   2.5365399e-02
  -1.1630000e-01   7.1494998e-04
  -1.1363500e-01  -2.3890499e-02
  -1.0583300e-01  -4.7336898e-02
  -9.3262797e-02  -6.8566198e-02
  -7.6508597e-02  -8.6623797e-02
  -5.6342198e-02  -1.0070200e-01
  -3.3687599e-02  -1.1017600e-01
  -9.5785697e-03  -1.1463100e-01
   1.4888600e-02  -1.1388100e-01
   3.8604799e-02  -1.0797600e-01
   6.0498398e-02  -9.7199597e-02
   7.9583697e-02  -8.2055697e-02
   9.5005197e-02  -6.3243498e-02
   1.0607600e-01  -4.1626199e-02
   1.1230800e-01  -1.8191799e-02
   1.1343600e-01   5.9929698e-03
   1.0942200e-01   2.9830499e-02
   1.0046600e-01   5.2242298e-02
   8.6988697e-02   7.2218098e-02
   6.9614298e-02   8.8860897e-02
   4.9141798e-02   1.0142700e-01
   2.6508199e-02   1.0936100e-01
   2.7452299e-03   1.1231800e-01
  -2.1067599e-02   1.1017900e-01
  -4.3851599e-02   1.0305700e-01
  -6.4578398e-02   9.1291197e-02
  -8.2315797e-02   7.5427797e-02
  -9.6269797e-02   5.6198398e-02
  -1.0582100e-01   3.4484399e-02
  -1.1054900e-01   1.1276900e-02
  -1.1025700e-01  -1.2368600e-02
  -1.0497300e-01  -3.5379699e-02
  -9.4951097e-02  -5.6716498e-02
  -8.0661297e-02  -7.5417897e-02
  -6.2763498e-02  -9.0645497e-02
  -4.2079599e-02  -1.0172000e-01
  -1.9555099e-02  -1.0815400e-01
   3.7843599e-03  -1.0967000e-01
   2.6879199e-02  -1.0621500e-01
   4.8684398e-02  -9.7960397e-02
   6.8216598e-02  -8.5295797e-02
   8.4598297e-02  -6.8808298e-02
   9.7097597e-02  -4.9256598e-02
   1.0516100e-01  -2.7535599e-02
   1.0843600e-01  -4.6358698e-03
   1.0679100e-01   1.8401999e-02
   1.0031500e-01   4.0534299e-02
   8.9316497e-02   6.0761598e-02
   7.4307797e-02   7.8173797e-02
   5.5981198e-02   9.1991397e-02
   3.5176999e-02   1.0160000e-01
   1.2845100e-02   1.0657700e-01
  -9.9985097e-03   1.0671300e-01
  -3.2317699e-02   1.0201500e-01
  -5.3103298e-02   9.2712597e-02
  -7.1418998e-02   7.9240797e-02
  -8.6442997e-02   6.2222898e-02
  -9.7505297e-02   4.2440599e-02
  -1.0411700e-01   2.0798499e-02
  -1.0599400e-01  -1.7176499e-03
  -1.0306500e-01  -2.4085399e-02
  -9.5477197e-02  -4.5292198e-02
  -8.3589897e-02  -6.4381498e-02
  -6.7954598e-02  -8.0495397e-02
  -4.9290998e-02  -9.2913497e-02
  -2.8453799e-02  -1.0108500e-01
  -6.3934098e-03  -1.0465400e-01
   1.5887299e-02  -1.0347100e-01
   3.7378599e-02  -9.7607497e-02
   5.7109898e-02  -8.7341697e-02
   7.4193097e-02  -7.3152897e-02
   8.7862797e-02  -5.5695898e-02
   9.7510797e-02  -3.5771399e-02
   1.0271300e-01  -1.4289599e-02
   1.0324700e-01   7.7719697e-03
   9.9104396e-02   2.9412399e-02
   9.0486597e-02   4.9652998e-02
   7.7798197e-02   6.7581598e-02
   6.1626498e-02   8.2393497e-02
   4.2714798e-02   9.3427797e-02
   2.1928099e-02   1.0019700e-01
   2.1357199e-04   1.0240700e-01
  -2.1442499e-02   9.9972696e-02
  -4.2059598e-02   9.3018897e-02
  -6.0707398e-02   8.1874497e-02
  -7.6547597e-02   6.7057498e-02
  -8.8871697e-02   4.9250198e-02
  -9.7132597e-02   2.9268599e-02
  -1.0096900e-01   8.0241297e-03
  -1.0022100e-01  -1.3517000e-02
  -9.4936597e-02  -3.4378499e-02
  -8.5369797e-02  -5.3617698e-02
  -7.1967097e-02  -7.0368497e-02
  -5.5347298e-02  -8.3880197e-02
  -3.6273299e-02  -9.3550897e-02
  -1.5616499e-02  -9.8954896e-02
   5.6826398e-03  -9.9860796e-02
   2.6657699e-02  -9.6241696e-02
   4.6359798e-02  -8.8275597e-02
   6.3900598e-02  -7.6336997e-02
   7.8492797e-02  -6.0978898e-02
   8.9484597e-02  -4.2907598e-02
   9.6389596e-02  -2.2949899e-02
   9.8908096e-02  -2.0155199e-03
   9.6939496e-02   1.8944499e-02
   9.0587297e-02   3.8980799e-02
   8.0152797e-02   5.7189098e-02
   6.6121298e-02   7.2750397e-02
   4.9139498e-02   8.4968497e-02
   2.9985699e-02   9.3300397e-02
   9.5341096e-03   9.7381196e-02
  -1.1285100e-02   9.7039196e-02
  -3.1527999e-02   9.2303897e-02
  -5.0279598e-02   8.3403497e-02
  -6.6695498e-02   7.0754097e-02
  -8.0039597e-02   5.4940298e-02
  -8.9717297e-02   3.6688099e-02
  -9.5301796e-02   1.6831799e-02
  -9.6553096e-02  -3.7244499e-03
  -9.3427997e-02  -2.4047599e-02
  -8.6081897e-02  -4.3217998e-02
  -7.4860597e-02  -6.0371098e-02
  -6.0284498e-02  -7.4736597e-02
  -4.3024098e-02  -8.5672497e-02
  -2.3869599e-02  -9.2694497e-02
  -3.6941499e-03  -9.5496796e-02
   1.6585299e-02  -9.3965796e-02
   3.6049999e-02  -8.8184397e-02
   5.3821198e-02  -7.8427597e-02
   6.9099397e-02  -6.5149898e-02
   8.1200497e-02  -4.8963598e-02
   8.9586497e-02  -3.0610699e-02
   9.3889196e-02  -1.0929200e-02
   9.3926696e-02   9.1855497e-03
   8.9710697e-02   2.8821199e-02
   8.1445297e-02   4.7090098e-02
   6.9517697e-02   6.3169198e-02
   5.4479298e-02   7.6337297e-02
   3.7021099e-02   8.6007197e-02
   1.7941099e-02   9.1751897e-02
  -1.8915199e-03   9.3323596e-02
  -2.1576299e-02   9.0664297e-02
  -4.0222198e-02   8.3907597e-02
  -5.6988198e-02   7.3372297e-02
  -7.1120797e-02   5.9547498e-02
  -8.1988497e-02   4.3069398e-02
  -8.9109297e-02   2.4692599e-02
  -9.2172396e-02   5.2552198e-03
  -9.1051897e-02  -1.4359099e-02
  -8.5811597e-02  -3.3261699e-02
  -7.6701897e-02  -5.0598798e-02
  -6.4147198e-02  -6.5590097e-02
  -4.8727098e-02  -7.7564197e-02
  -3.1148699e-02  -8.5988197e-02
  -1.2214900e-02  -9.0491797e-02
   7.2126397e-03  -9.0883396e-02
   2.6252599e-02  -8.7158197e-02
   4.4044098e-02  -7.9497697e-02
   5.9785198e-02  -6.8261097e-02
   7.2769497e-02  -5.3968698e-02
   8.2417797e-02  -3.7277099e-02
   8.8303597e-02  -1.8949799e-02
   9.0171996e-02   1.7821099e-04
   8.7951197e-02   1.9238099e-02
   8.1754497e-02   3.7366999e-02
   7.1874997e-02   5.3746898e-02
   5.8771698e-02   6.7641497e-02
   4.3047998e-02   7.8429397e-02
   2.5424099e-02   8.5631797e-02
   6.7042897e-03   8.8933797e-02
  -1.2260500e-02   8.8198097e-02
  -3.0610499e-02   8.3470597e-02
  -4.7516798e-02   7.4977997e-02
  -6.2218298e-02   6.3116698e-02
  -7.4056097e-02   4.8434398e-02
  -8.2503197e-02   3.1604799e-02
  -8.7187597e-02   1.3396799e-02
  -8.7909097e-02  -5.3608398e-03
  -8.4647397e-02  -2.3816799e-02
  -7.7562597e-02  -4.1136398e-02
  -6.6987697e-02  -5.6538798e-02
  -5.3412398e-02  -6.9332497e-02
  -3.7460899e-02  -7.8946397e-02
  -1.9863099e-02  -8.4955097e-02
  -1.4209499e-03  -8.7097697e-02
   1.7027699e-02  -8.5289397e-02
   3.4647399e-02  -7.9624497e-02
   5.0642798e-02  -7.0371597e-02
   6.4294697e-02  -5.7960898e-02
   7.4992197e-02  -4.2964398e-02
   8.2260097e-02  -2.6069299e-02
   8.5780197e-02  -8.0466797e-03
   8.5404597e-02   1.0283800e-02
   8.1162697e-02   2.8091099e-02
   7.3258597e-02   4.4570498e-02
   6.2061898e-02   5.8979798e-02
   4.8089798e-02   7.0672997e-02
   3.1983799e-02   7.9129097e-02
   1.4479899e-02   8.3975297e-02
  -3.6247799e-03   8.5003597e-02
  -2.1508499e-02   8.2179197e-02
  -3.8362198e-02   7.5642297e-02
  -5.3425698e-02   6.5700397e-02
  -6.6022597e-02   5.2814398e-02
  -7.5590197e-02   3.7577198e-02
  -8.1704697e-02   2.0686099e-02
  -8.4100097e-02   2.9112199e-03
  -8.2679397e-02  -1.4939699e-02
  -7.7519097e-02  -3.2058199e-02
  -6.8864597e-02  -4.7671198e-02
  -5.7118698e-02  -6.1076398e-02
  -4.2822998e-02  -7.1673797e-02
  -2.6632899e-02  -7.8992097e-02
  -9.2875396e-03  -8.2710397e-02
   8.4239897e-03  -8.2671497e-02
   2.5698499e-02  -7.8888997e-02
   4.1755098e-02  -7.1545797e-02
   5.5870398e-02  -6.0985797e-02
   6.7411397e-02  -4.7697098e-02
   7.5863497e-02  -3.2290199e-02
   8.0853497e-02  -1.5469299e-02
   8.2166597e-02   1.9992999e-03
   7.9754597e-02   1.9322599e-02
   7.3738397e-02   3.5716499e-02
   6.4401997e-02   5.0441598e-02
   5.2178398e-02   6.2836297e-02
   3.7630198e-02   7.2346597e-02
   2.1423599e-02   7.8550797e-02
   4.2976698e-03   8.1178397e-02
  -1.2969199e-02   8.0121597e-02
  -2.9594499e-02   7.5439897e-02
  -4.4827598e-02   6.7356497e-02
  -5.7982798e-02   5.6248298e-02
  -6.8471097e-02   4.2627798e-02
  -7.5825697e-02   2.7119499e-02
  -7.9723497e-02   1.0431800e-02
  -7.9998897e-02  -6.6759297e-03
