   1.6927500e+01  -1.4581600e-04
   1.6462600e+01   3.6557200e+00
   1.5141200e+01   7.0772700e+00
   1.3053900e+01   1.0057600e+01
   1.0341700e+01   1.2421400e+01
   7.1854000e+00   1.4036900e+01
   3.7925200e+00   1.4824900e+01
   3.8229800e-01   1.4763300e+01
  -2.8300000e+00   1.3888200e+01
  -5.6482500e+00   1.2290000e+01
  -7.9091100e+00   1.0106200e+01
  -9.4930200e+00   7.5102100e+00
  -1.0331900e+01   4.6985800e+00
  -1.0412700e+01   1.8757900e+00
  -9.7773400e+00  -7.6072200e-01
  -8.5177500e+00  -3.0349200e+00
  -6.7680500e+00  -4.8046500e+00
  -4.6932400e+00  -5.9713600e+00
  -2.4758900e+00  -6.4863100e+00
  -3.0179600e-01  -6.3529000e+00
   1.6544300e+00  -5.6249800e+00
   3.2425300e+00  -4.4012600e+00
   4.3477700e+00  -2.8164500e+00
   4.8990000e+00  -1.0296700e+00
   4.8733400e+00   7.8877200e-01
   4.2968100e+00   2.4713000e+00
   3.2413000e+00   3.8665200e+00
   1.8177400e+00   4.8512600e+00
   1.6644500e-01   5.3400900e+00
  -1.5549000e+00   5.2917800e+00
  -3.1844100e+00   4.7121800e+00
  -4.5694700e+00   3.6532000e+00
  -5.5792600e+00   2.2081800e+00
  -6.1154800e+00   5.0388000e-01
  -6.1204100e+00  -1.3100900e+00
  -5.5816000e+00  -3.0737000e+00
  -4.5329600e+00  -4.6297500e+00
  -3.0520900e+00  -5.8367900e+00
  -1.2540600e+00  -6.5808000e+00
   7.1776800e-01  -6.7847500e+00
   2.7032500e+00  -6.4150600e+00
   4.5382900e+00  -5.4847000e+00
   6.0680700e+00  -4.0525700e+00
   7.1596100e+00  -2.2191800e+00
   7.7125500e+00  -1.1904600e-01
   7.6675100e+00   2.0896800e+00
   7.0112100e+00   4.2374700e+00
   5.7779700e+00   6.1566300e+00
   4.0475300e+00   7.6945100e+00
   1.9392600e+00   8.7255300e+00
  -3.9674300e-01   9.1612200e+00
  -2.7909700e+00   8.9573600e+00
  -5.0674300e+00   8.1178200e+00
  -7.0571300e+00   6.6946400e+00
  -8.6110600e+00   4.7843400e+00
  -9.6117200e+00   2.5209300e+00
  -9.9823000e+00   6.5816900e-02
  -9.6927100e+00  -2.4042400e+00
  -8.7621200e+00  -4.7105600e+00
  -7.2577100e+00  -6.6860600e+00
  -5.2897100e+00  -8.1879600e+00
  -3.0032400e+00  -9.1087100e+00
  -5.6734700e-01  -9.3841700e+00
   1.8377000e+00  -8.9986200e+00
   4.0340600e+00  -7.9859300e+00
   5.8597400e+00  -6.4271600e+00
   7.1809200e+00  -4.4444100e+00
   7.9020500e+00  -2.1916200e+00
   7.9731100e+00   1.5706000e-01
   7.3934200e+00   2.4204500e+00
   6.2116600e+00   4.4240200e+00
   4.5222300e+00   6.0131400e+00
   2.4580600e+00   7.0647000e+00
   1.8060400e-01   7.4964800e+00
  -2.1324100e+00   7.2733100e+00
  -4.3003700e+00   6.4096900e+00
  -6.1534200e+00   4.9687200e+00
  -7.5452500e+00   3.0572900e+00
  -8.3640600e+00   8.1798400e-01
  -8.5409700e+00  -1.5816400e+00
  -8.0550800e+00  -3.9616900e+00
  -6.9350000e+00  -6.1434000e+00
  -5.2565900e+00  -7.9625400e+00
  -3.1371400e+00  -9.2816300e+00
  -7.2656100e-01  -1.0000100e+01
   1.8039800e+00  -1.0061700e+01
   4.2748300e+00  -9.4583000e+00
   6.5112900e+00  -8.2306200e+00
   8.3565400e+00  -6.4645100e+00
   9.6831500e+00  -4.2844900e+00
   1.0402300e+01  -1.8441600e+00
   1.0470200e+01   6.8547600e-01
   9.8904700e+00   3.1288500e+00
   8.7139200e+00   5.3189300e+00
   7.0338600e+00   7.1095900e+00
   4.9787100e+00   8.3861900e+00
   2.7019300e+00   9.0737800e+00
   3.7015800e-01   9.1421100e+00
  -1.8495100e+00   8.6072500e+00
  -3.8021500e+00   7.5296500e+00
  -5.3565400e+00   6.0088300e+00
  -6.4147700e+00   4.1751500e+00
  -6.9191300e+00   2.1793300e+00
  -6.8559000e+00   1.8047200e-01
  -6.2555700e+00  -1.6663300e+00
  -5.1898100e+00  -3.2220100e+00
  -3.7651000e+00  -4.3741100e+00
  -2.1138300e+00  -5.0451900e+00
  -3.8344600e-01  -5.1984000e+00
   1.2755200e+00  -4.8398100e+00
   2.7214800e+00  -4.0173500e+00
   3.8330500e+00  -2.8164200e+00
   4.5185800e+00  -1.3526200e+00
   4.7233400e+00   2.3785500e-01
   4.4336000e+00   1.8094900e+00
   3.6775500e+00   3.2192600e+00
   2.5228200e+00   4.3383400e+00
   1.0708200e+00   5.0625000e+00
  -5.5148200e-01   5.3206600e+00
  -2.2019300e+00   5.0806400e+00
  -3.7346800e+00   4.3519600e+00
  -5.0120500e+00   3.1852000e+00
  -5.9157100e+00   1.6681600e+00
  -6.3563800e+00  -8.0955200e-02
  -6.2812300e+00  -1.9228300e+00
  -5.6785000e+00  -3.7079500e+00
  -4.5787800e+00  -5.2884500e+00
  -3.0531200e+00  -6.5298500e+00
  -1.2078000e+00  -7.3218300e+00
   8.2354800e-01  -7.5871300e+00
   2.8901100e+00  -7.2880200e+00
   4.8353700e+00  -6.4296200e+00
   6.5091300e+00  -5.0600400e+00
   7.7791500e+00  -3.2671000e+00
   8.5414200e+00  -1.1720700e+00
   8.7283300e+00   1.0792600e+00
   8.3141600e+00   3.3273900e+00
   7.3173200e+00   5.4110300e+00
   5.7993000e+00   7.1791900e+00
   3.8603500e+00   8.5025600e+00
   1.6321700e+00   9.2832700e+00
  -7.3175200e-01   9.4623000e+00
  -3.0674400e+00   9.0239600e+00
  -5.2126000e+00   7.9971400e+00
  -7.0186100e+00   6.4532000e+00
  -8.3614700e+00   4.5007000e+00
  -9.1509600e+00   2.2772800e+00
  -9.3372000e+00  -6.0565300e-02
  -8.9141300e+00  -2.3491000e+00
  -7.9198100e+00  -4.4294900e+00
  -6.4332900e+00  -6.1595300e+00
  -4.5685000e+00  -7.4240700e+00
  -2.4655200e+00  -8.1433000e+00
  -2.7994100e-01  -8.2784300e+00
   1.8288600e+00  -7.8341800e+00
   3.7096700e+00  -6.8580000e+00
   5.2307100e+00  -5.4360500e+00
   6.2892700e+00  -3.6863200e+00
   6.8191500e+00  -1.7493900e+00
   6.7952700e+00   2.2249600e-01
   6.2350600e+00   2.0770700e+00
   5.1966500e+00   3.6736600e+00
   3.7739500e+00   4.8938100e+00
   2.0890800e+00   5.6500600e+00
   2.8264000e-01   5.8923600e+00
  -1.4973100e+00   5.6115100e+00
  -3.1067900e+00   4.8394600e+00
  -4.4169600e+00   3.6464100e+00
  -5.3240500e+00   2.1350100e+00
  -5.7571700e+00   4.3212900e-01
  -5.6835900e+00  -1.3212700e+00
  -5.1109800e+00  -2.9812100e+00
  -4.0865700e+00  -4.4119500e+00
  -2.6932200e+00  -5.4965700e+00
  -1.0427100e+00  -6.1459600e+00
   7.3310300e-01  -6.3056900e+00
   2.4926900e+00  -5.9600800e+00
   4.0959400e+00  -5.1332900e+00
   5.4151000e+00  -3.8872900e+00
   6.3446700e+00  -2.3169000e+00
   6.8096100e+00  -5.4231500e-01
   6.7710400e+00   1.3003200e+00
   6.2292500e+00   3.0695400e+00
   5.2234900e+00   4.6295400e+00
   3.8289400e+00   5.8607300e+00
   2.1507300e+00   6.6689400e+00
   3.1574900e-01   6.9927000e+00
  -1.5372300e+00   6.8078700e+00
  -3.2683000e+00   6.1294400e+00
  -4.7472500e+00   5.0102800e+00
  -5.8636100e+00   3.5369200e+00
  -6.5351100e+00   1.8228100e+00
  -6.7139700e+00  -5.6842800e-04
  -6.3904800e+00  -1.7938800e+00
  -5.5936200e+00  -3.4207500e+00
  -4.3887100e+00  -4.7583200e+00
  -2.8722200e+00  -5.7066600e+00
  -1.1642200e+00  -6.1964500e+00
   6.0103000e-01  -6.1942900e+00
   2.2855100e+00  -5.7051000e+00
   3.7581600e+00  -4.7716700e+00
   4.9050400e+00  -3.4712100e+00
   5.6381500e+00  -1.9092900e+00
   5.9021600e+00  -2.1149300e-01
   5.6787200e+00   1.4863300e+00
   4.9877300e+00   3.0486700e+00
   3.8858100e+00   4.3509500e+00
   2.4618100e+00   5.2891300e+00
   8.2985900e-01   5.7878900e+00
  -8.7949600e-01   5.8063800e+00
  -2.5294700e+00   5.3415100e+00
  -3.9876900e+00   4.4281000e+00
  -5.1364400e+00   3.1362900e+00
  -5.8818600e+00   1.5660700e+00
  -6.1612500e+00  -1.6039800e-01
  -5.9479800e+00  -1.9082000e+00
  -5.2535900e+00  -3.5401000e+00
  -4.1270300e+00  -4.9271200e+00
  -2.6509300e+00  -5.9585000e+00
  -9.3533100e-01  -6.5502600e+00
   8.9067200e-01  -6.6516900e+00
   2.6888200e+00  -6.2493500e+00
   4.3222100e+00  -5.3681500e+00
   5.6657500e+00  -4.0695200e+00
   6.6157400e+00  -2.4468300e+00
   7.0977100e+00  -6.1829500e-01
   7.0721800e+00   1.2819500e+00
   6.5376000e+00   3.1139700e+00
   5.5305500e+00   4.7426500e+00
   4.1228900e+00   6.0478500e+00
   2.4163700e+00   6.9334800e+00
   5.3489900e-01   7.3346800e+00
  -1.3848000e+00   7.2226400e+00
  -3.2035300e+00   6.6066700e+00
  -4.7900300e+00   5.5334000e+00
  -6.0308700e+00   4.0830600e+00
  -6.8388300e+00   2.3634000e+00
  -7.1593400e+00   5.0137300e-01
  -6.9743900e+00  -1.3664700e+00
  -6.3036500e+00  -3.1043200e+00
  -5.2027000e+00  -4.5873300e+00
  -3.7586200e+00  -5.7109600e+00
  -2.0831200e+00  -6.3986500e+00
  -3.0392800e-01  -6.6074100e+00
   1.4450600e+00  -6.3307800e+00
   3.0339600e+00  -5.5989600e+00
   4.3467700e+00  -4.4761700e+00
   5.2900400e+00  -3.0554500e+00
   5.7998200e+00  -1.4512400e+00
   5.8462400e+00   2.0955500e-01
   5.4354900e+00   1.7974800e+00
   4.6089500e+00   3.1904700e+00
   3.4397000e+00   4.2832100e+00
   2.0265800e+00   4.9951400e+00
   4.8623200e-01   5.2764400e+00
  -1.0560500e+00   5.1116500e+00
  -2.4761600e+00   4.5206100e+00
  -3.6608900e+00   3.5565800e+00
  -4.5166200e+00   2.3019000e+00
  -4.9766100e+00   8.6130900e-01
  -5.0059500e+00  -6.4636200e-01
  -4.6042200e+00  -2.0976100e+00
  -3.8053200e+00  -3.3739800e+00
  -2.6746400e+00  -4.3712900e+00
  -1.3038700e+00  -5.0078400e+00
   1.9632500e-01  -5.2307100e+00
   1.7050200e+00  -5.0198500e+00
   3.1005200e+00  -4.3896000e+00
   4.2699300e+00  -3.3875400e+00
   5.1179700e+00  -2.0907100e+00
   5.5744300e+00  -5.9958100e-01
   5.5996600e+00   9.6978000e-01
   5.1876400e+00   2.4947900e+00
   4.3665200e+00   3.8558900e+00
   3.1964200e+00   4.9458300e+00
   1.7647800e+00   5.6780300e+00
   1.7962100e-01   5.9933000e+00
  -1.4388100e+00   5.8644500e+00
  -2.9673100e+00   5.2984100e+00
  -4.2892400e+00   4.3357500e+00
  -5.3035200e+00   3.0475500e+00
  -5.9324200e+00   1.5299400e+00
  -6.1275300e+00  -1.0326400e-01
  -5.8734700e+00  -1.7293000e+00
  -5.1891200e+00  -3.2258900e+00
  -4.1260900e+00  -4.4806100e+00
  -2.7648000e+00  -5.3995000e+00
  -1.2082700e+00  -5.9142100e+00
   4.2576500e-01  -5.9872600e+00
   2.0139100e+00  -5.6147900e+00
   3.4365500e+00  -4.8268800e+00
   4.5869400e+00  -3.6851100e+00
   5.3794100e+00  -2.2778600e+00
   5.7558400e+00  -7.1344500e-01
   5.6900200e+00   8.8821100e-01
   5.1896100e+00   2.4047600e+00
   4.2954300e+00   3.7208000e+00
   3.0782800e+00   4.7367100e+00
   1.6333900e+00   5.3762100e+00
   7.3093700e-02   5.5921300e+00
  -1.4818200e+00   5.3699700e+00
  -2.9114300e+00   4.7288600e+00
  -4.1058300e+00   3.7200700e+00
  -4.9735400e+00   2.4229100e+00
  -5.4484600e+00   9.3862400e-01
  -5.4948800e+00  -6.1747200e-01
  -5.1101100e+00  -2.1248500e+00
  -4.3246000e+00  -3.4670300e+00
  -3.1995300e+00  -4.5405000e+00
  -1.8220100e+00  -5.2626300e+00
  -2.9835400e-01  -5.5779200e+00
   1.2541400e+00  -5.4622000e+00
   2.7161900e+00  -4.9243900e+00
   3.9756600e+00  -4.0057200e+00
   4.9361500e+00  -2.7764700e+00
   5.5243200e+00  -1.3305600e+00
   5.6954200e+00   2.2176300e-01
   5.4366100e+00   1.7623700e+00
   4.7679100e+00   3.1743300e+00
   3.7404700e+00   4.3507900e+00
   2.4326200e+00   5.2031800e+00
   9.4379000e-01   5.6678300e+00
  -6.1321100e-01   5.7108100e+00
  -2.1208100e+00   5.3303500e+00
  -3.4657000e+00   4.5568700e+00
  -4.5474300e+00   3.4505000e+00
  -5.2860800e+00   2.0963700e+00
  -5.6281900e+00   5.9799200e-01
  -5.5507900e+00  -9.3076500e-01
  -5.0629300e+00  -2.3744000e+00
  -4.2048700e+00  -3.6246500e+00
  -3.0448100e+00  -4.5887000e+00
  -1.6735000e+00  -5.1962300e+00
  -1.9715900e-01  -5.4046500e+00
   1.2707300e+00  -5.2022400e+00
   2.6182100e+00  -4.6088100e+00
   3.7434300e+00  -3.6740500e+00
   4.5624100e+00  -2.4734800e+00
   5.0154000e+00  -1.1025200e+00
   5.0713500e+00   3.3101400e-01
   4.7301400e+00   1.7152800e+00
   4.0223700e+00   2.9430700e+00
   3.0068900e+00   3.9200900e+00
   1.7660400e+00   4.5721700e+00
   3.9916000e-01   4.8508900e+00
  -9.8518900e-01   4.7372600e+00
  -2.2776900e+00   4.2429800e+00
  -3.3767800e+00   3.4094400e+00
  -4.1964600e+00   2.3043700e+00
  -4.6730000e+00   1.0164800e+00
  -4.7697400e+00  -3.5154500e-01
  -4.4798700e+00  -1.6910300e+00
  -3.8269200e+00  -2.8958200e+00
  -2.8627700e+00  -3.8705100e+00
  -1.6636200e+00  -4.5378600e+00
  -3.2399400e-01  -4.8447300e+00
   1.0506700e+00  -4.7662300e+00
   2.3521800e+00  -4.3075400e+00
   3.4780200e+00  -3.5035300e+00
   4.3393200e+00  -2.4160100e+00
   4.8676800e+00  -1.1289000e+00
   5.0205200e+00   2.5827100e-01
   4.7843200e+00   1.6380700e+00
   4.1756900e+00   2.9034900e+00
   3.2400400e+00   3.9561800e+00
   2.0481100e+00   4.7140900e+00
   6.9048600e-01   5.1177300e+00
  -7.2936500e-01   5.1348000e+00
  -2.1030700e+00   4.7626400e+00
  -3.3256700e+00   4.0284200e+00
  -4.3036800e+00   2.9870700e+00
  -4.9622700e+00   1.7170200e+00
  -5.2509400e+00   3.1420100e-01
  -5.1474100e+00  -1.1153300e+00
  -4.6592900e+00  -2.4635200e+00
  -3.8234500e+00  -3.6285500e+00
  -2.7031300e+00  -4.5226600e+00
  -1.3831500e+00  -5.0787800e+00
   3.6697000e-02  -5.2556100e+00
   1.4492300e+00  -5.0407500e+00
   2.7480900e+00  -4.4515400e+00
   3.8358600e+00  -3.5336800e+00
   4.6314400e+00  -2.3576600e+00
   5.0762100e+00  -1.0133100e+00
   5.1383900e+00   3.9712900e-01
   4.8153800e+00   1.7668200e+00
   4.1338800e+00   2.9925000e+00
   3.1476800e+00   3.9823700e+00
   1.9334800e+00   4.6630000e+00
   5.8493300e-01   4.9849200e+00
  -7.9460000e-01   4.9262100e+00
  -2.0999700e+00   4.4941300e+00
  -3.2323200e+00   3.7243700e+00
  -4.1065600e+00   2.6781900e+00
  -4.6578600e+00   1.4376200e+00
  -4.8465200e+00   9.9074800e-02
  -4.6608300e+00  -1.2341300e+00
  -4.1178600e+00  -2.4597300e+00
  -3.2620200e+00  -3.4843300e+00
  -2.1614500e+00  -4.2305500e+00
  -9.0273900e-01  -4.6429000e+00
   4.1590600e-01  -4.6919200e+00
   1.6922200e+00  -4.3762900e+00
   2.8277800e+00  -3.7228600e+00
   3.7356200e+00  -2.7843500e+00
   4.3467900e+00  -1.6352500e+00
   4.6156800e+00  -3.6590400e-01
   4.5233700e+00   9.2449300e-01
   4.0790000e+00   2.1356200e+00
   3.3189200e+00   3.1737600e+00
   2.3037900e+00   3.9590600e+00
   1.1137700e+00   4.4315900e+00
  -1.5772700e-01   4.5559300e+00
  -1.4113600e+00   4.3238400e+00
  -2.5495300e+00   3.7547400e+00
  -3.4839300e+00   2.8941700e+00
  -4.1423700e+00   1.8101600e+00
  -4.4743100e+00   5.8786700e-01
  -4.4546900e+00  -6.7701300e-01
  -4.0858200e+00  -1.8857300e+00
  -3.3971400e+00  -2.9441200e+00
  -2.4428500e+00  -3.7698700e+00
  -1.2976700e+00  -4.2988600e+00
  -5.1045000e-02  -4.4901200e+00
   1.1998600e+00  -4.3289100e+00
   2.3576300e+00  -3.8278400e+00
   3.3321600e+00  -3.0258500e+00
   4.0476000e+00  -1.9851400e+00
   4.4481800e+00  -7.8635700e-01
   4.5025100e+00   4.7766300e-01
   4.2059300e+00   1.7090700e+00
   3.5808900e+00   2.8125500e+00
   2.6751300e+00   3.7026600e+00
   1.5580300e+00   4.3104000e+00
   3.1521600e-01   4.5884700e+00
  -9.5804300e-01   4.5149500e+00
  -2.1641400e+00   4.0948600e+00
  -3.2106500e+00   3.3598200e+00
  -4.0174000e+00   2.3655500e+00
  -4.5225700e+00   1.1875500e+00
  -4.6874600e+00  -8.4656200e-02
  -4.4993700e+00  -1.3544700e+00
  -3.9725000e+00  -2.5255700e+00
  -3.1468700e+00  -3.5093000e+00
  -2.0851600e+00  -4.2314100e+00
  -8.6789400e-01  -4.6377000e+00
   4.1279000e-01  -4.6981100e+00
   1.6601700e+00  -4.4089600e+00
   2.7803600e+00  -3.7931000e+00
   3.6894400e+00  -2.8981500e+00
   4.3198500e+00  -1.7927200e+00
   4.6254900e+00  -5.6112700e-01
   4.5851100e+00   7.0311000e-01
   4.2038700e+00   1.9044400e+00
   3.5128300e+00   2.9525900e+00
   2.5664400e+00   3.7694400e+00
   1.4382800e+00   4.2949300e+00
   2.1533700e-01   4.4915500e+00
  -1.0087000e+00   4.3471300e+00
  -2.1406600e+00   3.8756200e+00
  -3.0950200e+00   3.1158900e+00
  -3.8004400e+00   2.1286000e+00
  -4.2051100e+00   9.9147300e-01
  -4.2806900e+00  -2.0679800e-01
  -4.0242900e+00  -1.3734200e+00
  -3.4586200e+00  -2.4186300e+00
  -2.6300700e+00  -3.2626500e+00
  -1.6050100e+00  -3.8416900e+00
  -4.6459100e-01  -4.1128600e+00
   7.0159500e-01  -4.0573500e+00
   1.8024800e+00  -3.6817300e+00
   2.7525700e+00  -3.0173700e+00
   3.4785100e+00  -2.1178700e+00
   3.9246900e+00  -1.0548100e+00
   4.0575300e+00   8.7812600e-02
   3.8679100e+00   1.2202200e+00
   3.3718400e+00   2.2537600e+00
   2.6091200e+00   3.1078000e+00
   1.6401400e+00   3.7159300e+00
   5.4116600e-01   4.0310800e+00
  -6.0164300e-01   4.0291000e+00
  -1.6989200e+00   3.7105500e+00
  -2.6650300e+00   3.1006100e+00
  -3.4247000e+00   2.2470500e+00
  -3.9188200e+00   1.2165100e+00
  -4.1090100e+00   8.9228400e-02
  -3.9804900e+00  -1.0471100e+00
  -3.5432400e+00  -2.1042500e+00
  -2.8311600e+00  -3.0001500e+00
  -1.8993900e+00  -3.6653400e+00
  -8.2006200e-01  -4.0482600e+00
   3.2335900e-01  -4.1192100e+00
   1.4424900e+00  -3.8726500e+00
   2.4508900e+00  -3.3275600e+00
   3.2706900e+00  -2.5259400e+00
   3.8386400e+00  -1.5295900e+00
   4.1109200e+00  -4.1525500e-01
   4.0665100e+00   7.3124200e-01
   3.7088000e+00   1.8216600e+00
   3.0652600e+00   2.7721000e+00
   2.1853300e+00   3.5095100e+00
   1.1366000e+00   3.9772000e+00
  -4.3243700e-04   4.1392700e+00
  -1.1385500e+00   3.9832600e+00
  -2.1905100e+00   3.5211400e+00
  -3.0757400e+00   2.7883100e+00
  -3.7265000e+00   1.8408900e+00
  -4.0930900e+00   7.5136800e-01
  -4.1475500e+00  -3.9698300e-01
  -3.8858500e+00  -1.5164800e+00
  -3.3281100e+00  -2.5217600e+00
  -2.5170100e+00  -3.3362900e+00
  -1.5145100e+00  -3.8982100e+00
  -3.9706300e-01  -4.1650400e+00
   7.5027600e-01  -4.1168600e+00
   1.8403300e+00  -3.7577800e+00
   2.7905000e+00  -3.1155600e+00
   3.5289900e+00  -2.2394500e+00
   4.0003400e+00  -1.1963600e+00
   4.1695300e+00  -6.5693100e-02
   4.0246000e+00   1.0667400e+00
   3.5775200e+00   2.1152900e+00
   2.8631300e+00   3.0009600e+00
   1.9364600e+00   3.6574700e+00
   8.6840500e-01   4.0361800e+00
  -2.5973300e-01   4.1097600e+00
  -1.3624700e+00   3.8741800e+00
  -2.3566900e+00   3.3489000e+00
  -3.1679600e+00   2.5752300e+00
  -3.7361800e+00   1.6131600e+00
  -4.0200700e+00   5.3658300e-01
  -4.0002100e+00  -5.7236100e-01
  -3.6804200e+00  -1.6296200e+00
  -3.0873200e+00  -2.5556800e+00
  -2.2681400e+00  -3.2815800e+00
  -1.2869900e+00  -3.7541600e+00
  -2.1982800e-01  -3.9400200e+00
   8.5141700e-01  -3.8279100e+00
   1.8452000e+00  -3.4295200e+00
   2.6866200e+00  -2.7783500e+00
   3.3131200e+00  -1.9270400e+00
   3.6792200e+00  -9.4315600e-01
   3.7599300e+00   9.6136600e-02
   3.5525300e+00   1.1100600e+00
   3.0765900e+00   2.0205200e+00
   2.3724000e+00   2.7581500e+00
   1.4976100e+00   3.2675700e+00
   5.2269700e-01   3.5117000e+00
  -4.7457900e-01   3.4744500e+00
  -1.4153100e+00   3.1619000e+00
  -2.2255800e+00   2.6016600e+00
  -2.8422000e+00   1.8407000e+00
  -3.2176300e+00   9.4146600e-01
  -3.3236000e+00  -2.2952100e-02
  -3.1532500e+00  -9.7465500e-01
  -2.7216500e+00  -1.8370200e+00
  -2.0645100e+00  -2.5407100e+00
  -1.2353500e+00  -3.0291000e+00
  -3.0128800e-01  -3.2626900e+00
   6.6223200e-01  -3.2221600e+00
   1.5773700e+00  -2.9099300e+00
   2.3699800e+00  -2.3499300e+00
   2.9754200e+00  -1.5857400e+00
   3.3435900e+00  -6.7723500e-01
   3.4429100e+00   3.0411200e-01
   3.2627700e+00   1.2807500e+00
   2.8144500e+00   2.1750800e+00
   2.1302300e+00   2.9155100e+00
   1.2610300e+00   3.4419800e+00
   2.7245100e-01   3.7106900e+00
  -7.6022500e-01   3.6975300e+00
  -1.7578100e+00   3.3999700e+00
  -2.6432800e+00   2.8373400e+00
  -3.3477200e+00   2.0494200e+00
  -3.8156000e+00   1.0934500e+00
  -4.0091000e+00   3.9787700e-02
  -3.9109700e+00  -1.0334100e+00
  -3.5259500e+00  -2.0461300e+00
  -2.8804200e+00  -2.9225500e+00
  -2.0204500e+00  -3.5968600e+00
  -1.0083000e+00  -4.0181500e+00
   8.2243300e-02  -4.1543600e+00
   1.1714300e+00  -3.9946500e+00
   2.1795800e+00  -3.5502100e+00
   3.0330800e+00  -2.8534000e+00
   3.6698900e+00  -1.9552900e+00
   4.0441700e+00  -9.2175400e-01
   4.1297200e+00   1.7148600e-01
   3.9218200e+00   1.2446000e+00
   3.4375300e+00   2.2196700e+00
   2.7143000e+00   3.0264700e+00
   1.8070400e+00   3.6077900e+00
   7.8389300e-01   3.9235500e+00
  -2.7896300e-01   3.9538000e+00
  -1.3031100e+00   3.6999900e+00
  -2.2138300e+00   3.1847600e+00
  -2.9456600e+00   2.4500500e+00
  -3.4473100e+00   1.5537300e+00
  -3.6854100e+00   5.6512700e-01
  -3.6468300e+00  -4.4035300e-01
  -3.3395200e+00  -1.3870200e+00
  -2.7917200e+00  -2.2046300e+00
  -2.0495300e+00  -2.8337400e+00
  -1.1732900e+00  -3.2300800e+00
  -2.3275900e-01  -3.3678400e+00
   6.9831800e-01  -3.2414200e+00
   1.5479300e+00  -2.8657200e+00
   2.2513200e+00  -2.2747100e+00
   2.7559700e+00  -1.5186800e+00
   3.0254800e+00  -6.6015100e-01
   3.0423300e+00   2.3107800e-01
   2.8090100e+00   1.0834300e+00
   2.3476900e+00   1.8291500e+00
   1.6983400e+00   2.4095700e+00
   9.1543000e-01   2.7796100e+00
   6.3606500e-02   2.9112600e+00
  -7.8747400e-01   2.7956400e+00
  -1.5686400e+00   2.4435800e+00
  -2.2166200e+00   1.8847000e+00
  -2.6790500e+00   1.1649700e+00
  -2.9184800e+00   3.4301900e-01
  -2.9153300e+00  -5.1448300e-01
  -2.6693700e+00  -1.3381400e+00
  -2.1996600e+00  -2.0612800e+00
  -1.5430900e+00  -2.6252000e+00
  -7.5137600e-01  -2.9837600e+00
   1.1293600e-01  -3.1070500e+00
   9.8143900e-01  -2.9836700e+00
   1.7852000e+00  -2.6216800e+00
   2.4601900e+00  -2.0479600e+00
   2.9522600e+00  -1.3061300e+00
   3.2214300e+00  -4.5315700e-01
   3.2450000e+00   4.4506800e-01
   3.0193800e+00   1.3188600e+00
   2.5603600e+00   2.1001500e+00
   1.9019800e+00   2.7277800e+00
   1.0938700e+00   3.1522800e+00
   1.9748200e-01   3.3397100e+00
  -7.1867600e-01   3.2743500e+00
  -1.5843000e+00   2.9599100e+00
  -2.3327200e+00   2.4193200e+00
  -2.9060600e+00   1.6930300e+00
  -3.2596800e+00   8.3585000e-01
  -3.3656600e+00  -8.7144200e-02
  -3.2150000e+00  -1.0056500e+00
  -2.8183000e+00  -1.8494800e+00
  -2.2049900e+00  -2.5539800e+00
  -1.4211500e+00  -3.0649700e+00
  -5.2596200e-01  -3.3428500e+00
   4.1276700e-01  -3.3657500e+00
   1.3237700e+00  -3.1311100e+00
   2.1377300e+00  -2.6559500e+00
   2.7925900e+00  -1.9755900e+00
   3.2382600e+00  -1.1409500e+00
   3.4403900e+00  -2.1470600e-01
   3.3830300e+00   7.3346000e-01
   3.0698000e+00   1.6321600e+00
   2.5236100e+00   2.4136800e+00
   1.7849300e+00   3.0191400e+00
   9.0869100e-01   3.4028600e+00
  -3.9871300e-02   3.5358700e+00
  -9.9016100e-01   3.4080100e+00
  -1.8715500e+00   3.0286700e+00
  -2.6187100e+00   2.4260300e+00
  -3.1764800e+00   1.6449000e+00
  -3.5040200e+00   7.4323000e-01
  -3.5778200e+00  -2.1221600e-01
  -3.3933500e+00  -1.1509800e+00
  -2.9653500e+00  -2.0042200e+00
  -2.3265800e+00  -2.7098300e+00
  -1.5253100e+00  -3.2171300e+00
  -6.2148700e-01  -3.4905600e+00
   3.1775000e-01  -3.5122600e+00
   1.2232500e+00  -3.2832800e+00
   2.0290500e+00  -2.8233500e+00
   2.6773300e+00  -2.1692400e+00
   3.1227000e+00  -1.3718100e+00
   3.3355100e+00  -4.9204200e-01
   3.3039700e+00   4.0368900e-01
   3.0348100e+00   1.2487000e+00
   2.5526200e+00   1.9810600e+00
   1.8977500e+00   2.5483100e+00
   1.1230700e+00   2.9113000e+00
   2.8975100e-01   3.0470800e+00
  -5.3749100e-01   2.9504500e+00
  -1.2954500e+00   2.6342000e+00
  -1.9272700e+00   2.1278400e+00
  -2.3868000e+00   1.4752200e+00
  -2.6420500e+00   7.3088000e-01
  -2.6775200e+00  -4.4260500e-02
  -2.4952800e+00  -7.8775600e-01
  -2.1145600e+00  -1.4405400e+00
  -1.5701600e+00  -1.9515200e+00
  -9.0951000e-01  -2.2815700e+00
  -1.8886700e-01  -2.4064800e+00
   5.3124000e-01  -2.3188100e+00
   1.1908100e+00  -2.0283400e+00
   1.7351700e+00  -1.5612000e+00
   2.1192300e+00  -9.5774500e-01
   2.3111400e+00  -2.6926900e-01
   2.2947000e+00   4.4610700e-01
   2.0706800e+00   1.1280700e+00
   1.6567500e+00   1.7189300e+00
   1.0860500e+00   2.1682200e+00
   4.0459300e-01   2.4366900e+00
  -3.3234800e-01   2.4995000e+00
  -1.0646300e+00   2.3481800e+00
  -1.7319400e+00   1.9914300e+00
  -2.2786200e+00   1.4544200e+00
  -2.6579900e+00   7.7699900e-01
  -2.8361500e+00   1.0540600e-02
  -2.7946600e+00  -7.8594300e-01
  -2.5320700e+00  -1.5503900e+00
  -2.0642000e+00  -2.2224800e+00
  -1.4229400e+00  -2.7483600e+00
  -6.5395500e-01  -3.0848000e+00
   1.8676300e-01  -3.2026300e+00
   1.0371500e+00  -3.0890500e+00
   1.8337600e+00  -2.7487200e+00
   2.5166200e+00  -2.2034600e+00
   3.0338000e+00  -1.4907300e+00
   3.3453700e+00  -6.6081600e-01
   3.4265100e+00   2.2689800e-01
   3.2694000e+00   1.1083900e+00
   2.8838500e+00   1.9198200e+00
   2.2966300e+00   2.6023100e+00
   1.5494700e+00   3.1063800e+00
   6.9589600e-01   3.3956400e+00
  -2.0270300e-01   3.4495500e+00
  -1.0817300e+00   3.2649100e+00
  -1.8782000e+00   2.8560600e+00
  -2.5354200e+00   2.2537700e+00
  -3.0072300e+00   1.5029000e+00
  -3.2614000e+00   6.5899900e-01
  -3.2819400e+00  -2.1594800e-01
  -3.0702700e+00  -1.0581400e+00
  -2.6449500e+00  -1.8067500e+00
  -2.0402000e+00  -2.4085100e+00
  -1.3032100e+00  -2.8215900e+00
  -4.9051300e-01  -3.0186900e+00
   3.3638400e-01  -2.9889700e+00
   1.1156400e+00  -2.7387200e+00
   1.7897900e+00  -2.2907200e+00
   2.3100300e+00  -1.6824000e+00
   2.6398300e+00  -9.6281499e-01
   2.7576400e+00  -1.8884600e-01
   2.6583400e+00   5.7924000e-01
   2.3534600e+00   1.2824100e+00
   1.8702100e+00   1.8673800e+00
   1.2491500e+00   2.2906300e+00
   5.4101100e-01   2.5216800e+00
  -1.9733500e-01   2.5452800e+00
  -9.0731699e-01   2.3624900e+00
  -1.5332000e+00   1.9904300e+00
  -2.0264000e+00   1.4608200e+00
  -2.3491500e+00   8.1738400e-01
  -2.4774000e+00   1.1239900e-01
  -2.4025400e+00  -5.9747000e-01
  -2.1320100e+00  -1.2556000e+00
  -1.6885600e+00  -1.8098300e+00
  -1.1084400e+00  -2.2164900e+00
  -4.3843600e-01  -2.4437800e+00
   2.6780700e-01  -2.4741800e+00
   9.5402099e-01  -2.3057600e+00
   1.5657300e+00  -1.9522500e+00
   2.0544800e+00  -1.4419100e+00
   2.3816700e+00  -8.1525800e-01
   2.5214300e+00  -1.2187700e-01
   2.4627300e+00   5.8350300e-01
   2.2101100e+00   1.2452900e+00
   1.7833400e+00   1.8113700e+00
   1.2158100e+00   2.2372000e+00
   5.5193800e-01   2.4892300e+00
  -1.5632900e-01   2.5475400e+00
  -8.5358899e-01   2.4073600e+00
  -1.4852900e+00   2.0794400e+00
  -2.0019900e+00   1.5891900e+00
  -2.3631900e+00   9.7471299e-01
  -2.5405000e+00   2.8379600e-01
  -2.5198500e+00  -4.2976200e-01
  -2.3025300e+00  -1.1103600e+00
  -1.9051700e+00  -1.7049000e+00
  -1.3584000e+00  -2.1669000e+00
  -7.0448700e-01  -2.4601300e+00
   5.9078800e-03  -2.5613900e+00
   7.1767500e-01  -2.4623200e+00
   1.3755000e+00  -2.1700800e+00
   1.9281300e+00  -1.7067800e+00
   2.3323500e+00  -1.1077900e+00
   2.5563200e+00  -4.1904600e-01
   2.5820000e+00   3.0651000e-01
   2.4066200e+00   1.0129800e+00
   2.0428400e+00   1.6457900e+00
   1.5178100e+00   2.1559200e+00
   8.7112599e-01   2.5036400e+00
   1.5176900e-01   2.6615500e+00
  -5.8561800e-01   2.6167100e+00
  -1.2849100e+00   2.3716200e+00
  -1.8927700e+00   1.9440300e+00
  -2.3627600e+00   1.3656100e+00
  -2.6588000e+00   6.7948800e-01
  -2.7579900e+00  -6.2974700e-02
  -2.6523000e+00  -8.0613499e-01
  -2.3491400e+00  -1.4942800e+00
  -1.8708600e+00  -2.0758700e+00
  -1.2529300e+00  -2.5074000e+00
  -5.4133100e-01  -2.7567200e+00
   2.1104300e-01  -2.8054400e+00
   9.4834299e-01  -2.6502500e+00
   1.6160200e+00  -2.3031400e+00
   2.1649500e+00  -1.7904600e+00
   2.5551100e+00  -1.1508300e+00
   2.7585700e+00  -4.3222200e-01
   2.7615500e+00   3.1177400e-01
   2.5653700e+00   1.0259900e+00
   2.1863200e+00   1.6578700e+00
   1.6542400e+00   2.1614400e+00
   1.0102600e+00   2.5007600e+00
   3.0356700e-01   2.6525400e+00
  -4.1239000e-01   2.6078600e+00
  -1.0839800e+00   2.3727300e+00
  -1.6614900e+00   1.9674900e+00
  -2.1028500e+00   1.4251800e+00
  -2.3768200e+00   7.8891699e-01
  -2.4652700e+00   1.0847600e-01
  -2.3644600e+00  -5.6354200e-01
  -2.0852000e+00  -1.1757800e+00
  -1.6519100e+00  -1.6820700e+00
  -1.1006200e+00  -2.0449400e+00
  -4.7608800e-01  -2.2384300e+00
   1.7173000e-01  -2.2500000e+00
   7.9157999e-01  -2.0814300e+00
   1.3349000e+00  -1.7485200e+00
   1.7595900e+00  -1.2798200e+00
   2.0332300e+00  -7.1424900e-01
   2.1355300e+00  -9.8070499e-02
   2.0598700e+00   5.1882200e-01
   1.8137500e+00   1.0868000e+00
   1.4180800e+00   1.5603800e+00
   9.0552099e-01   1.9017900e+00
   3.1788900e-01   2.0838500e+00
  -2.9718600e-01   2.0921100e+00
  -8.8999199e-01   1.9259500e+00
  -1.4126400e+00   1.5985500e+00
  -1.8228100e+00   1.1358700e+00
  -2.0870800e+00   5.7459300e-01
  -2.1834900e+00  -4.0756900e-02
  -2.1033200e+00  -6.6130900e-01
  -1.8517100e+00  -1.2376600e+00
  -1.4473000e+00  -1.7237100e+00
  -9.2078099e-01  -2.0803200e+00
  -3.1251600e-01  -2.2782700e+00
   3.3058900e-01  -2.3006500e+00
   9.5871399e-01  -2.1441000e+00
   1.5229800e+00  -1.8191300e+00
   1.9792200e+00  -1.3493600e+00
   2.2914300e+00  -7.6965399e-01
   2.4345200e+00  -1.2349100e-01
   2.3962800e+00   5.4037300e-01
   2.1783300e+00   1.1716500e+00
   1.7960300e+00   1.7223700e+00
   1.2772800e+00   2.1505500e+00
   6.6043700e-01   2.4234400e+00
  -8.6271899e-03   2.5199900e+00
  -6.8002599e-01   2.4324600e+00
  -1.3036500e+00   2.1670500e+00
  -1.8330000e+00   1.7433700e+00
  -2.2286800e+00   1.1929800e+00
  -2.4614300e+00   5.5692400e-01
  -2.5142800e+00  -1.1733500e-01
  -2.3838700e+00  -7.7958199e-01
  -2.0806200e+00  -1.3806400e+00
  -1.6279300e+00  -1.8761200e+00
  -1.0603700e+00  -2.2297500e+00
  -4.2097300e-01  -2.4161000e+00
   2.4199700e-01  -2.4225000e+00
   8.7878599e-01  -2.2498900e+00
   1.4419100e+00  -1.9127600e+00
   1.8897500e+00  -1.4379100e+00
   2.1897100e+00  -8.6241599e-01
   2.3206100e+00  -2.3070200e-01
   2.2742900e+00   4.0885900e-01
   2.0561000e+00   1.0076600e+00
   1.6844500e+00   1.5205600e+00
   1.1893300e+00   1.9093500e+00
   6.0989900e-01   2.1455700e+00
  -8.5018999e-03   2.2126900e+00
  -6.1791300e-01   2.1072700e+00
  -1.1714300e+00   1.8391400e+00
  -1.6268000e+00   1.4305800e+00
  -1.9496600e+00   9.1453799e-01
  -2.1161000e+00   3.3200900e-01
  -2.1144700e+00  -2.7115500e-01
  -1.9462100e+00  -8.4781199e-01
  -1.6256600e+00  -1.3531700e+00
  -1.1788600e+00  -1.7482500e+00
  -6.4154399e-01  -2.0028400e+00
  -5.6241200e-02  -2.0978100e+00
   5.3098200e-01  -2.0265400e+00
   1.0741300e+00  -1.7953700e+00
   1.5308300e+00  -1.4230400e+00
   1.8656200e+00  -9.3920999e-01
   2.0526500e+00  -3.8212100e-01
   2.0776400e+00   2.0442300e-01
   1.9389900e+00   7.7445199e-01
   1.6478300e+00   1.2834000e+00
   1.2271200e+00   1.6915700e+00
   7.0986499e-01   1.9671700e+00
   1.3649900e-01   2.0887900e+00
  -4.4824300e-01   2.0470000e+00
  -9.9880699e-01   1.8450800e+00
  -1.4723400e+00   1.4987400e+00
  -1.8320200e+00   1.0348600e+00
  -2.0498600e+00   4.8940500e-01
  -2.1089000e+00  -9.5362699e-02
  -2.0044400e+00  -6.7417599e-01
  -1.7444600e+00  -1.2022500e+00
  -1.3489200e+00  -1.6387500e+00
  -8.4824199e-01  -1.9499100e+00
  -2.8092200e-01  -2.1116600e+00
   3.0941700e-01  -2.1114400e+00
   8.7740899e-01  -1.9491600e+00
   1.3794300e+00  -1.6371900e+00
   1.7769600e+00  -1.1993900e+00
   2.0395200e+00  -6.6926699e-01
   2.1470100e+00  -8.7363799e-02
   2.0912300e+00   5.0184100e-01
   1.8765000e+00   1.0533600e+00
   1.5192900e+00   1.5251500e+00
   1.0469300e+00   1.8813300e+00
   4.9553100e-01   2.0949100e+00
  -9.2855299e-02   2.1498400e+00
  -6.7342199e-01   2.0422100e+00
  -1.2020700e+00   1.7805400e+00
  -1.6387600e+00   1.3850600e+00
  -1.9505800e+00   8.8616699e-01
  -2.1142500e+00   3.2204100e-01
  -2.1178400e+00  -2.6428500e-01
  -1.9616700e+00  -8.2822899e-01
  -1.6582400e+00  -1.3270800e+00
  -1.2312200e+00  -1.7232600e+00
  -7.1360999e-01  -1.9871700e+00
  -1.4518200e-01  -2.0994300e+00
   4.3060200e-01  -2.0523000e+00
   9.6992499e-01  -1.8502700e+00
   1.4319700e+00  -1.5096200e+00
   1.7820200e+00  -1.0571300e+00
   1.9941200e+00  -5.2800300e-01
   2.0530000e+00   3.6897800e-02
   1.9552100e+00   5.9419199e-01
   1.7093000e+00   1.1013300e+00
   1.3351500e+00   1.5198400e+00
   8.6235399e-01   1.8182900e+00
   3.2792200e-01   1.9746500e+00
  -2.2662400e-01   1.9779400e+00
  -7.5845299e-01   1.8290100e+00
  -1.2267300e+00   1.5404700e+00
  -1.5957600e+00   1.1355800e+00
  -1.8377100e+00   6.4648599e-01
  -1.9347100e+00   1.1163800e-01
  -1.8802100e+00  -4.2717000e-01
  -1.6794200e+00  -9.2805499e-01
  -1.3488600e+00  -1.3522800e+00
  -9.1502399e-01  -1.6672500e+00
  -4.1232000e-01  -1.8489900e+00
   1.1965200e-01  -1.8839600e+00
   6.3917199e-01  -1.7701100e+00
   1.1056400e+00  -1.5169500e+00
   1.4827200e+00  -1.1448000e+00
   1.7411400e+00  -6.8318199e-01
   1.8609400e+00  -1.6849700e-01
   1.8330000e+00   3.5880000e-01
   1.6597300e+00   8.5735599e-01
   1.3548100e+00   1.2881200e+00
   9.4219599e-01   1.6173800e+00
   4.5415300e-01   1.8193200e+00
  -7.1193599e-02   1.8780800e+00
  -5.9283799e-01   1.7888900e+00
  -1.0700700e+00   1.5584800e+00
  -1.4656200e+00   1.2045300e+00
  -1.7485200e+00   7.5430699e-01
  -1.8965300e+00   2.4251300e-01
  -1.8978000e+00  -2.9135000e-01
  -1.7518000e+00  -8.0605199e-01
  -1.4693500e+00  -1.2618100e+00
  -1.0718000e+00  -1.6233400e+00
  -5.8933599e-01  -1.8625700e+00
  -5.8706399e-02  -1.9608100e+00
   4.7963300e-01  -1.9101500e+00
   9.8460999e-01  -1.7140500e+00
   1.4176900e+00  -1.3871400e+00
   1.7458100e+00  -9.5398399e-01
   1.9439200e+00  -4.4727100e-01
   1.9968700e+00   9.4729199e-02
   1.9005500e+00   6.3108599e-01
   1.6622000e+00   1.1213400e+00
   1.2998200e+00   1.5285700e+00
   8.4077799e-01   1.8222200e+00
   3.1972100e-01   1.9804100e+00
  -2.2410700e-01   1.9915500e+00
  -7.4985099e-01   1.8552200e+00
  -1.2181600e+00   1.5821500e+00
  -1.5941800e+00   1.1933600e+00
  -1.8501700e+00   7.1855799e-01
  -1.9676200e+00   1.9378500e-01
  -1.9385600e+00  -3.4130800e-01
  -1.7661800e+00  -8.4651499e-01
  -1.4644700e+00  -1.2841300e+00
  -1.0571600e+00  -1.6218100e+00
  -5.7580499e-01  -1.8350200e+00
  -5.7361299e-02  -1.9088200e+00
   4.5867200e-01  -1.8390000e+00
   9.3328699e-01  -1.6323000e+00
   1.3309400e+00  -1.3058400e+00
   1.6222600e+00  -8.8574399e-01
   1.7862600e+00  -4.0506100e-01
   1.8118500e+00   9.8789899e-02
   1.6986900e+00   5.8693699e-01
   1.4571000e+00   1.0220500e+00
   1.1072000e+00   1.3712100e+00
   6.7729999e-01   1.6084100e+00
   2.0166700e-01   1.7165100e+00
  -2.8217400e-01   1.6885200e+00
  -7.3635399e-01   1.5280900e+00
  -1.1256000e+00   1.2491300e+00
  -1.4199400e+00   8.7467999e-01
  -1.5970500e+00   4.3509400e-01
  -1.6438700e+00  -3.4378300e-02
  -1.5576400e+00  -4.9634899e-01
  -1.3460500e+00  -9.1421599e-01
  -1.0265800e+00  -1.2550100e+00
  -6.2512099e-01  -1.4919400e+00
  -1.7391600e-01  -1.6064900e+00
   2.9097000e-01  -1.5897900e+00
   7.3247799e-01  -1.4433400e+00
   1.1154400e+00  -1.1788200e+00
   1.4093400e+00  -8.1718399e-01
   1.5906300e+00  -3.8700100e-01
   1.6446500e+00   7.7766599e-02
   1.5666600e+00   5.4042499e-01
   1.3622900e+00   9.6440299e-01
   1.0470400e+00   1.3161000e+00
   6.4511099e-01   1.5674900e+00
   1.8749800e-01   1.6983000e+00
  -2.9037800e-01   1.6975900e+00
  -7.5143099e-01   1.5646200e+00
  -1.1597700e+00   1.3088700e+00
  -1.4834900e+00   9.4937099e-01
  -1.6971000e+00   5.1319599e-01
  -1.7835400e+00   3.3417600e-02
  -1.7354500e+00  -4.5345200e-01
  -1.5558000e+00  -9.1025699e-01
  -1.2576200e+00  -1.3020500e+00
  -8.6302699e-01  -1.5987700e+00
  -4.0154000e-01  -1.7775500e+00
   9.2179899e-02  -1.8244700e+00
   5.8097699e-01  -1.7355900e+00
   1.0280300e+00  -1.5173000e+00
   1.3996800e+00  -1.1857800e+00
   1.6679300e+00  -7.6578999e-01
   1.8126500e+00  -2.8876400e-01
   1.8230400e+00   2.0958200e-01
   1.6984400e+00   6.9197299e-01
   1.4483700e+00   1.1224000e+00
   1.0917900e+00   1.4688700e+00
   6.5561099e-01   1.7057800e+00
   1.7265100e-01   1.8158800e+00
  -3.2088100e-01   1.7915200e+00
  -7.8814299e-01   1.6352300e+00
  -1.1944600e+00   1.3594200e+00
  -1.5099200e+00   9.8546999e-01
  -1.7116700e+00   5.4200599e-01
  -1.7855500e+00   6.2717299e-02
  -1.7271800e+00  -4.1624000e-01
  -1.5421700e+00  -8.5899999e-01
  -1.2457000e+00  -1.2327200e+00
  -8.6124999e-01  -1.5100500e+00
  -4.1879200e-01  -1.6712000e+00
   4.7567099e-02  -1.7053700e+00
   5.0220399e-01  -1.6115400e+00
   9.1071799e-01  -1.3984600e+00
   1.2425600e+00  -1.0839200e+00
   1.4733400e+00  -6.9332199e-01
   1.5866600e+00  -2.5765800e-01
   1.5753200e+00   1.8889300e-01
   1.4418000e+00   6.1162899e-01
   1.1980000e+00   9.7800599e-01
   8.6426199e-01   1.2601300e+00
   4.6774399e-01   1.4368900e+00
   4.0257500e-02   1.4955400e+00
  -3.8421400e-01   1.4326500e+00
  -7.7217099e-01   1.2542700e+00
  -1.0931900e+00   9.7547999e-01
  -1.3223000e+00   6.1910299e-01
  -1.4418400e+00   2.1392000e-01
  -1.4428700e+00  -2.0760800e-01
  -1.3257800e+00  -6.1188199e-01
  -1.1002300e+00  -9.6679399e-01
  -7.8438199e-01  -1.2442200e+00
  -4.0343800e-01  -1.4222100e+00
   1.2344300e-02  -1.4866600e+00
   4.3002199e-01  -1.4324400e+00
   8.1654399e-01  -1.2637000e+00
   1.1413300e+00  -9.9362199e-01
   1.3786500e+00  -6.4328999e-01
   1.5096300e+00  -2.4009100e-01
   1.5237100e+00   1.8443800e-01
   1.4194400e+00   5.9707299e-01
   1.2046400e+00   9.6547999e-01
   8.9575099e-01   1.2607400e+00
   5.1656099e-01   1.4595700e+00
   9.6374799e-02   1.5461600e+00
  -3.3225900e-01   1.5134000e+00
  -7.3607199e-01   1.3634000e+00
  -1.0836400e+00   1.1073700e+00
  -1.3478200e+00   7.6474599e-01
  -1.5078500e+00   3.6170500e-01
  -1.5509400e+00  -7.0864999e-02
  -1.4732800e+00  -4.9972199e-01
  -1.2803200e+00  -8.9182999e-01
  -9.8638399e-01  -1.2169000e+00
  -6.1355099e-01  -1.4496900e+00
  -1.8998900e-01  -1.5720000e+00
   2.5221300e-01  -1.5739900e+00
   6.7948899e-01  -1.4549900e+00
   1.0593600e+00  -1.2235300e+00
   1.3629000e+00  -8.9668899e-01
   1.5669700e+00  -4.9878999e-01
   1.6559300e+00  -5.9545599e-02
   1.6228400e+00   3.8820500e-01
   1.4700000e+00   8.1099899e-01
   1.2087100e+00   1.1772900e+00
   8.5843799e-01   1.4598300e+00
   4.4529299e-01   1.6377300e+00
   5.5198099e-05   1.6980400e+00
  -4.4419099e-01   1.6366700e+00
  -8.5456099e-01   1.4587200e+00
  -1.2008600e+00   1.1779900e+00
  -1.4578800e+00   8.1595799e-01
  -1.6072400e+00   4.0009999e-01
  -1.6388000e+00  -3.8240800e-02
  -1.5513400e+00  -4.6623299e-01
  -1.3526300e+00  -8.5206299e-01
  -1.0588000e+00  -1.1673400e+00
  -6.9301699e-01  -1.3892500e+00
  -2.8370600e-01  -1.5022100e+00
   1.3764500e-01  -1.4990700e+00
   5.3891499e-01  -1.3815500e+00
   8.8980499e-01  -1.1600600e+00
   1.1641400e+00  -8.5286899e-01
   1.3418300e+00  -4.8459899e-01
   1.4103900e+00  -8.4335799e-02
   1.3658200e+00   3.1665000e-01
   1.2128400e+00   6.8732099e-01
   9.6448599e-01   9.9925499e-01
   6.4104799e-01   1.2288200e+00
   2.6843000e-01   1.3589400e+00
  -1.2387400e-01   1.3804200e+00
  -5.0508699e-01   1.2925200e+00
  -8.4554299e-01   1.1030300e+00
  -1.1189700e+00   8.2758199e-01
  -1.3045200e+00   4.8836499e-01
  -1.3883500e+00   1.1239800e-01
  -1.3646300e+00  -2.7061800e-01
  -1.2360100e+00  -6.3062399e-01
  -1.0133100e+00  -9.3954399e-01
  -7.1467899e-01  -1.1734700e+00
  -3.6411000e-01  -1.3144800e+00
   1.0424400e-02  -1.3520800e+00
   3.7919399e-01  -1.2839100e+00
   7.1303199e-01  -1.1159600e+00
   9.8561499e-01  -8.6204899e-01
   1.1755200e+00  -5.4274299e-01
   1.2678600e+00  -1.8371600e-01
   1.2555000e+00   1.8625700e-01
   1.1395300e+00   5.3755699e-01
   9.2921099e-01   8.4203499e-01
   6.4125999e-01   1.0752100e+00
   2.9851300e-01   1.2181800e+00
  -7.1835599e-02   1.2591000e+00
  -4.4035399e-01   1.1941000e+00
  -7.7765899e-01   1.0275900e+00
  -1.0567100e+00   7.7195699e-01
  -1.2548800e+00   4.4657299e-01
  -1.3557600e+00   7.6330899e-02
  -1.3504200e+00  -3.1028100e-01
  -1.2380800e+00  -6.8337399e-01
  -1.0262500e+00  -1.0139600e+00
  -7.3008799e-01  -1.2761800e+00
  -3.7132399e-01  -1.4493000e+00
   2.3452000e-02  -1.5193300e+00
   4.2479399e-01  -1.4800600e+00
   8.0265699e-01  -1.3335900e+00
   1.1286900e+00  -1.0901300e+00
   1.3783900e+00  -7.6729599e-01
   1.5329800e+00  -3.8868499e-01
   1.5808500e+00   1.7854300e-02
   1.5183800e+00   4.2236599e-01
   1.3502900e+00   7.9505899e-01
   1.0892000e+00   1.1085600e+00
   7.5468999e-01   1.3400100e+00
   3.7182099e-01   1.4727200e+00
  -3.0810600e-02   1.4975300e+00
  -4.2322999e-01   1.4133500e+00
  -7.7635899e-01   1.2273400e+00
  -1.0642200e+00   9.5424199e-01
  -1.2658800e+00   6.1528899e-01
  -1.3670300e+00   2.3654800e-01
  -1.3610400e+00  -1.5307700e-01
  -1.2493800e+00  -5.2404899e-01
  -1.0415300e+00  -8.4843999e-01
  -7.5417499e-01  -1.1020500e+00
  -4.0990799e-01  -1.2662200e+00
  -3.5471299e-02  -1.3292000e+00
   3.4030299e-01  -1.2870600e+00
   6.8869899e-01  -1.1438500e+00
   9.8331199e-01  -9.1132299e-01
   1.2020400e+00  -6.0792899e-01
   1.3287700e+00  -2.5739200e-01
   1.3545100e+00   1.1315200e-01
   1.2781200e+00   4.7525599e-01
   1.1062400e+00   8.0135299e-01
   8.5281599e-01   1.0668600e+00
   5.3793099e-01   1.2520600e+00
   1.8622500e-01   1.3435500e+00
  -1.7502700e-01   1.3353000e+00
  -5.1804299e-01   1.2289700e+00
  -8.1667699e-01   1.0338300e+00
  -1.0484300e+00   7.6591999e-01
  -1.1961700e+00   4.4680899e-01
  -1.2494300e+00   1.0186700e-01
  -1.2051600e+00  -2.4171200e-01
  -1.0679500e+00  -5.5703799e-01
  -8.4962399e-01  -8.1961099e-01
  -5.6825899e-01  -1.0092100e+00
  -2.4678200e-01  -1.1114600e+00
   8.8854199e-02  -1.1189000e+00
   4.1170399e-01  -1.0315700e+00
   6.9593099e-01  -8.5694899e-01
   9.1882099e-01  -6.0937299e-01
   1.0625400e+00  -3.0887700e-01
   1.1155300e+00   2.0371200e-02
   1.0733700e+00   3.5196599e-01
   9.3913199e-01   6.5932999e-01
   7.2310699e-01   9.1778099e-01
   4.4202299e-01   1.1064600e+00
   1.1771900e-01   1.2099300e+00
  -2.2454900e-01   1.2194100e+00
  -5.5807499e-01   1.1334200e+00
  -8.5677299e-01   9.5791899e-01
  -1.0972000e+00   7.0582899e-01
  -1.2603700e+00   3.9603899e-01
  -1.3332400e+00   5.1951699e-02
  -1.3096800e+00  -3.0033100e-01
  -1.1910000e+00  -6.3401699e-01
  -9.8581698e-01  -9.2369199e-01
  -7.0939499e-01  -1.1472700e+00
  -3.8248899e-01  -1.2877100e+00
  -2.9739100e-02  -1.3343000e+00
   3.2221699e-01  -1.2834900e+00
   6.4678799e-01  -1.1391800e+00
   9.1946499e-01  -9.1240699e-01
   1.1197000e+00  -6.2047499e-01
   1.2324600e+00  -2.8566200e-01
   1.2494000e+00   6.6502099e-02
   1.1694600e+00   4.0918899e-01
   9.9896998e-01   7.1631899e-01
   7.5112899e-01   9.6454698e-01
   4.4500299e-01   1.1350400e+00
   1.0405700e-01   1.2149100e+00
  -2.4563800e-01   1.1981700e+00
  -5.7739799e-01   1.0861700e+00
  -8.6595999e-01   8.8751899e-01
  -1.0893900e+00   6.1734199e-01
  -1.2307600e+00   2.9616500e-01
  -1.2794000e+00  -5.1687699e-02
  -1.2316900e+00  -3.9995099e-01
  -1.0913200e+00  -7.2242499e-01
  -8.6896699e-01  -9.9496198e-01
  -5.8144899e-01  -1.1973000e+00
  -2.5043600e-01  -1.3145700e+00
   9.9238198e-02  -1.3384300e+00
   4.4147899e-01  -1.2676200e+00
   7.5092399e-01  -1.1080700e+00
   1.0048700e+00  -8.7236699e-01
   1.1849800e+00  -5.7876299e-01
   1.2786800e+00  -2.4976200e-01
   1.2800400e+00   8.9642799e-02
   1.1902400e+00   4.1388899e-01
   1.0173600e+00   6.9880899e-01
   7.7578399e-01   9.2347298e-01
   4.8499999e-01   1.0717700e+00
   1.6808900e-01   1.1336300e+00
  -1.5008300e-01   1.1057200e+00
  -4.4479399e-01   9.9168398e-01
  -6.9337599e-01   8.0182499e-01
  -8.7695299e-01   5.5222999e-01
  -9.8188198e-01   2.6350900e-01
  -1.0007800e+00  -4.0837799e-02
  -9.3304898e-01  -3.3625799e-01
  -7.8491299e-01  -5.9906699e-01
  -5.6887199e-01  -8.0828199e-01
  -3.0271299e-01  -9.4724898e-01
  -8.0974299e-03  -1.0049200e+00
   2.9114100e-01  -9.7669798e-01
   5.7086499e-01  -8.6476499e-01
   8.0851399e-01  -6.7790499e-01
   9.8486798e-01  -4.3079099e-01
   1.0855300e+00  -1.4283800e-01
   1.1020600e+00   1.6332700e-01
   1.0325900e+00   4.6362699e-01
   8.8199698e-01   7.3441199e-01
   6.6151399e-01   9.5430198e-01
   3.8783499e-01   1.1058500e+00
   8.1835099e-02   1.1768800e+00
  -2.3305500e-01   1.1614500e+00
  -5.3266399e-01   1.0603300e+00
  -7.9395099e-01   8.8089098e-01
  -9.9678798e-01   6.3658399e-01
  -1.1255100e+00   3.4588599e-01
  -1.1701400e+00   3.0878399e-02
  -1.1271400e+00  -2.8445100e-01
  -9.9969798e-01  -5.7605499e-01
  -7.9748299e-01  -8.2167799e-01
  -5.3590299e-01  -1.0025600e+00
  -2.3492200e-01  -1.1048800e+00
   8.2468699e-02  -1.1208200e+00
   3.9201099e-01  -1.0491500e+00
   6.7003899e-01  -8.9532998e-01
   8.9528398e-01  -6.7108599e-01
   1.0505000e+00  -3.9350999e-01
   1.1237800e+00  -8.3755099e-02
   1.1094400e+00   2.3458800e-01
   1.0084600e+00   5.3728699e-01
   8.2842499e-01   8.0131599e-01
   5.8286899e-01   1.0066100e+00
   2.9029399e-01   1.1375600e+00
  -2.7271900e-02   1.1842400e+00
  -3.4595499e-01   1.1431000e+00
  -6.4185399e-01   1.0172300e+00
  -8.9285198e-01   8.1610299e-01
  -1.0802900e+00   5.5485999e-01
  -1.1903800e+00   2.5310200e-01
  -1.2152100e+00  -6.6598699e-02
  -1.1533300e+00  -3.8042199e-01
  -1.0098600e+00  -6.6512099e-01
  -7.9599099e-01  -8.9977998e-01
  -5.2819499e-01  -1.0673900e+00
  -2.2687700e-01  -1.1561300e+00
   8.5173198e-02  -1.1602200e+00
   3.8453799e-01  -1.0803300e+00
   6.4895599e-01  -9.2347798e-01
   8.5901798e-01  -7.0248299e-01
   9.9962198e-01  -4.3490499e-01
   1.0611000e+00  -1.4169600e-01
   1.0399300e+00   1.5443800e-01
   9.3893598e-01   4.3078799e-01
   7.6704699e-01   6.6638399e-01
   5.3855999e-01   8.4359498e-01
   2.7199599e-01   9.4946198e-01
  -1.1353500e-02   9.7666098e-01
  -2.8909099e-01   9.2403098e-01
  -5.3945399e-01   7.9662099e-01
  -7.4299299e-01   6.0525299e-01
  -8.8406298e-01   3.6565199e-01
  -9.5201598e-01   9.7187198e-02
  -9.4199998e-01  -1.7864800e-01
  -8.5529598e-01  -4.3992399e-01
  -6.9919399e-01  -6.6598299e-01
  -4.8638799e-01  -8.3904198e-01
  -2.3396600e-01  -9.4556798e-01
   3.7946499e-02  -9.7731398e-01
   3.0776699e-01  -9.3194198e-01
   5.5414799e-01  -8.1318598e-01
   7.5764199e-01  -6.3053999e-01
   9.0221898e-01  -3.9850199e-01
   9.7650898e-01  -1.3542900e-01
   9.7468098e-01   1.3790700e-01
   8.9689098e-01   3.9994299e-01
   7.4926399e-01   6.3000899e-01
   5.4340799e-01   8.0994598e-01
   2.9550599e-01   9.2551498e-01
   2.5057100e-02   9.6751198e-01
  -2.4664700e-01   9.3248398e-01
  -4.9817499e-01   8.2300098e-01
  -7.0962499e-01   6.4745899e-01
  -8.6416998e-01   4.1943599e-01
  -9.4936798e-01   1.5664500e-01
  -9.5813498e-01  -1.2043600e-01
  -8.8929698e-01  -3.9013999e-01
  -7.4769599e-01  -6.3128599e-01
  -5.4382199e-01  -8.2481298e-01
  -2.9301899e-01  -9.5525098e-01
  -1.4314400e-02  -1.0119200e+00
   2.7103699e-01  -9.8975098e-01
   5.4117799e-01  -8.8969698e-01
   7.7531698e-01  -7.1865699e-01
   9.5531898e-01  -4.8896099e-01
   1.0670900e+00  -2.1743800e-01
   1.1016600e+00   7.5859399e-02
   1.0558400e+00   3.6918299e-01
   9.3250998e-01   6.4073199e-01
   7.4035699e-01   8.7030998e-01
   4.9323299e-01   1.0408400e+00
   2.0910000e-01   1.1396800e+00
  -9.1337398e-02   1.1595300e+00
  -3.8619699e-01   1.0989900e+00
  -6.5407399e-01   9.6265598e-01
  -8.7565198e-01   7.6074398e-01
  -1.0351500e+00   5.0829599e-01
  -1.1215000e+00   2.2402600e-01
  -1.1291400e+00  -7.1107099e-02
  -1.0584400e+00  -3.5549799e-01
  -9.1559098e-01  -6.0852499e-01
  -7.1212899e-01  -8.1210698e-01
  -4.6401799e-01  -9.5204798e-01
  -1.9040100e-01  -1.0190900e+00
   8.7869398e-02  -1.0095700e+00
   3.4983599e-01  -9.2565798e-01
   5.7603099e-01  -7.7514198e-01
   7.4994898e-01  -5.7078499e-01
   8.5928398e-01  -3.2930599e-01
   8.9683498e-01  -7.0066599e-02
   8.6101698e-01   1.8644000e-01
   7.5593098e-01   4.2017599e-01
   5.9100199e-01   6.1309499e-01
   3.8020899e-01   7.5052698e-01
   1.4096400e-01   8.2228098e-01
  -1.0726100e-01   8.2340398e-01
  -3.4446299e-01   7.5452698e-01
  -5.5166999e-01   6.2177699e-01
  -7.1240599e-01   4.3626499e-01
  -8.1396498e-01   2.1318900e-01
  -8.4837898e-01  -2.9372499e-02
  -8.1301998e-01  -2.7188999e-01
  -7.1077899e-01  -4.9491299e-01
  -5.4981699e-01  -6.8059299e-01
  -3.4290899e-01  -8.1406998e-01
  -1.0643200e-01  -8.8462898e-01
   1.4092800e-01  -8.8652498e-01
   3.7963999e-01  -8.1942098e-01
   5.9085599e-01  -6.8840699e-01
   7.5788198e-01  -5.0358799e-01
   8.6747798e-01  -2.7929899e-01
   9.1088998e-01  -3.2976099e-02
   8.8452598e-01   2.1620000e-01
   7.9023698e-01   4.4879699e-01
   6.3517299e-01   6.4664599e-01
   4.3122599e-01   7.9424698e-01
   1.9411200e-01   8.7997998e-01
  -5.7849799e-02   8.9699898e-01
  -3.0514899e-01   8.4377298e-01
  -5.2859799e-01   7.2419898e-01
  -7.1080598e-01   5.4731099e-01
  -8.3753198e-01   3.2658399e-01
  -8.9877398e-01   7.8895498e-02
  -8.8954898e-01  -1.7676700e-01
  -8.1027098e-01  -4.2076799e-01
  -6.6672899e-01  -6.3432899e-01
  -4.6963699e-01  -8.0097198e-01
  -2.3382000e-01  -9.0777798e-01
   2.2927400e-02  -9.4638198e-01
   2.8119699e-01  -9.1360198e-01
   5.2145299e-01  -8.1168998e-01
   7.2552398e-01  -6.4814899e-01
   8.7798598e-01  -4.3515799e-01
   9.6733698e-01  -1.8863700e-01
   9.8686298e-01   7.2965998e-02
   9.3514598e-01   3.3009299e-01
   8.1615898e-01   5.6355699e-01
   6.3894999e-01   7.5600998e-01
   4.1694499e-01   8.9325098e-01
   1.6690900e-01   9.6529898e-01
  -9.2336298e-02   9.6713998e-01
  -3.4134899e-01   8.9909198e-01
  -5.6155299e-01   7.6675798e-01
  -7.3664198e-01   5.8058399e-01
  -8.5381498e-01   3.5504199e-01
  -9.0473698e-01   1.0751000e-01
  -8.8614698e-01  -1.4306100e-01
  -8.0008998e-01  -3.7760199e-01
  -6.5373399e-01  -5.7837499e-01
  -4.5879299e-01  -7.3032498e-01
  -2.3061899e-01  -8.2220798e-01
   1.2997700e-02  -8.4743598e-01
   2.5319299e-01  -8.0455098e-01
   4.7147899e-01  -6.9731098e-01
   6.5115699e-01  -5.3437199e-01
   7.7857898e-01  -3.2860099e-01
   8.4418298e-01  -9.6068398e-02
   8.4319298e-01   1.4520500e-01
   7.7596698e-01   3.7663399e-01
   6.4792899e-01   5.8050099e-01
   4.6913099e-01   7.4130898e-01
   2.5345399e-01   8.4695498e-01
   1.7511200e-02   8.8964198e-01
  -2.2063500e-01   8.6644698e-01
  -4.4287599e-01   7.7952398e-01
  -6.3245099e-01   6.3589799e-01
  -7.7522798e-01   4.4689899e-01
  -8.6077598e-01   2.2726199e-01
  -8.8314898e-01  -6.0344399e-03
  -8.4131598e-01  -2.3509099e-01
  -7.3921198e-01  -4.4247699e-01
  -5.8539899e-01  -6.1257999e-01
  -3.9238199e-01  -7.3280098e-01
  -1.7561000e-01  -7.9451698e-01
   4.7737099e-02  -7.9372998e-01
   2.6009799e-01  -7.3134998e-01
   4.4489399e-01  -6.1310299e-01
   5.8782399e-01  -4.4905999e-01
   6.7796398e-01  -2.5283299e-01
   7.0861298e-01  -4.0496899e-02
   6.7779698e-01   1.7067600e-01
   5.8841499e-01   3.6356799e-01
   4.4799599e-01   5.2255999e-01
   2.6809999e-01   6.3474899e-01
   6.3412099e-02   6.9095198e-01
  -1.4941600e-01   6.8642598e-01
  -3.5306699e-01   6.2123499e-01
  -5.3091099e-01   5.0024599e-01
  -6.6830498e-01   3.3274999e-01
  -7.5374298e-01   1.3174500e-01
  -7.7975098e-01  -8.7076398e-02
  -7.4347798e-01  -3.0653899e-01
  -6.4692898e-01  -5.0931999e-01
  -4.9681899e-01  -6.7928998e-01
  -3.0406399e-01  -8.0276598e-01
  -8.2951698e-02  -8.6957398e-01
   1.4995300e-01  -8.7384498e-01
   3.7707699e-01  -8.1447198e-01
   5.8118399e-01  -6.9521498e-01
   7.4669498e-01  -5.2441899e-01
   8.6088498e-01  -3.1438899e-01
   9.1485698e-01  -8.0456298e-02
   9.0422898e-01   1.6017900e-01
   8.2946698e-01   3.8975599e-01
   6.9586098e-01   5.9130199e-01
   5.1312199e-01   7.4991298e-01
   2.9464599e-01   8.5388398e-01
   5.6505599e-02   8.9559298e-01
  -1.8377000e-01   8.7206898e-01
  -4.0851899e-01   7.8520898e-01
  -6.0127299e-01   6.4162798e-01
  -7.4800098e-01   4.5214299e-01
  -8.3814998e-01   2.3094899e-01
  -8.6543298e-01  -5.4638799e-03
  -8.2827698e-01  -2.3955999e-01
  -7.2992298e-01  -4.5408499e-01
  -5.7815199e-01  -6.3336198e-01
  -3.8467499e-01  -7.6446398e-01
  -1.6422300e-01  -8.3816998e-01
   6.6586798e-02  -8.4963598e-01
   2.9051899e-01  -7.9872798e-01
   4.9102699e-01  -6.8999698e-01
   6.5350398e-01  -5.3229199e-01
   7.6637398e-01  -3.3805799e-01
   8.2194198e-01  -1.2235300e-01
   8.1694698e-01   9.8320098e-02
   7.5276998e-01   3.0728499e-01
   6.3528498e-01   4.8896799e-01
   4.7436499e-01   6.3008298e-01
   2.8308499e-01   7.2062898e-01
   7.6688798e-02   7.5462698e-01
  -1.2861000e-01   7.3054298e-01
  -3.1688799e-01   6.5136898e-01
  -4.7374599e-01   5.2434599e-01
  -5.8741199e-01   3.6036899e-01
  -6.4963398e-01   1.7310500e-01
  -6.5629698e-01  -2.2092899e-02
  -6.0771599e-01  -2.0939899e-01
  -5.0857499e-01  -3.7375499e-01
  -3.6753499e-01  -5.0204799e-01
  -1.9653200e-01  -5.8412299e-01
  -9.8216798e-03  -6.1357498e-01
   1.7715600e-01  -5.8822599e-01
   3.4898999e-01  -5.1028699e-01
   4.9151799e-01  -3.8616599e-01
   5.9293199e-01  -2.2595799e-01
   6.4470998e-01  -4.2637199e-02
   6.4227898e-01   1.4896200e-01
   5.8537099e-01   3.3331699e-01
   4.7804999e-01   4.9542999e-01
   3.2838699e-01   6.2201398e-01
   1.4784100e-01   7.0252798e-01
  -4.9641599e-02   7.3001298e-01
  -2.4870799e-01   7.0163398e-01
  -4.3379499e-01   6.1891498e-01
  -5.9033699e-01   4.8763099e-01
  -7.0590498e-01   3.1736499e-01
  -7.7117298e-01   1.2077600e-01
  -7.8064498e-01  -8.7369498e-02
  -7.3309598e-01  -2.9133699e-01
  -6.3167098e-01  -4.7563299e-01
  -4.8365499e-01  -6.2619598e-01
  -2.9992399e-01  -7.3148298e-01
  -9.4115398e-02  -7.8335698e-01
   1.1840900e-01  -7.7771498e-01
   3.2173399e-01  -7.1481098e-01
   5.0060699e-01  -5.9923898e-01
   6.4160298e-01  -4.3958599e-01
   7.3413998e-01  -2.4778399e-01
   7.7129398e-01  -3.8198399e-02
   7.5031598e-01   1.7346100e-01
   6.7284698e-01   3.7133399e-01
   5.4477999e-01   5.4061299e-01
   3.7581599e-01   6.6866598e-01
   1.7871900e-01   7.4598998e-01
  -3.1659799e-02   7.6692098e-01
  -2.3950499e-01   7.3006098e-01
  -4.2924199e-01   6.3836598e-01
  -5.8671498e-01   4.9891199e-01
  -7.0025398e-01   3.2234499e-01
  -7.6154698e-01   1.2206000e-01
  -7.6625798e-01  -8.6822298e-02
  -7.1433898e-01  -2.8860899e-01
  -6.1001198e-01  -4.6822799e-01
  -4.6142799e-01  -6.1236698e-01
  -2.8002899e-01  -7.1047198e-01
  -7.9661598e-02  -7.5553698e-01
   1.2448800e-01  -7.4461098e-01
   3.1705599e-01  -6.7900298e-01
   4.8367099e-01  -5.6415199e-01
   6.1204098e-01  -4.0918799e-01
   6.9287298e-01  -2.2621299e-01
   7.2056698e-01  -2.9357599e-02
   6.9361298e-01   1.6631000e-01
   6.1467998e-01   3.4594299e-01
   4.9038099e-01   4.9604999e-01
   3.3073999e-01   6.0551598e-01
   1.4839800e-01   6.6644198e-01
  -4.2378799e-02   6.7471898e-01
  -2.2679999e-01   6.3032798e-01
  -3.9069999e-01   5.3729999e-01
  -5.2161999e-01   4.0338499e-01
  -6.0975698e-01   2.3942599e-01
  -6.4870498e-01   5.8495698e-02
  -6.3592398e-01  -1.2512200e-01
  -5.7291198e-01  -2.9705199e-01
  -4.6506399e-01  -4.4393699e-01
  -3.2122399e-01  -5.5447199e-01
  -1.5298600e-01  -6.2026598e-01
   2.6231299e-02  -6.3647898e-01
   2.0223299e-01  -6.0217898e-01
   3.6115799e-01  -5.2039399e-01
   4.9055999e-01  -3.9785499e-01
   5.8036898e-01  -2.4445799e-01
   6.2366598e-01  -7.2475398e-02
   6.1721398e-01   1.0440800e-01
   5.6169298e-01   2.7217099e-01
   4.6163999e-01   4.1755199e-01
   3.2507999e-01   5.2907999e-01
   1.6289100e-01   5.9796898e-01
  -1.2047800e-02   6.1879698e-01
  -1.8587099e-01   5.8992398e-01
  -3.4480799e-01   5.1361699e-01
  -4.7625499e-01   3.9586499e-01
  -5.6976298e-01   2.4591299e-01
  -6.1784798e-01   7.5537198e-02
  -6.1657298e-01  -1.0187100e-01
  -5.6585798e-01  -2.7234699e-01
  -4.6948599e-01  -4.2244199e-01
  -3.3481399e-01  -5.4026499e-01
  -1.7220000e-01  -6.1640898e-01
   5.7910698e-03  -6.4468198e-01
   1.8536299e-01  -6.2259098e-01
   3.5254999e-01  -5.5153998e-01
   4.9429599e-01  -4.3672799e-01
   5.9946698e-01  -2.8675099e-01
   6.5970598e-01  -1.1294600e-01
   6.7008398e-01   7.1474898e-02
   6.2948198e-01   2.5244099e-01
   5.4068098e-01   4.1609799e-01
   4.1015899e-01   5.4986898e-01
   2.4759199e-01   6.4342098e-01
   6.5124798e-02   6.8945098e-01
  -1.2355900e-01   6.8425198e-01
  -3.0427299e-01   6.2799198e-01
  -4.6341199e-01   5.2470199e-01
  -5.8898198e-01   3.8197299e-01
  -6.7151298e-01   2.1037499e-01
  -7.0477098e-01   2.2654799e-02
  -6.8622998e-01  -1.6723100e-01
  -6.1725598e-01  -3.4517699e-01
  -5.0299699e-01  -4.9799099e-01
  -3.5198199e-01  -6.1439598e-01
  -1.7547100e-01  -6.8586898e-01
   1.3407100e-02  -7.0727998e-01
   2.0064899e-01  -6.7726498e-01
   3.7244299e-01  -5.9831698e-01
   5.1620499e-01  -4.7657399e-01
   6.2152798e-01  -3.2133999e-01
   6.8095298e-01  -1.4436600e-01
   6.9051598e-01   4.1052199e-02
   6.5002798e-01   2.2109499e-01
   5.6305898e-01   3.8246199e-01
   4.3664899e-01   5.1337899e-01
   2.8073899e-01   6.0448298e-01
   1.0740200e-01   6.4950998e-01
  -7.0097398e-02   6.4574898e-01
  -2.3832099e-01   5.9422098e-01
  -3.8468399e-01   4.9956799e-01
  -4.9841099e-01   3.6966999e-01
  -5.7134398e-01   2.1501199e-01
  -5.9854398e-01   4.7857899e-02
  -5.7864798e-01  -1.1870500e-01
  -5.1393799e-01  -2.7178199e-01
  -4.1013799e-01  -3.9966299e-01
  -2.7594099e-01  -4.9271999e-01
  -1.2231600e-01  -5.4412898e-01
   3.8365199e-02  -5.5038298e-01
   1.9329399e-01  -5.1153699e-01
   3.3022899e-01  -4.3117699e-01
   4.3843899e-01  -3.1611999e-01
   5.0953599e-01  -1.7585499e-01
   5.3811398e-01  -2.1793899e-02
   5.2215198e-01   1.3363700e-01
   4.6315599e-01   2.7797199e-01
   3.6602699e-01   3.9968199e-01
   2.3865999e-01   4.8907199e-01
   9.1313697e-02   5.3903798e-01
  -6.4199298e-02   5.4561098e-01
  -2.1544399e-01   5.0826098e-01
  -3.5033799e-01   4.2993299e-01
  -4.5810099e-01   3.1680399e-01
  -5.3009098e-01   1.7780099e-01
  -5.6048698e-01   2.3893499e-02
  -5.4673698e-01  -1.3276100e-01
  -4.8975799e-01  -2.7977199e-01
  -3.9386599e-01  -4.0548099e-01
  -2.6644299e-01  -4.9987499e-01
  -1.1735600e-01  -5.5536598e-01
   4.1800999e-02  -5.6738298e-01
   1.9860899e-01  -5.3473598e-01
   3.4078999e-01  -4.5970999e-01
   4.5715599e-01  -3.4789099e-01
   5.3847998e-01  -2.0774499e-01
   5.7821298e-01  -4.9962598e-02
   5.7299298e-01   1.1336100e-01
   5.2290898e-01   2.6965299e-01
   4.3150299e-01   4.0683699e-01
   3.0550399e-01   5.1425398e-01
   1.5431100e-01   5.8348898e-01
  -1.0718000e-02   6.0901598e-01
  -1.7713399e-01   5.8862598e-01
  -3.3234899e-01   5.2359698e-01
  -4.6459699e-01   4.1860199e-01
  -5.6382698e-01   2.8135299e-01
  -6.2247498e-01   1.2201400e-01
  -6.3603298e-01  -4.7569499e-02
  -6.0339498e-01  -2.1477599e-01
  -5.2693498e-01  -3.6716299e-01
  -4.1232399e-01  -4.9340998e-01
  -2.6809799e-01  -5.8417898e-01
  -1.0500000e-01  -6.3281498e-01
   6.4833898e-02  -6.3584498e-01
   2.2879899e-01  -5.9323198e-01
   3.7477899e-01  -5.0836698e-01
   4.9205698e-01  -3.8780399e-01
   5.7212798e-01  -2.4074599e-01
   6.0932798e-01  -7.8341198e-02
   6.0125498e-01   8.7170597e-02
   5.4893298e-01   2.4339299e-01
   4.5671799e-01   3.7871199e-01
   3.3194699e-01   4.8317398e-01
   1.8436899e-01   5.4923298e-01
   2.5385599e-02   5.7230798e-01
  -1.3282500e-01   5.5111698e-01
  -2.7823999e-01   4.8774998e-01
  -3.9990599e-01   3.8749399e-01
  -4.8877098e-01   2.5840099e-01
  -5.3835998e-01   1.1066400e-01
  -5.4525498e-01  -4.4183599e-02
  -5.0933598e-01  -1.9415599e-01
  -4.3376799e-01  -3.2773599e-01
  -3.2473499e-01  -4.3475899e-01
  -1.9094999e-01  -5.0717798e-01
  -4.2963299e-02  -5.3967398e-01
   1.0765700e-01  -5.3004498e-01
   2.4922399e-01  -4.7935498e-01
   3.7083099e-01  -3.9183399e-01
   4.6319099e-01  -2.7452899e-01
   5.1934298e-01  -1.3674600e-01
   5.3517198e-01   1.0683500e-02
   5.0971498e-01   1.5624600e-01
   4.4521999e-01   2.8864399e-01
   3.4694699e-01   3.9766599e-01
   2.2275399e-01   4.7497298e-01
   8.2468097e-02   5.1473498e-01
  -6.2879998e-02   5.1406898e-01
  -2.0191999e-01   4.7325198e-01
  -3.2382599e-01   3.9568299e-01
  -4.1914999e-01   2.8760799e-01
  -4.8055298e-01   1.5762199e-01
  -5.0336798e-01   1.5994599e-02
  -4.8594698e-01  -1.2613400e-01
  -4.2978299e-01  -2.5762099e-01
  -3.3938399e-01  -3.6818699e-01
  -2.2191099e-01  -4.4920799e-01
  -8.6615897e-02  -4.9438298e-01
   5.5880898e-02  -5.0021898e-01
   1.9442099e-01  -4.6628798e-01
   3.1817199e-01  -3.9526099e-01
   4.1747199e-01  -2.9268799e-01
   4.8456998e-01  -1.6656299e-01
   5.1422998e-01  -2.6703099e-02
   5.0412698e-01   1.1602200e-01
   4.5502599e-01   2.5053099e-01
   3.7071499e-01   3.6638699e-01
   2.5770899e-01   4.5460999e-01
   1.2474200e-01   5.0836898e-01
  -1.7912999e-02   5.2350298e-01
  -1.5923999e-01   4.9884598e-01
  -2.8833299e-01   4.3631099e-01
  -3.9523699e-01   3.4073799e-01
  -4.7171898e-01   2.1951799e-01
  -5.1190098e-01   8.2019797e-02
  -5.1271098e-01  -6.1134398e-02
  -4.7411698e-01  -1.9889099e-01
  -3.9913099e-01  -3.2061599e-01
  -2.9356999e-01  -4.1691699e-01
  -1.6560799e-01  -4.8036298e-01
  -2.5145799e-02  -5.0605798e-01
   1.1695500e-01  -4.9201598e-01
   2.4970399e-01  -4.3930899e-01
   3.6283199e-01  -3.5198599e-01
   4.4757399e-01  -2.3675799e-01
   4.9734498e-01  -1.0248500e-01
   5.0824398e-01   4.0510699e-02
   4.7934798e-01   1.8123299e-01
   4.1278299e-01   3.0885499e-01
   3.1355899e-01   4.1355099e-01
   1.8918399e-01   4.8723998e-01
   4.9086198e-02   5.2421098e-01
  -9.6106197e-02   5.2154798e-01
  -2.3537799e-01   4.7935398e-01
  -3.5816899e-01   4.0073799e-01
  -4.5517598e-01   2.9156899e-01
  -5.1905698e-01   1.6003099e-01
  -5.4499298e-01   1.5988599e-02
  -5.3103798e-01  -1.2976200e-01
  -4.7826898e-01  -2.6631899e-01
  -3.9068899e-01  -3.8350299e-01
  -2.7491699e-01  -4.7262998e-01
  -1.3967200e-01  -5.2715898e-01
   4.8917398e-03  -5.4318898e-01
   1.4796699e-01  -5.1973698e-01
   2.7891399e-01  -4.5880398e-01
   3.8806799e-01  -3.6520599e-01
   4.6747198e-01  -2.4619499e-01
   5.1146798e-01  -1.1089400e-01
   5.1711698e-01   3.0409099e-02
   4.8440598e-01   1.6704799e-01
   4.1622999e-01   2.8879799e-01
   3.1815599e-01   3.8664999e-01
   1.9797399e-01   4.5348798e-01
   6.5093398e-02   4.8462798e-01
  -7.0192498e-02   4.7815298e-01
  -1.9749999e-01   4.3504098e-01
  -3.0715099e-01   3.5907399e-01
  -3.9091399e-01   2.5652499e-01
  -4.4262798e-01   1.3566100e-01
  -4.5865598e-01   6.0863998e-03
  -4.3815998e-01  -1.2199800e-01
  -3.8313799e-01  -2.3859499e-01
  -2.9825399e-01  -3.3467499e-01
  -1.9046299e-01  -4.0287699e-01
  -6.8458098e-02  -4.3806098e-01
   5.8017198e-02  -4.3770298e-01
   1.7892699e-01  -4.0206899e-01
   2.8472599e-01  -3.3418399e-01
   3.6709999e-01  -2.3958699e-01
   4.1960399e-01  -1.2588400e-01
   4.3816098e-01  -2.1489199e-03
   4.2136699e-01   1.2178400e-01
   3.7059199e-01   2.3609299e-01
   2.8986699e-01   3.3173099e-01
   1.8556299e-01   4.0112599e-01
   6.5887198e-02   4.3877198e-01
  -5.9757598e-02   4.4164598e-01
  -1.8150499e-01   4.0944399e-01
  -2.8979299e-01   3.4459899e-01
  -3.7610699e-01   2.5208699e-01
  -4.3363898e-01   1.3903800e-01
  -4.5781198e-01   1.4182399e-02
  -4.4663298e-01  -1.1282700e-01
  -4.0084599e-01  -2.3216399e-01
  -3.2387399e-01  -3.3458699e-01
  -2.2154699e-01  -4.1215699e-01
  -1.0165700e-01  -4.5884198e-01
   2.6649599e-02  -4.7098798e-01
   1.5357599e-01  -4.4759598e-01
   2.6942999e-01  -3.9039299e-01
   3.6536899e-01  -3.0370399e-01
   4.3407998e-01  -1.9410999e-01
   4.7034098e-01  -6.9943297e-02
   4.7141498e-01   5.9356898e-02
   4.3726298e-01   1.8396899e-01
   3.7053599e-01   2.9444399e-01
   2.7637299e-01   3.8242999e-01
   1.6199799e-01   4.4131098e-01
   3.6163299e-02   4.6670798e-01
  -9.1523097e-02   4.5681598e-01
  -2.1133899e-01   4.1252999e-01
  -3.1418999e-01   3.3737299e-01
  -3.9231099e-01   2.3722299e-01
  -4.3985098e-01   1.1984800e-01
  -4.5332298e-01  -5.6868698e-03
  -4.3186098e-01  -1.2972100e-01
  -3.7728199e-01  -2.4274099e-01
  -2.9393899e-01  -3.3610999e-01
  -1.8837799e-01  -4.0272899e-01
  -6.8833297e-02  -4.3757598e-01
   5.5412498e-02  -4.3808698e-01
   1.7474199e-01  -4.0434499e-01
   2.7994199e-01  -3.3906699e-01
   3.6291199e-01  -2.4739099e-01
   4.1727898e-01  -1.3647399e-01
   4.3888798e-01  -1.4934699e-02
   4.2610898e-01   1.0780700e-01
   3.7996299e-01   2.2225599e-01
   3.0403099e-01   3.1957299e-01
   2.0417899e-01   3.9224599e-01
   8.8097997e-02   4.3466898e-01
  -3.5284499e-02   4.4356298e-01
  -1.5649499e-01   4.1821998e-01
  -2.6623899e-01   3.6055699e-01
  -3.5610999e-01   2.7495899e-01
  -4.1923298e-01   1.6793799e-01
  -4.5078298e-01   4.7629898e-02
  -4.4835098e-01  -7.6831097e-02
  -4.1211698e-01  -1.9601199e-01
  -3.4483099e-01  -3.0090199e-01
  -2.5159499e-01  -3.8359899e-01
  -1.3946499e-01  -4.3790598e-01
  -1.6904099e-02  -4.5979898e-01
   1.0686200e-01  -4.4772498e-01
   2.2255799e-01  -4.0270698e-01
   3.2155799e-01  -3.2825799e-01
   3.9654699e-01  -2.3009999e-01
   4.4206698e-01  -1.1571400e-01
   4.5492298e-01   6.2321898e-03
   4.3441298e-01   1.2655900e-01
   3.8237199e-01   2.3627499e-01
   3.0300899e-01   3.2726099e-01
   2.0257499e-01   3.9288599e-01
   8.8870397e-02   4.2850198e-01
  -2.9363199e-02   4.3179298e-01
  -1.4311899e-01   4.0292498e-01
  -2.4381799e-01   3.4452599e-01
  -3.2396399e-01   2.6145999e-01
  -3.7771399e-01   1.6043899e-01
  -4.0131698e-01   4.9493198e-02
  -3.9338498e-01  -6.2662198e-02
  -3.5498699e-01  -1.6730099e-01
  -2.8954799e-01  -2.5636499e-01
  -2.0256399e-01  -3.2308099e-01
  -1.0116800e-01  -3.6248199e-01
   6.4394398e-03  -3.7178099e-01
   1.1163600e-01  -3.5057199e-01
   2.0604999e-01  -3.0085399e-01
   2.8221399e-01  -2.2685799e-01
   3.3414299e-01  -1.3470599e-01
   3.5779899e-01  -3.1927299e-02
   3.5139699e-01   7.3140397e-02
   3.1553999e-01   1.7200399e-01
   2.5316199e-01   2.5668299e-01
   1.6929799e-01   3.2033199e-01
   7.0678397e-02   3.5777699e-01
  -3.4792199e-02   3.6591899e-01
  -1.3866099e-01   3.4397299e-01
  -2.3258699e-01   2.9353099e-01
  -3.0899099e-01   2.1843999e-01
  -3.6165399e-01   1.2449700e-01
  -3.8619698e-01   1.9004299e-02
  -3.8042999e-01  -8.9799096e-02
  -3.4452599e-01  -1.9337899e-01
  -2.8100799e-01  -2.8356799e-01
  -1.9456299e-01  -3.5319699e-01
  -9.1679496e-02  -3.9665898e-01
   1.9845599e-02  -4.1033898e-01
   1.3150899e-01  -3.9290198e-01
   2.3475199e-01  -3.4540199e-01
   3.2162199e-01  -2.7120299e-01
   3.8537798e-01  -1.7572899e-01
   4.2101598e-01  -6.6049697e-02
   4.2565198e-01   4.9653198e-02
   3.9874398e-01   1.6271299e-01
   3.4213999e-01   2.6463399e-01
   2.5993499e-01   3.4774299e-01
   1.5816799e-01   4.0576898e-01
   4.4358198e-02   4.3431998e-01
  -7.3063997e-02   4.3121898e-01
  -1.8539299e-01   3.9666398e-01
  -2.8431099e-01   3.3321199e-01
  -3.6251199e-01   2.4558499e-01
  -4.1425598e-01   1.4030399e-01
  -4.3579698e-01   2.5198999e-02
  -4.2565898e-01  -9.1192396e-02
  -3.8474398e-01  -2.0026599e-01
  -3.1625199e-01  -2.9400499e-01
  -2.2543099e-01  -3.6557999e-01
  -1.1917200e-01  -4.0985798e-01
  -5.4796798e-03  -4.2378798e-01
   1.0713700e-01  -4.0661398e-01
   2.1031099e-01  -3.5992099e-01
   2.9645299e-01  -2.8750299e-01
   3.5931699e-01  -1.9505999e-01
   3.9446498e-01  -8.9753096e-02
   3.9959598e-01   2.0348599e-02
   3.7469898e-01   1.2688699e-01
   3.2204399e-01   2.2185299e-01
   2.4598599e-01   2.9819599e-01
   1.5261899e-01   3.5034999e-01
   4.9300298e-02   3.7465098e-01
  -5.5927498e-02   3.6959998e-01
  -1.5495299e-01   3.3596299e-01
  -2.4022199e-01   2.7669199e-01
  -3.0530899e-01   1.9668299e-01
  -3.4540799e-01   1.0238300e-01
  -3.5768499e-01   1.2845799e-03
  -3.4148599e-01  -9.8663396e-02
  -2.9836599e-01  -1.8966999e-01
  -2.3195999e-01  -2.6470499e-01
  -1.4767999e-01  -3.1803599e-01
  -5.2288098e-02  -3.4566399e-01
   4.6637798e-02  -3.4562299e-01
   1.4129799e-01  -3.1811899e-01
   2.2427899e-01  -2.6549999e-01
   2.8912399e-01  -1.9206199e-01
   3.3083399e-01  -1.0370500e-01
   3.4624899e-01  -7.4619197e-03
   3.3428199e-01   8.9052196e-02
   2.9599699e-01   1.7823699e-01
   2.3451399e-01   2.5310099e-01
   1.5476199e-01   3.0780099e-01
   6.3081897e-02   3.3809799e-01
  -3.3270899e-02   3.4167999e-01
  -1.2669499e-01   3.1833699e-01
  -2.0983699e-01   2.6997099e-01
  -2.7616999e-01   2.0044299e-01
  -3.2049199e-01   1.1526500e-01
  -3.3933999e-01   2.1171499e-02
  -3.3124999e-01  -7.4414997e-02
  -2.9686999e-01  -1.6395899e-01
  -2.3891099e-01  -2.4040099e-01
  -1.6192799e-01  -2.9771099e-01
  -7.1969097e-02  -3.3135199e-01
