   7.7155800e+00   7.5276800e-02
   7.2736400e+00   2.2020900e+00
   6.1381600e+00   4.0055500e+00
   4.4977100e+00   5.2558300e+00
   2.6124200e+00   5.8222400e+00
   7.6529200e-01   5.6917500e+00
  -7.8876300e-01   4.9648600e+00
  -1.8661100e+00   3.8304900e+00
  -2.3818300e+00   2.5258300e+00
  -2.3568300e+00   1.2896700e+00
  -1.9044700e+00   3.1870700e-01
  -1.2006500e+00  -2.6472000e-01
  -4.4428600e-01  -4.2799400e-01
   1.8311600e-01  -2.2481600e-01
   5.5077300e-01   2.2479400e-01
   5.9861600e-01   7.6566400e-01
   3.4110700e-01   1.2425000e+00
  -1.4442200e-01   1.5312000e+00
  -7.4101600e-01   1.5604000e+00
  -1.3208700e+00   1.3195700e+00
  -1.7729800e+00   8.5345600e-01
  -2.0237600e+00   2.4545600e-01
  -2.0470400e+00  -4.0521300e-01
  -1.8621700e+00  -1.0067600e+00
  -1.5223000e+00  -1.4931900e+00
  -1.0964200e+00  -1.8340800e+00
  -6.5026700e-01  -2.0344500e+00
  -2.3081000e-01  -2.1258500e+00
   1.4220300e-01  -2.1518100e+00
   4.7621600e-01  -2.1519100e+00
   7.9809200e-01  -2.1487900e+00
   1.1412600e+00  -2.1412800e+00
   1.5316000e+00  -2.1050400e+00
   1.9758600e+00  -2.0003300e+00
   2.4557300e+00  -1.7844400e+00
   2.9290300e+00  -1.4253200e+00
   3.3375000e+00  -9.1297100e-01
   3.6192800e+00  -2.6540500e-01
   3.7227300e+00   4.7205200e-01
   3.6182900e+00   1.2340800e+00
   3.3054100e+00   1.9473600e+00
   2.8130500e+00   2.5443200e+00
   2.1938100e+00   2.9753500e+00
   1.5132000e+00   3.2167000e+00
   8.3684700e-01   3.2724400e+00
   2.1872800e-01   3.1702600e+00
  -3.0694900e-01   2.9526400e+00
  -7.2844000e-01   2.6656700e+00
  -1.0535700e+00   2.3485700e+00
  -1.3023700e+00   2.0264000e+00
  -1.4976300e+00   1.7076700e+00
  -1.6558500e+00   1.3870000e+00
  -1.7814000e+00   1.0519800e+00
  -1.8651800e+00   6.9184200e-01
  -1.8881700e+00   3.0540900e-01
  -1.8288500e+00  -9.4039700e-02
  -1.6722900e+00  -4.7867800e-01
  -1.4182300e+00  -8.1099700e-01
  -1.0857200e+00  -1.0525700e+00
  -7.1270800e-01  -1.1745400e+00
  -3.5009900e-01  -1.1669600e+00
  -5.1547700e-02  -1.0444500e+00
   1.3891400e-01  -8.4625300e-01
   1.9835800e-01  -6.3015100e-01
   1.3265800e-01  -4.6118200e-01
  -2.1796300e-02  -3.9747800e-01
  -2.0325800e-01  -4.7628500e-01
  -3.3598000e-01  -7.0342300e-01
  -3.4565700e-01  -1.0488000e+00
  -1.7577700e-01  -1.4493900e+00
   1.9860500e-01  -1.8193700e+00
   7.6274300e-01  -2.0658200e+00
   1.4617000e+00  -2.1066500e+00
   2.2078100e+00  -1.8874600e+00
   2.8949700e+00  -1.3936400e+00
   3.4168300e+00  -6.5532800e-01
   3.6856700e+00   2.5599100e-01
   3.6480000e+00   1.2384700e+00
   3.2940800e+00   2.1765500e+00
   2.6596500e+00   2.9599100e+00
   1.8194100e+00   3.5011900e+00
   8.7411100e-01   3.7492500e+00
  -6.6538800e-02   3.6955200e+00
  -9.0149700e-01   3.3728600e+00
  -1.5534600e+00   2.8472500e+00
  -1.9787500e+00   2.2045400e+00
  -2.1705100e+00   1.5349100e+00
  -2.1553900e+00   9.1816400e-01
  -1.9846900e+00   4.1242900e-01
  -1.7223600e+00   4.7992000e-02
  -1.4324000e+00  -1.7311300e-01
  -1.1680500e+00  -2.7244600e-01
  -9.6461500e-01  -2.8697700e-01
  -8.3682400e-01  -2.5945100e-01
  -7.8045500e-01  -2.2941800e-01
  -7.7726700e-01  -2.2659000e-01
  -8.0161900e-01  -2.6747900e-01
  -8.2709300e-01  -3.5537800e-01
  -8.3167900e-01  -4.8303200e-01
  -8.0068400e-01  -6.3680800e-01
  -7.2719700e-01  -8.0104200e-01
  -6.1059300e-01  -9.6142400e-01
  -4.5398100e-01  -1.1067400e+00
  -2.6166200e-01  -1.2288600e+00
  -3.7464200e-02  -1.3214300e+00
   2.1554300e-01  -1.3780000e+00
   4.9396500e-01  -1.3905600e+00
   7.9212300e-01  -1.3491400e+00
   1.0999800e+00  -1.2428700e+00
   1.4018300e+00  -1.0622700e+00
   1.6764000e+00  -8.0241100e-01
   1.8986300e+00  -4.6588700e-01
   2.0430000e+00  -6.4815100e-02
   2.0877100e+00   3.7883900e-01
   2.0188700e+00   8.3494200e-01
   1.8337000e+00   1.2687100e+00
   1.5419200e+00   1.6454400e+00
   1.1650600e+00   1.9355400e+00
   7.3349700e-01   2.1187700e+00
   2.8214300e-01   2.1869400e+00
  -1.5470500e-01   2.1444300e+00
  -5.4807700e-01   2.0065200e+00
  -8.7778600e-01   1.7959700e+00
  -1.1340000e+00   1.5386200e+00
  -1.3167400e+00   1.2589900e+00
  -1.4336100e+00   9.7671900e-01
  -1.4964300e+00   7.0465900e-01
  -1.5175900e+00   4.4866600e-01
  -1.5070600e+00   2.0909400e-01
  -1.4706100e+00  -1.6663300e-02
  -1.4096500e+00  -2.3132300e-01
  -1.3224100e+00  -4.3533500e-01
  -1.2061500e+00  -6.2560700e-01
  -1.0596300e+00  -7.9560300e-01
  -8.8504600e-01  -9.3674200e-01
  -6.8901100e-01  -1.0406600e+00
  -4.8211100e-01  -1.1016500e+00
  -2.7725900e-01  -1.1186500e+00
  -8.7176400e-02  -1.0961100e+00
   7.8312800e-02  -1.0434800e+00
   2.1448600e-01  -9.7341300e-01
   3.2281800e-01  -8.9904300e-01
   4.1063500e-01  -8.3093900e-01
   4.8934200e-01  -7.7454500e-01
   5.7158100e-01  -7.2869200e-01
   6.6793500e-01  -6.8558000e-01
   7.8393200e-01  -6.3232200e-01
   9.1801400e-01  -5.5373100e-01
   1.0609800e+00  -4.3579500e-01
   1.1970200e+00  -2.6909700e-01
   1.3062200e+00  -5.1469300e-02
   1.3679900e+00   2.1068200e-01
   1.3647300e+00   5.0265500e-01
   1.2850600e+00   8.0326200e-01
   1.1259600e+00   1.0878100e+00
   8.9350400e-01   1.3316700e+00
   6.0201500e-01   1.5137100e+00
   2.7200700e-01   1.6190800e+00
  -7.2738400e-02   1.6407800e+00
  -4.0831300e-01   1.5799400e+00
  -7.1350200e-01   1.4448900e+00
  -9.7182800e-01   1.2492900e+00
  -1.1725900e+00   1.0098000e+00
  -1.3109100e+00   7.4384600e-01
  -1.3869200e+00   4.6772200e-01
  -1.4045600e+00   1.9540400e-01
  -1.3701900e+00  -6.1966100e-02
  -1.2913800e+00  -2.9601200e-01
  -1.1762000e+00  -5.0071400e-01
  -1.0327300e+00  -6.7192400e-01
  -8.6910000e-01  -8.0702600e-01
  -6.9343100e-01  -9.0484200e-01
  -5.1385200e-01  -9.6577100e-01
  -3.3820400e-01  -9.9203700e-01
  -1.7348700e-01  -9.8783000e-01
  -2.5112000e-02  -9.5918200e-01
   1.0386000e-01  -9.1341800e-01
   2.1325500e-01  -8.5821900e-01
   3.0587400e-01  -8.0039200e-01
   3.8700400e-01  -7.4460100e-01
   4.6333600e-01  -6.9236100e-01
   5.4144600e-01  -6.4155500e-01
   6.2611400e-01  -5.8668400e-01
   7.1882100e-01  -5.1987600e-01
   8.1679800e-01  -4.3254000e-01
   9.1285800e-01  -3.1736600e-01
   9.9614900e-01  -1.7030000e-01
   1.0537500e+00   7.9326600e-03
   1.0728300e+00   2.1108900e-01
   1.0430400e+00   4.2766700e-01
   9.5860700e-01   6.4217100e-01
   8.1974200e-01   8.3719200e-01
   6.3311500e-01   9.9594100e-01
   4.1119400e-01   1.1047900e+00
   1.7059400e-01   1.1553200e+00
  -7.0280900e-02   1.1455600e+00
  -2.9388400e-01   1.0801000e+00
  -4.8597900e-01   9.6912600e-01
  -6.3745300e-01   8.2656500e-01
  -7.4517700e-01   6.6767600e-01
  -8.1179100e-01   5.0654700e-01
  -8.4448000e-01   3.5396600e-01
  -8.5301500e-01   2.1605400e-01
  -8.4745700e-01   9.3866400e-02
  -8.3597000e-01  -1.5980100e-02
  -8.2315700e-01  -1.1983800e-01
  -8.0923000e-01  -2.2501700e-01
  -7.9013000e-01  -3.3764900e-01
  -7.5856000e-01  -4.6083700e-01
  -7.0570200e-01  -5.9344800e-01
  -6.2328800e-01  -7.2975600e-01
  -5.0562100e-01  -8.6000900e-01
  -3.5118400e-01  -9.7178500e-01
  -1.6354100e-01  -1.0519100e+00
   4.8605300e-02  -1.0885700e+00
   2.7222400e-01  -1.0733300e+00
   4.9148400e-01  -1.0025800e+00
   6.8974900e-01  -8.7839800e-01
   8.5172200e-01  -7.0846200e-01
   9.6541900e-01  -5.0526200e-01
   1.0236800e+00  -2.8457200e-01
   1.0249900e+00  -6.3515200e-02
   9.7357800e-01   1.4153500e-01
   8.7867100e-01   3.1690700e-01
   7.5317100e-01   4.5317400e-01
   6.1184500e-01   5.4609200e-01
   4.6932900e-01   5.9681300e-01
   3.3821000e-01   6.1135400e-01
   2.2745400e-01   5.9941600e-01
   1.4138500e-01   5.7271300e-01
   7.9360200e-02   5.4305000e-01
   3.6194800e-02   5.2042600e-01
   3.2662700e-03   5.1143400e-01
  -2.9841700e-02   5.1819900e-01
  -7.3401800e-02   5.3802700e-01
  -1.3560200e-01   5.6384300e-01
  -2.2090800e-01   5.8535700e-01
  -3.2899300e-01   5.9080800e-01
  -4.5444900e-01   5.6902500e-01
  -5.8733000e-01   5.1146400e-01
  -7.1449500e-01   4.1389800e-01
  -8.2153500e-01   2.7744600e-01
  -8.9499600e-01   1.0875400e-01
  -9.2451300e-01  -8.0742200e-02
  -9.0448800e-01  -2.7636900e-01
  -8.3500900e-01  -4.6233400e-01
  -7.2182100e-01  -6.2405000e-01
  -5.7533900e-01  -7.5025100e-01
  -4.0887500e-01  -8.3450500e-01
  -2.3639000e-01  -8.7583700e-01
  -7.0215700e-02  -8.7833600e-01
   8.0830100e-02  -8.4981300e-01
   2.1252300e-01  -7.9977900e-01
   3.2529200e-01  -7.3715900e-01
   4.2322100e-01  -6.6822100e-01
   5.1218400e-01  -5.9520300e-01
   5.9751800e-01  -5.1597000e-01
   6.8174100e-01  -4.2483100e-01
   7.6286700e-01  -3.1441800e-01
   8.3376900e-01  -1.7825200e-01
   8.8285800e-01  -1.3467500e-02
   8.9605400e-01   1.7693900e-01
   8.5976200e-01   3.8292800e-01
   7.6429200e-01   5.8770700e-01
   6.0701600e-01   7.6962400e-01
   3.9453200e-01   9.0546700e-01
   1.4323300e-01   9.7465000e-01
  -1.2204300e-01   9.6349600e-01
  -3.7124700e-01   8.6876900e-01
  -5.7378600e-01   6.9962000e-01
  -7.0387400e-01   4.7739200e-01
  -7.4555200e-01   2.3308700e-01
  -6.9637500e-01   2.7591100e-03
  -5.6891900e-01  -1.7847100e-01
  -3.8961300e-01  -2.8274100e-01
  -1.9492400e-01  -2.9493100e-01
  -2.5383400e-02  -2.1619800e-01
   8.1544600e-02  -6.4747900e-02
   9.8492400e-02   1.2649300e-01
   1.3790100e-02   3.1505100e-01
  -1.6549700e-01   4.5613200e-01
  -4.1379200e-01   5.1065300e-01
  -6.9061700e-01   4.5262900e-01
  -9.4705200e-01   2.7452300e-01
  -1.1339800e+00  -1.0509300e-02
  -1.2106500e+00  -3.6998600e-01
  -1.1520100e+00  -7.5693400e-01
  -9.5344900e-01  -1.1173800e+00
  -6.3206000e-01  -1.3991800e+00
  -2.2412700e-01  -1.5606200e+00
   2.2065900e-01  -1.5772100e+00
   6.4723500e-01  -1.4455000e+00
   1.0039900e+00  -1.1832100e+00
   1.2507400e+00  -8.2587200e-01
   1.3645300e+00  -4.2044900e-01
   1.3421700e+00  -1.7448100e-02
   1.1993700e+00   3.3716700e-01
   9.6672800e-01   6.0871700e-01
   6.8341800e-01   7.7807200e-01
   3.9012200e-01   8.4286300e-01
   1.2237800e-01   8.1565300e-01
  -9.4353100e-02   7.1971500e-01
  -2.4716700e-01   5.8345800e-01
  -3.3554100e-01   4.3475300e-01
  -3.6888600e-01   2.9627700e-01
  -3.6262400e-01   1.8270800e-01
  -3.3385100e-01   1.0006000e-01
  -2.9758500e-01   4.6983800e-02
  -2.6438200e-01   1.7382900e-02
  -2.3963600e-01   3.4911100e-03
  -2.2445300e-01  -1.4826400e-03
  -2.1756400e-01  -1.8031300e-03
  -2.1752000e-01   9.5533900e-04
  -2.2439400e-01   6.8230800e-03
  -2.4042000e-01   1.5608100e-02
  -2.6934400e-01   2.5051400e-02
  -3.1469700e-01   2.9690600e-02
  -3.7754300e-01   2.0947400e-02
  -4.5445200e-01  -1.1413100e-02
  -5.3646100e-01  -7.6725400e-02
  -6.0951700e-01  -1.8041200e-01
  -6.5653400e-01  -3.2135900e-01
  -6.6072500e-01  -4.9051200e-01
  -6.0947000e-01  -6.7124200e-01
  -4.9777100e-01  -8.4164900e-01
  -3.3034700e-01  -9.7840400e-01
  -1.2170400e-01  -1.0613500e+00
   1.0603600e-01  -1.0778000e+00
   3.2717000e-01  -1.0253700e+00
   5.1748200e-01  -9.1268900e-01
   6.5914400e-01  -7.5758200e-01
   7.4424500e-01  -5.8302900e-01
   7.7599200e-01  -4.1188300e-01
   7.6718300e-01  -2.6154500e-01
   7.3620000e-01  -1.3999300e-01
   7.0144400e-01  -4.4266900e-02
   6.7559500e-01   3.8051100e-02
   6.6123800e-01   1.2454200e-01
   6.4914100e-01   2.3179700e-01
   6.1990900e-01   3.6891700e-01
   5.4891100e-01   5.3239700e-01
   4.1351400e-01   7.0396500e-01
   2.0096600e-01   8.5229600e-01
  -8.5061700e-02   9.3868600e-01
  -4.2117200e-01   9.2572200e-01
  -7.6544400e-01   7.8716800e-01
  -1.0634500e+00   5.1677100e-01
  -1.2583200e+00   1.3370100e-01
  -1.3028500e+00  -3.1709900e-01
  -1.1713200e+00  -7.7038600e-01
  -8.6798800e-01  -1.1513500e+00
  -4.3025400e-01  -1.3897700e+00
   7.4974600e-02  -1.4348900e+00
   5.6152400e-01  -1.2678000e+00
   9.3924200e-01  -9.0835100e-01
   1.1315300e+00  -4.1484000e-01
   1.0916200e+00   1.2428000e-01
   8.1408800e-01   6.0540900e-01
   3.3888600e-01   9.2896500e-01
  -2.5338100e-01   1.0190100e+00
  -8.5455500e-01   8.3938100e-01
  -1.3481600e+00   4.0289100e-01
  -1.6312300e+00  -2.2864100e-01
  -1.6344000e+00  -9.5387500e-01
  -1.3363200e+00  -1.6494500e+00
  -7.6926000e-01  -2.1922800e+00
  -1.4526800e-02  -2.4823900e+00
   8.1148700e-01  -2.4617600e+00
   1.5781600e+00  -2.1254600e+00
   2.1643200e+00  -1.5228500e+00
   2.4801700e+00  -7.4841500e-01
   2.4831100e+00   7.5788900e-02
   2.1845200e+00   8.2267100e-01
   1.6461000e+00   1.3831800e+00
   9.6689000e-01   1.6853600e+00
   2.6353000e-01   1.7056300e+00
  -3.5200200e-01   1.4705400e+00
  -7.9274600e-01   1.0486200e+00
  -1.0111900e+00   5.3461600e-01
  -1.0051400e+00   2.9519700e-02
  -8.1420500e-01  -3.7941800e-01
  -5.0815700e-01  -6.3449100e-01
  -1.7000200e-01  -7.1617000e-01
   1.2238400e-01  -6.4315800e-01
   3.1205100e-01  -4.6439100e-01
   3.7296900e-01  -2.4521000e-01
   3.1240300e-01  -5.1112500e-02
   1.6566100e-01   6.7155100e-02
  -1.5117700e-02   8.3887900e-02
  -1.7517700e-01   2.0409500e-03
  -2.7085900e-01  -1.5025100e-01
  -2.7960800e-01  -3.2900500e-01
  -2.0408600e-01  -4.8699800e-01
  -6.9676000e-02  -5.8642700e-01
   8.3678800e-02  -6.0848400e-01
   2.1305700e-01  -5.5759800e-01
   2.8452800e-01  -4.5944400e-01
   2.8245800e-01  -3.5340600e-01
   2.1386200e-01  -2.8151700e-01
   1.0674000e-01  -2.7674500e-01
   2.8832500e-03  -3.5362800e-01
  -5.2991800e-02  -5.0362100e-01
  -2.5040300e-02  -6.9634100e-01
   1.0396800e-01  -8.8642300e-01
   3.2741100e-01  -1.0242800e+00
   6.1541900e-01  -1.0680900e+00
   9.2119800e-01  -9.9413000e-01
   1.1915400e+00  -8.0272000e-01
   1.3789500e+00  -5.1849000e-01
   1.4523500e+00  -1.8478000e-01
   1.4038400e+00   1.4640100e-01
   1.2497300e+00   4.2634900e-01
   1.0256800e+00   6.2060700e-01
   7.7724700e-01   7.1610900e-01
   5.4817200e-01   7.2276600e-01
   3.6946700e-01   6.6908900e-01
   2.5217200e-01   5.9299800e-01
   1.8567000e-01   5.3022200e-01
   1.4211400e-01   5.0336600e-01
   8.5889200e-02   5.1462800e-01
  -1.4292200e-02   5.4428900e-01
  -1.7389300e-01   5.5566400e-01
  -3.8484200e-01   5.0551200e-01
  -6.1400700e-01   3.5745900e-01
  -8.0875000e-01   9.4986500e-02
  -9.0871600e-01  -2.6952000e-01
  -8.6130600e-01  -6.9243200e-01
  -6.3719800e-01  -1.1045300e+00
  -2.4194400e-01  -1.4240000e+00
   2.7961900e-01  -1.5742300e+00
   8.4795900e-01  -1.5026200e+00
   1.3621800e+00  -1.1958800e+00
   1.7198100e+00  -6.8794500e-01
   1.8389500e+00  -5.8014300e-02
   1.6780200e+00   5.8169100e-01
   1.2484800e+00   1.1065000e+00
   6.1706300e-01   1.4042700e+00
  -1.0355500e-01   1.3995900e+00
  -7.7442100e-01   1.0719600e+00
  -1.2567400e+00   4.6365400e-01
  -1.4398200e+00  -3.2490100e-01
  -1.2646500e+00  -1.1519300e+00
  -7.3819300e-01  -1.8602600e+00
   6.5135300e-02  -2.3074500e+00
   1.0153800e+00  -2.3939700e+00
   1.9503600e+00  -2.0837500e+00
   2.7058400e+00  -1.4126100e+00
   3.1466800e+00  -4.8272500e-01
   3.1925900e+00   5.5594700e-01
   2.8333600e+00   1.5336000e+00
   2.1304300e+00   2.2923700e+00
   1.2046000e+00   2.7155500e+00
   2.1239500e-01   2.7484200e+00
  -6.8398400e-01   2.4067100e+00
  -1.3470500e+00   1.7711300e+00
  -1.6886200e+00   9.6949200e-01
  -1.6838800e+00   1.5030500e-01
  -1.3723600e+00  -5.4654200e-01
  -8.4618900e-01  -1.0159300e+00
  -2.2853200e-01  -1.2053300e+00
   3.5294900e-01  -1.1210300e+00
   7.9186100e-01  -8.2198800e-01
   1.0227500e+00  -4.0334900e-01
   1.0308800e+00   2.6463300e-02
   8.5058800e-01   3.6974700e-01
   5.5332700e-01   5.5944800e-01
   2.2848500e-01   5.7093300e-01
  -3.8235300e-02   4.2350500e-01
  -1.8400700e-01   1.7198400e-01
  -1.8144700e-01  -1.0917700e-01
  -4.2105400e-02  -3.4516800e-01
   1.8940500e-01  -4.7886100e-01
   4.4874800e-01  -4.8350200e-01
   6.6915700e-01  -3.6734300e-01
   7.9838700e-01  -1.6951900e-01
   8.1130100e-01   5.1449400e-02
   7.1524300e-01   2.3347800e-01
   5.4717000e-01   3.2707400e-01
   3.6349300e-01   3.0791700e-01
   2.2531300e-01   1.8291500e-01
   1.8271900e-01  -1.1574900e-02
   2.6198700e-01  -2.1875300e-01
   4.5869000e-01  -3.7530800e-01
   7.3828600e-01  -4.2683300e-01
   1.0439000e+00  -3.4103100e-01
   1.3093300e+00  -1.1559900e-01
   1.4741300e+00   2.2097400e-01
   1.4971300e+00   6.1573000e-01
   1.3653300e+00   1.0030500e+00
   1.0961100e+00   1.3190500e+00
   7.3257300e-01   1.5150900e+00
   3.3319100e-01   1.5673400e+00
  -4.1458600e-02   1.4801900e+00
  -3.4171000e-01   1.2830800e+00
  -5.3842000e-01   1.0216800e+00
  -6.2703900e-01   7.4596700e-01
  -6.2539500e-01   4.9814200e-01
  -5.6605800e-01   3.0351300e-01
  -4.8549100e-01   1.6653000e-01
  -4.1296400e-01   7.2798200e-02
  -3.6221000e-01  -3.6664200e-03
  -3.2807700e-01  -9.0018800e-02
  -2.8906500e-01  -2.0395400e-01
  -2.1511100e-01  -3.4587100e-01
  -7.8536600e-02  -4.9614600e-01
   1.3481500e-01  -6.1854500e-01
   4.1741500e-01  -6.6915600e-01
   7.3734100e-01  -6.0878800e-01
   1.0422500e+00  -4.1568900e-01
   1.2695800e+00  -9.5223700e-02
   1.3607900e+00   3.1633500e-01
   1.2766200e+00   7.5541300e-01
   1.0093400e+00   1.1419600e+00
   5.8901500e-01   1.3954800e+00
   8.1563300e-02   1.4529700e+00
  -4.2147900e-01   1.2846600e+00
  -8.1989700e-01   9.0384800e-01
  -1.0250700e+00   3.6814100e-01
  -9.7929800e-01  -2.2869300e-01
  -6.7001200e-01  -7.7312400e-01
  -1.3537000e-01  -1.1534000e+00
   5.4021500e-01  -1.2819000e+00
   1.2402100e+00  -1.1137100e+00
   1.8371500e+00  -6.5730800e-01
   2.2167300e+00   2.4981500e-02
   2.2999900e+00   8.2718800e-01
   2.0590400e+00   1.6186500e+00
   1.5230000e+00   2.2680500e+00
   7.7305800e-01   2.6677300e+00
  -7.2555300e-02   2.7535000e+00
  -8.8056800e-01   2.5159200e+00
  -1.5272200e+00   2.0010300e+00
  -1.9204800e+00   1.3004500e+00
  -2.0156100e+00   5.3313500e-01
  -1.8212000e+00  -1.7751500e-01
  -1.3946600e+00  -7.2634100e-01
  -8.2875300e-01  -1.0445700e+00
  -2.3189100e-01  -1.1099100e+00
   2.9324400e-01  -9.4703500e-01
   6.6858000e-01  -6.1885800e-01
   8.5326200e-01  -2.1087400e-01
   8.4783300e-01   1.8774100e-01
   6.8968700e-01   5.0219800e-01
   4.4135300e-01   6.8563100e-01
   1.7461100e-01   7.2555100e-01
  -4.5883700e-02   6.4240700e-01
  -1.7585600e-01   4.8114200e-01
  -1.9891200e-01   2.9815000e-01
  -1.2704200e-01   1.4688600e-01
   5.4592000e-03   6.5475100e-02
   1.5276300e-01   6.9014900e-02
   2.7016200e-01   1.4802700e-01
   3.2548600e-01   2.7301200e-01
   3.0666100e-01   4.0365300e-01
   2.2379500e-01   5.0020600e-01
   1.0557100e-01   5.3420900e-01
  -8.9494600e-03   4.9594600e-01
  -8.0942300e-02   3.9696400e-01
  -8.2205500e-02   2.6719100e-01
  -2.8115100e-03   1.4746700e-01
   1.4576100e-01   7.9404900e-02
   3.3268500e-01   9.5015100e-02
   5.1446400e-01   2.0857000e-01
   6.4461700e-01   4.1255300e-01
   6.8408200e-01   6.7858100e-01
   6.0997600e-01   9.6298800e-01
   4.2075700e-01   1.2157400e+00
   1.3676100e-01   1.3906100e+00
  -2.0389800e-01   1.4543600e+00
  -5.5298700e-01   1.3929600e+00
  -8.6157000e-01   1.2135900e+00
  -1.0890800e+00   9.4236200e-01
  -1.2101300e+00   6.1828400e-01
  -1.2177700e+00   2.8520500e-01
  -1.1227500e+00  -1.6469400e-02
  -9.4934500e-01  -2.5646300e-01
  -7.2897200e-01  -4.1840600e-01
  -4.9326100e-01  -5.0019300e-01
  -2.6823800e-01  -5.1124600e-01
  -7.0853400e-02  -4.6772900e-01
   9.1625700e-02  -3.8716500e-01
   2.1957800e-01  -2.8393500e-01
   3.1726900e-01  -1.6677600e-01
   3.8868600e-01  -3.8763200e-02
   4.3430300e-01   1.0045400e-01
   4.4980400e-01   2.5105000e-01
   4.2717000e-01   4.0932100e-01
   3.5784900e-01   5.6517500e-01
   2.3708100e-01   7.0179700e-01
   6.8054100e-02   7.9786500e-01
  -1.3543500e-01   8.3197500e-01
  -3.4888000e-01   7.8827200e-01
  -5.3991500e-01   6.6187200e-01
  -6.7380600e-01   4.6257200e-01
  -7.2051200e-01   2.1567400e-01
  -6.6180000e-01  -4.0670000e-02
  -4.9672100e-01  -2.6134900e-01
  -2.4402900e-01  -4.0240800e-01
   5.9286200e-02  -4.2980200e-01
   3.6334200e-01  -3.2691800e-01
   6.1373200e-01  -9.9211100e-02
   7.6136600e-01   2.2522300e-01
   7.7182800e-01   5.9943300e-01
   6.3236200e-01   9.6519300e-01
   3.5500500e-01   1.2629900e+00
  -2.4829700e-02   1.4425000e+00
  -4.5411600e-01   1.4715600e+00
  -8.7124800e-01   1.3418300e+00
  -1.2165900e+00   1.0701600e+00
  -1.4425400e+00   6.9531500e-01
  -1.5212200e+00   2.7096900e-01
  -1.4483600e+00  -1.4384400e-01
  -1.2428600e+00  -4.9476300e-01
  -9.4227600e-01  -7.4079400e-01
  -5.9524700e-01  -8.6009200e-01
  -2.5252400e-01  -8.5192300e-01
   4.1613800e-02  -7.3470900e-01
   2.5599900e-01  -5.4082000e-01
   3.7613900e-01  -3.0940900e-01
   4.0433400e-01  -7.8832000e-02
   3.5667700e-01   1.1981100e-01
   2.5786400e-01   2.6687900e-01
   1.3514900e-01   3.5555200e-01
   1.2757900e-02   3.9044100e-01
  -9.2099900e-02   3.8409700e-01
  -1.7099100e-01   3.5248000e-01
  -2.2371100e-01   3.1052900e-01
  -2.5589000e-01   2.6887600e-01
  -2.7558800e-01   2.3230700e-01
  -2.8987700e-01   2.0014400e-01
  -3.0232200e-01   1.6820700e-01
  -3.1193700e-01   1.3163700e-01
  -3.1380700e-01   8.7732100e-02
  -3.0109900e-01   3.7957400e-02
  -2.6783100e-01  -1.1422300e-02
  -2.1161900e-01  -5.0276900e-02
  -1.3559500e-01  -6.6878200e-02
  -4.8970600e-02  -5.0930500e-02
   3.3995400e-02   3.4008300e-03
   9.6423600e-02   9.5229700e-02
   1.2212800e-01   2.1604700e-01
   9.9079600e-02   3.5044900e-01
   2.2247200e-02   4.7838900e-01
  -1.0481200e-01   5.7852600e-01
  -2.6997700e-01   6.3196900e-01
  -4.5419900e-01   6.2568200e-01
  -6.3443900e-01   5.5487100e-01
  -7.8730200e-01   4.2391100e-01
  -8.9268600e-01   2.4568800e-01
  -9.3677100e-01   3.9531500e-02
  -9.1384800e-01  -1.7179300e-01
  -8.2676100e-01  -3.6546000e-01
  -6.8599600e-01  -5.2170600e-01
  -5.0772500e-01  -6.2619600e-01
  -3.1123700e-01  -6.7134700e-01
  -1.1628000e-01  -6.5654000e-01
   5.9269000e-02  -5.8736600e-01
   2.0109800e-01  -4.7421700e-01
   2.9941000e-01  -3.3057100e-01
   3.4918400e-01  -1.7130700e-01
   3.4991900e-01  -1.1263200e-02
   3.0507300e-01   1.3585400e-01
   2.2140900e-01   2.5823500e-01
   1.0834400e-01   3.4652200e-01
  -2.2668700e-02   3.9425100e-01
  -1.5878700e-01   3.9828100e-01
  -2.8656900e-01   3.5918900e-01
  -3.9297000e-01   2.8154800e-01
  -4.6656600e-01   1.7394500e-01
  -4.9891100e-01   4.8552300e-02
  -4.8582400e-01  -7.9830500e-02
  -4.2836400e-01  -1.9529200e-01
  -3.3321100e-01  -2.8274100e-01
  -2.1228100e-01  -3.3000300e-01
  -8.1488700e-02  -3.2973300e-01
   4.1231600e-02  -2.8078100e-01
   1.3838600e-01  -1.8871700e-01
   1.9548000e-01  -6.5323100e-02
   2.0323700e-01   7.2896600e-02
   1.5908600e-01   2.0701300e-01
   6.7621500e-02   3.1839600e-01
  -6.0036600e-02   3.9141100e-01
  -2.0789900e-01   4.1564100e-01
  -3.5747500e-01   3.8726000e-01
  -4.9044900e-01   3.0935700e-01
  -5.9119400e-01   1.9119400e-01
  -6.4873700e-01   4.6596200e-02
  -6.5787200e-01  -1.0821300e-01
  -6.1933600e-01  -2.5692100e-01
  -5.3910300e-01  -3.8518300e-01
  -4.2703900e-01  -4.8213200e-01
  -2.9522500e-01  -5.4116900e-01
  -1.5628200e-01  -5.6004500e-01
  -2.1971800e-02  -5.4034700e-01
   9.7750800e-02  -4.8663300e-01
   1.9521000e-01  -4.0545800e-01
   2.6507500e-01  -3.0450400e-01
   3.0418800e-01  -1.9195200e-01
   3.1132200e-01  -7.6096900e-02
   2.8703200e-01   3.4843800e-02
   2.3364900e-01   1.3288700e-01
   1.5540200e-01   2.1053800e-01
   5.8546800e-02   2.6124000e-01
  -4.8648700e-02   2.8004900e-01
  -1.5622500e-01   2.6442900e-01
  -2.5324600e-01   2.1501600e-01
  -3.2891000e-01   1.3613700e-01
  -3.7393900e-01   3.5865300e-02
  -3.8202700e-01  -7.4513100e-02
  -3.5107300e-01  -1.8164800e-01
  -2.8392600e-01  -2.7178100e-01
  -1.8842300e-01  -3.3268000e-01
  -7.6632600e-02  -3.5552400e-01
   3.6643200e-02  -3.3640400e-01
   1.3590300e-01  -2.7715500e-01
   2.0720100e-01  -1.8530500e-01
   2.4024900e-01  -7.3143300e-02
   2.3000200e-01   4.3997300e-02
   1.7745100e-01   1.4995100e-01
   8.9491400e-02   2.3007000e-01
  -2.2117200e-02   2.7333400e-01
  -1.4251100e-01   2.7386400e-01
  -2.5590300e-01   2.3163100e-01
  -3.4781900e-01   1.5226300e-01
  -4.0703900e-01   4.6025600e-02
  -4.2694600e-01  -7.3807600e-02
  -4.0612700e-01  -1.9290900e-01
  -3.4818900e-01  -2.9784200e-01
  -2.6089600e-01  -3.7770700e-01
  -1.5482100e-01  -4.2527200e-01
  -4.1784600e-02  -4.3748300e-01
   6.6674100e-02  -4.1536100e-01
   1.6057400e-01  -3.6340600e-01
   2.3237900e-01  -2.8865600e-01
   2.7745200e-01  -1.9961500e-01
   2.9409800e-01  -1.0520800e-01
   2.8329700e-01  -1.3901900e-02
   2.4823200e-01   6.6952800e-02
   1.9373400e-01   1.3154200e-01
   1.2573300e-01   1.7580700e-01
   5.0742200e-02   1.9752400e-01
  -2.4585100e-02   1.9628900e-01
  -9.3867299e-02   1.7344600e-01
  -1.5138200e-01   1.3196300e-01
  -1.9244800e-01   7.6248800e-02
  -2.1379400e-01   1.1867300e-02
  -2.1387700e-01  -5.4856300e-02
  -1.9309500e-01  -1.1735100e-01
  -1.5385300e-01  -1.6940200e-01
  -1.0040800e-01  -2.0578900e-01
  -3.8502400e-02  -2.2286400e-01
   2.5204300e-02  -2.1900200e-01
   8.3854800e-02  -1.9482400e-01
   1.3115900e-01  -1.5316200e-01
   1.6211300e-01  -9.8749499e-02
   1.7356100e-01  -3.7678100e-02
   1.6453500e-01   2.3311100e-02
   1.3631600e-01   7.7596200e-02
   9.2234599e-02   1.1940400e-01
   3.7243000e-02   1.4440800e-01
  -2.2672300e-02   1.5013300e-01
  -8.1146200e-02   1.3613200e-01
  -1.3208300e-01   1.0394200e-01
  -1.7022600e-01   5.6859900e-02
  -1.9160900e-01  -4.3069300e-04
  -1.9387000e-01  -6.2316100e-02
  -1.7640900e-01  -1.2275200e-01
  -1.4043400e-01  -1.7576900e-01
  -8.8865499e-02  -2.1596700e-01
  -2.6136800e-02  -2.3897400e-01
   4.2118700e-02  -2.4185700e-01
   1.0949400e-01  -2.2345400e-01
   1.6934100e-01  -1.8460500e-01
   2.1538300e-01  -1.2822900e-01
   2.4238400e-01  -5.9204600e-02
   2.4678300e-01   1.5965900e-02
   2.2724100e-01   8.9725299e-02
   1.8498300e-01   1.5422800e-01
   1.2387300e-01   2.0223900e-01
   5.0153300e-02   2.2805500e-01
  -2.8153900e-02   2.2832300e-01
  -1.0214100e-01   2.0261800e-01
  -1.6310900e-01   1.5367400e-01
  -2.0371700e-01   8.7192899e-02
  -2.1901400e-01   1.1214100e-02
  -2.0719100e-01  -6.4871000e-02
  -1.6992400e-01  -1.3155600e-01
  -1.1221900e-01  -1.8052000e-01
  -4.1770500e-02  -2.0579800e-01
   3.2090500e-02  -2.0463400e-01
   9.9712099e-02  -1.7787300e-01
   1.5249500e-01  -1.2982000e-01
   1.8411400e-01  -6.7576200e-02
   1.9138500e-01   3.7681300e-05
   1.7465300e-01   6.3819600e-02
   1.3761500e-01   1.1555100e-01
   8.6645099e-02   1.4918100e-01
   2.9702900e-02   1.6163000e-01
  -2.4955900e-02   1.5309600e-01
  -7.0066300e-02   1.2682100e-01
  -1.0041400e-01   8.8380099e-02
  -1.1350200e-01   4.4617700e-02
  -1.0971600e-01   2.4477400e-03
  -9.2000299e-02  -3.2282400e-02
  -6.5104800e-02  -5.5659400e-02
  -3.4578400e-02  -6.6161900e-02
  -5.6982300e-03  -6.4648600e-02
   1.7457900e-02  -5.3905800e-02
   3.2628500e-02  -3.7865500e-02
   3.9572500e-02  -2.0666700e-02
   3.9841900e-02  -5.7555300e-03
   3.6193500e-02   4.7947300e-03
   3.1778500e-02   1.0611300e-02
   2.9291500e-02   1.2942500e-02
   3.0265500e-02   1.4201200e-02
   3.4664200e-02   1.7238900e-02
   4.0859100e-02   2.4515400e-02
   4.5998500e-02   3.7349300e-02
   4.6689500e-02   5.5417100e-02
   3.9850100e-02   7.6619099e-02
   2.3548900e-02   9.7353599e-02
  -2.3492200e-03   1.1315600e-01
  -3.5878900e-02   1.1958400e-01
  -7.3091100e-02   1.1317700e-01
  -1.0859000e-01   9.2299299e-02
  -1.3640400e-01   5.7686300e-02
  -1.5103700e-01   1.2582600e-02
  -1.4851500e-01  -3.7583400e-02
  -1.2722300e-01  -8.5944199e-02
  -8.8377799e-02  -1.2524200e-01
  -3.6039400e-02  -1.4900500e-01
   2.3362400e-02  -1.5265000e-01
   8.1915799e-02  -1.3432100e-01
   1.3139000e-01  -9.5314799e-02
   1.6449100e-01  -4.0017100e-02
   1.7599700e-01   2.4653100e-02
   1.6360800e-01   9.0203099e-02
   1.2835700e-01   1.4778500e-01
   7.4517899e-02   1.8948700e-01
   9.0416799e-03   2.0949000e-01
  -5.9420100e-02   2.0493800e-01
  -1.2173700e-01   1.7635800e-01
  -1.6959700e-01   1.2760900e-01
  -1.9668300e-01   6.5340000e-02
  -1.9956300e-01  -1.9496100e-03
  -1.7817100e-01  -6.5105700e-02
  -1.3580500e-01  -1.1561100e-01
  -7.8649299e-02  -1.4677900e-01
  -1.4894200e-02  -1.5469200e-01
   4.6436800e-02  -1.3874300e-01
   9.6772999e-02  -1.0170500e-01
   1.2922300e-01  -4.9320700e-02
   1.3956500e-01   1.0540400e-02
   1.2685100e-01   6.9038999e-02
   9.3537599e-02   1.1767500e-01
   4.5106400e-02   1.4955900e-01
  -1.0776200e-02   1.6045400e-01
  -6.5447300e-02   1.4942300e-01
  -1.1061000e-01   1.1896800e-01
  -1.3966200e-01   7.4627799e-02
  -1.4876600e-01   2.4065500e-02
  -1.3749500e-01  -2.4205100e-02
  -1.0890200e-01  -6.2271100e-02
  -6.8998599e-02  -8.4200199e-02
  -2.5692500e-02  -8.7107099e-02
   1.2640500e-02  -7.1701199e-02
   3.8718900e-02  -4.2191700e-02
   4.7763400e-02  -5.5352600e-03
   3.8482400e-02   2.9868000e-02
   1.3422400e-02   5.5811600e-02
  -2.1419900e-02   6.5956100e-02
  -5.7691700e-02   5.7213500e-02
  -8.6312799e-02   3.0553300e-02
  -9.9346999e-02  -8.9703799e-03
  -9.1758799e-02  -5.3024300e-02
  -6.2690800e-02  -9.1531299e-02
  -1.5970700e-02  -1.1467300e-01
   4.0311300e-02  -1.1498600e-01
   9.5134299e-02  -8.9135599e-02
   1.3658500e-01  -3.8974700e-02
   1.5424000e-01   2.8372100e-02
   1.4142600e-01   1.0149200e-01
   9.6909099e-02   1.6661000e-01
   2.5611400e-02   2.1014000e-01
  -6.1842700e-02   2.2139100e-01
  -1.5074100e-01   1.9488700e-01
  -2.2481600e-01   1.3184100e-01
  -2.6924900e-01   4.0406500e-02
  -2.7358000e-01  -6.5390099e-02
  -2.3395400e-01  -1.6790900e-01
  -1.5423100e-01  -2.4897100e-01
  -4.5684000e-02  -2.9318700e-01
   7.4706899e-02  -2.9091100e-01
   1.8709800e-01  -2.4024200e-01
   2.7226000e-01  -1.4764700e-01
   3.1503900e-01  -2.7067000e-02
   3.0716400e-01   1.0238500e-01
   2.4883100e-01   2.1970800e-01
   1.4877600e-01   3.0568500e-01
   2.2792800e-02   3.4626100e-01
  -1.0902500e-01   3.3498100e-01
  -2.2580700e-01   2.7404800e-01
  -3.0951700e-01   1.7381800e-01
  -3.4800000e-01   5.0824600e-02
  -3.3688900e-01  -7.5235499e-02
  -2.8006000e-01  -1.8499900e-01
  -1.8859400e-01  -2.6273100e-01
  -7.8496399e-02  -2.9881100e-01
   3.2340300e-02  -2.9100000e-01
   1.2732400e-01  -2.4429500e-01
   1.9389400e-01  -1.6949400e-01
   2.2530600e-01  -8.0827999e-02
   2.2121000e-01   6.8208099e-03
   1.8700200e-01   8.0552599e-02
   1.3219100e-01   1.3143600e-01
   6.8196699e-02   1.5552600e-01
   6.0712099e-03   1.5381600e-01
  -4.5387500e-02   1.3126100e-01
  -8.0796899e-02   9.5181999e-02
  -9.8480799e-02   5.3480100e-02
  -9.9956299e-02   1.3054600e-02
  -8.8854799e-02  -2.1242400e-02
  -6.9618499e-02  -4.6972700e-02
  -4.6325200e-02  -6.3827199e-02
  -2.1916700e-02  -7.2878599e-02
   2.0320300e-03  -7.5659799e-02
   2.5033000e-02  -7.3368099e-02
   4.7062900e-02  -6.6426699e-02
   6.7858899e-02  -5.4508400e-02
   8.6395299e-02  -3.6975500e-02
   1.0074200e-01  -1.3555600e-02
   1.0837000e-01   1.4998200e-02
   1.0683400e-01   4.6518600e-02
   9.4621199e-02   7.7482599e-02
   7.1899699e-02   1.0356000e-01
   4.0903100e-02   1.2054600e-01
   5.7761399e-03   1.2543600e-01
  -2.8147600e-02   1.1733800e-01
  -5.5497700e-02   9.7943899e-02
  -7.2174199e-02   7.1352299e-02
  -7.6462199e-02   4.3230300e-02
  -6.9621899e-02   1.9467300e-02
  -5.5735200e-02   4.6336200e-03
  -4.0770100e-02   6.4404399e-04
  -3.1031700e-02   6.0138199e-03
  -3.1352800e-02   1.5971500e-02
  -4.3481100e-02   2.3496200e-02
  -6.5119299e-02   2.1107600e-02
  -8.9950299e-02   3.0231900e-03
  -1.0876300e-01  -3.2843100e-02
  -1.1151700e-01  -8.3578499e-02
  -8.9944299e-02  -1.4109000e-01
  -4.0084100e-02  -1.9323000e-01
   3.5880500e-02  -2.2611800e-01
   1.2902400e-01  -2.2723100e-01
   2.2461900e-01  -1.8861900e-01
   3.0456700e-01  -1.0949300e-01
   3.5093600e-01   2.4904100e-03
   3.4991500e-01   1.3168400e-01
   2.9531700e-01   2.5673700e-01
   1.9083700e-01   3.5438100e-01
   5.0414300e-02   4.0403300e-01
  -1.0353700e-01   3.9229000e-01
  -2.4383000e-01   3.1633700e-01
  -3.4351700e-01   1.8545400e-01
  -3.8125100e-01   2.0176000e-02
  -3.4590700e-01  -1.5090400e-01
  -2.3945000e-01  -2.9615800e-01
  -7.7369699e-02  -3.8686700e-01
   1.1353900e-01  -4.0290700e-01
   2.9973900e-01  -3.3703500e-01
   4.4702400e-01  -1.9683000e-01
   5.2695900e-01  -3.8281900e-03
   5.2240400e-01   2.1007100e-01
   4.3101100e-01   4.0829400e-01
   2.6595600e-01   5.5629799e-01
   5.3706999e-02   6.2797999e-01
  -1.7075700e-01   6.1054399e-01
  -3.7036000e-01   5.0684800e-01
  -5.1273000e-01   3.3477100e-01
  -5.7603999e-01   1.2373800e-01
  -5.5276599e-01  -9.0892599e-02
  -4.5065500e-01  -2.7445900e-01
  -2.9075100e-01  -3.9930900e-01
  -1.0295500e-01  -4.4957300e-01
   7.9946299e-02  -4.2349000e-01
   2.2854400e-01  -3.3291800e-01
   3.2210300e-01  -2.0021600e-01
   3.5187100e-01  -5.3244899e-02
   3.2181900e-01   8.0420399e-02
   2.4679300e-01   1.7885000e-01
   1.4859100e-01   2.2961100e-01
   5.0892699e-02   2.3139400e-01
  -2.5819800e-02   1.9320100e-01
  -6.8282199e-02   1.3142200e-01
  -7.2600099e-02   6.5536599e-02
  -4.4186300e-02   1.3489300e-02
   4.3692700e-03  -1.2251000e-02
   5.6895699e-02  -7.0899499e-03
   9.7803799e-02   2.5276800e-02
   1.1583200e-01   7.4415399e-02
   1.0653000e-01   1.2620800e-01
   7.2968899e-02   1.6661800e-01
   2.4589600e-02   1.8525400e-01
  -2.5459700e-02   1.7788100e-01
  -6.3797999e-02   1.4733700e-01
  -8.0245299e-02   1.0268100e-01
  -7.0391099e-02   5.6826599e-02
  -3.6707100e-02   2.3280500e-02
   1.2029000e-02   1.2769300e-02
   6.2825199e-02   3.0575900e-02
   1.0155500e-01   7.5194799e-02
   1.1628100e-01   1.3859900e-01
   1.0003400e-01   2.0802400e-01
   5.2420599e-02   2.6881900e-01
  -2.0300200e-02   3.0767800e-01
  -1.0662700e-01   3.1549100e-01
  -1.9235700e-01   2.8917900e-01
  -2.6361600e-01   2.3211800e-01
  -3.0967200e-01   1.5312600e-01
  -3.2488200e-01   6.4313199e-02
  -3.0937600e-01  -2.1639300e-02
  -2.6838400e-01  -9.4097399e-02
  -2.1047000e-01  -1.4636300e-01
  -1.4517500e-01  -1.7642600e-01
  -8.0719799e-02  -1.8648000e-01
  -2.2338000e-02  -1.8140100e-01
   2.8324100e-02  -1.6669700e-01
   7.2657899e-02  -1.4651400e-01
   1.1359200e-01  -1.2230000e-01
   1.5361900e-01  -9.2501699e-02
   1.9296500e-01  -5.3417699e-02
   2.2848700e-01  -9.6847799e-04
   2.5370400e-01   6.7109399e-02
   2.6006500e-01   1.4929400e-01
   2.3921300e-01   2.3916800e-01
   1.8569300e-01   3.2560800e-01
   9.9415199e-02   3.9440600e-01
  -1.2861300e-02   4.3108300e-01
  -1.3755000e-01   4.2430500e-01
  -2.5595300e-01   3.6912700e-01
  -3.4748000e-01   2.6922100e-01
  -3.9376500e-01   1.3744400e-01
  -3.8283000e-01  -5.5835099e-03
  -3.1234500e-01  -1.3476300e-01
  -1.9116200e-01  -2.2512700e-01
  -3.8651500e-02  -2.5686300e-01
   1.1822400e-01  -2.1970100e-01
   2.4960400e-01  -1.1569500e-01
   3.2835200e-01   4.0310600e-02
   3.3547000e-01   2.2274600e-01
   2.6418800e-01   3.9962600e-01
   1.2182900e-01   5.3832999e-01
  -7.1001699e-02   6.1171899e-01
  -2.8384600e-01   6.0339699e-01
  -4.8179799e-01   5.1101799e-01
  -6.3186699e-01   3.4695700e-01
  -7.0904099e-01   1.3617300e-01
  -7.0084699e-01  -8.8336799e-02
  -6.0951499e-01  -2.9159100e-01
  -4.5133299e-01  -4.4299500e-01
  -2.5333100e-01  -5.2176599e-01
  -4.8017499e-02  -5.2036299e-01
   1.3277500e-01  -4.4527899e-01
   2.6368100e-01  -3.1512100e-01
   3.3008600e-01  -1.5643400e-01
   3.3011200e-01   1.8078500e-03
   2.7398700e-01   1.3387900e-01
   1.8105400e-01   2.2199200e-01
   7.5125899e-02   2.5908700e-01
  -2.0742000e-02   2.4923100e-01
  -8.8964299e-02   2.0567700e-01
  -1.2063600e-01   1.4712000e-01
  -1.1664200e-01   9.3042699e-02
  -8.6533399e-02   5.9216299e-02
  -4.5543699e-02   5.4330699e-02
  -1.0487800e-02   7.8451399e-02
   4.4697399e-03   1.2355800e-01
  -8.7814199e-03   1.7595300e-01
  -5.0467199e-02   2.1991900e-01
  -1.1304000e-01   2.4173600e-01
  -1.8314900e-01   2.3312100e-01
  -2.4496200e-01   1.9332100e-01
  -2.8405400e-01   1.2937600e-01
  -2.9094600e-01   5.4550399e-02
  -2.6349700e-01  -1.4707500e-02
  -2.0760200e-01  -6.2563099e-02
  -1.3605900e-01  -7.7485499e-02
  -6.5860099e-02  -5.5005399e-02
  -1.4520000e-02   1.0690300e-03
   3.7493400e-03   7.9236599e-02
  -1.8810500e-02   1.6255300e-01
  -8.1701299e-02   2.3204900e-01
  -1.7607900e-01   2.7058500e-01
  -2.8637500e-01   2.6632600e-01
  -3.9325800e-01   2.1512800e-01
  -4.7730799e-01   1.2137600e-01
  -5.2263399e-01  -2.8500100e-03
  -5.1972299e-01  -1.4006400e-01
  -4.6697799e-01  -2.7058800e-01
  -3.7073700e-01  -3.7603100e-01
  -2.4382300e-01  -4.4233599e-01
  -1.0304300e-01  -4.6183399e-01
   3.3823300e-02  -4.3399799e-01
   1.5092300e-01  -3.6487200e-01
   2.3656100e-01  -2.6541400e-01
   2.8443000e-01  -1.4920800e-01
   2.9372700e-01  -3.0058100e-02
   2.6830700e-01   8.0037899e-02
   2.1519200e-01   1.7220400e-01
   1.4288000e-01   2.4115700e-01
   5.9837199e-02   2.8491100e-01
  -2.6523900e-02   3.0396900e-01
  -1.1025800e-01   3.0033000e-01
  -1.8676700e-01   2.7665100e-01
  -2.5235500e-01   2.3578000e-01
  -3.0373700e-01   1.8073100e-01
  -3.3778400e-01   1.1502700e-01
  -3.5165700e-01   4.3169799e-02
  -3.4336700e-01  -2.9023000e-02
  -3.1260800e-01  -9.4479799e-02
  -2.6160900e-01  -1.4546600e-01
  -1.9569200e-01  -1.7469000e-01
  -1.2325100e-01  -1.7674400e-01
  -5.5006899e-02  -1.4954700e-01
  -2.5548200e-03  -9.5429199e-02
   2.3588300e-02  -2.1504700e-02
   1.6063400e-02   6.0866799e-02
  -2.7562200e-02   1.3755900e-01
  -1.0376400e-01   1.9389800e-01
  -2.0306600e-01   2.1723700e-01
  -3.1118500e-01   1.9939500e-01
  -4.1117299e-01   1.3845700e-01
  -4.8620699e-01   3.9522099e-02
  -5.2251399e-01  -8.5790699e-02
  -5.1186399e-01  -2.2106300e-01
  -4.5313899e-01  -3.4771600e-01
  -3.5265900e-01  -4.4810699e-01
  -2.2317200e-01  -5.0847699e-01
  -8.1696899e-02  -5.2122199e-01
   5.3371699e-02  -4.8603199e-01
   1.6534200e-01  -4.0970899e-01
   2.4190500e-01  -3.0472200e-01
   2.7691400e-01  -1.8681200e-01
   2.7096200e-01  -7.2124899e-02
   2.3069500e-01   2.5547000e-02
   1.6706100e-01   9.6889099e-02
   9.2895599e-02   1.3818000e-01
   2.0358700e-02   1.5123700e-01
  -4.1237799e-02   1.4228100e-01
  -8.6809899e-02   1.2003200e-01
  -1.1584900e-01   9.3492499e-02
  -1.3174600e-01   6.9910199e-02
  -1.4030900e-01   5.3356399e-02
  -1.4786800e-01   4.4192599e-02
  -1.5942800e-01   3.9489799e-02
  -1.7729600e-01   3.4247500e-02
  -2.0048400e-01   2.3085600e-02
  -2.2501100e-01   1.9807600e-03
  -2.4500600e-01  -3.0373500e-02
  -2.5432900e-01  -7.1913899e-02
  -2.4832200e-01  -1.1742000e-01
  -2.2526700e-01  -1.5955600e-01
  -1.8718800e-01  -1.9050000e-01
  -1.3979900e-01  -2.0380900e-01
  -9.1577299e-02  -1.9608900e-01
  -5.2134099e-02  -1.6807300e-01
  -3.0223000e-02  -1.2487200e-01
  -3.1801200e-02  -7.5285199e-02
  -5.8556899e-02  -3.0294800e-02
  -1.0722500e-01  -1.0240200e-03
  -1.6985900e-01   3.4432500e-03
  -2.3502700e-01  -2.2048000e-02
  -2.8973300e-01  -7.7502099e-02
  -3.2169700e-01  -1.5746700e-01
  -3.2158400e-01  -2.5171400e-01
  -2.8476100e-01  -3.4679300e-01
  -2.1226800e-01  -4.2818299e-01
  -1.1083000e-01  -4.8265299e-01
   8.0958699e-03  -5.0042499e-01
   1.3004500e-01  -4.7676599e-01
   2.3975000e-01  -4.1274499e-01
   3.2343800e-01  -3.1506200e-01
   3.7083899e-01  -1.9499600e-01
   3.7660199e-01  -6.6678099e-02
   3.4090200e-01   5.4992399e-02
   2.6920100e-01   1.5645900e-01
   1.7125000e-01   2.2730500e-01
   5.9520099e-02   2.6148200e-01
  -5.2636999e-02   2.5783800e-01
  -1.5281500e-01   2.1990700e-01
  -2.3109300e-01   1.5507000e-01
  -2.8110100e-01   7.3261199e-02
  -3.0049100e-01  -1.4540700e-02
  -2.9083200e-01  -9.7809199e-02
  -2.5699500e-01  -1.6774100e-01
  -2.0618600e-01  -2.1815600e-01
  -1.4678900e-01  -2.4595900e-01
  -8.7215899e-02  -2.5115800e-01
  -3.4890799e-02  -2.3649300e-01
   4.5126899e-03  -2.0679500e-01
   2.7529600e-02  -1.6817600e-01
   3.3050200e-02  -1.2718700e-01
   2.2187200e-02  -9.0026599e-02
  -2.0774500e-03  -6.1900099e-02
  -3.5397499e-02  -4.6549499e-02
  -7.2643999e-02  -4.5991499e-02
  -1.0849900e-01  -6.0449899e-02
  -1.3801000e-01  -8.8463899e-02
  -1.5705400e-01  -1.2714200e-01
  -1.6269400e-01  -1.7252700e-01
  -1.5340400e-01  -2.2002100e-01
  -1.2914500e-01  -2.6485400e-01
  -9.1321799e-02  -3.0252800e-01
  -4.2595399e-02  -3.2921900e-01
   1.3390900e-02  -3.4210099e-01
   7.2367699e-02  -3.3956199e-01
   1.2983000e-01  -3.2130900e-01
   1.8142700e-01  -2.8834300e-01
   2.2332100e-01  -2.4283300e-01
   2.5247300e-01  -1.8789800e-01
   2.6685300e-01  -1.2731900e-01
   2.6555100e-01  -6.5229099e-02
   2.4879700e-01  -5.7972099e-03
   2.1789800e-01   4.7070499e-02
   1.7511000e-01   8.9983999e-02
   1.2346400e-01   1.2027700e-01
   6.6551599e-02   1.3616300e-01
   8.2949299e-03   1.3683600e-01
  -4.7300799e-02   1.2252900e-01
  -9.6403999e-02   9.4510399e-02
  -1.3561700e-01   5.5034399e-02
  -1.6223000e-01   7.2215499e-03
  -1.7445900e-01  -4.5125499e-02
  -1.7163600e-01  -9.7780299e-02
  -1.5434100e-01  -1.4641700e-01
  -1.2442800e-01  -1.8698400e-01
  -8.4941999e-02  -2.1610200e-01
  -3.9899799e-02  -2.3143500e-01
   6.0586099e-03  -2.3200200e-01
   4.8124799e-02  -2.1836500e-01
   8.1844299e-02  -1.9265900e-01
   1.0364800e-01  -1.5844900e-01
   1.1132400e-01  -1.2038300e-01
   1.0436500e-01  -8.3695599e-02
   8.4125899e-02  -5.3592199e-02
   5.3757699e-02  -3.4586399e-02
   1.7904200e-02  -2.9881900e-02
  -1.7817300e-02  -4.0880599e-02
  -4.7498899e-02  -6.6895099e-02
  -6.5705799e-02  -1.0511800e-01
  -6.8225299e-02  -1.5087100e-01
  -5.2695399e-02  -1.9811900e-01
  -1.9024000e-02  -2.4019200e-01
   3.0473100e-02  -2.7062500e-01
   9.1246699e-02  -2.8402300e-01
   1.5699300e-01  -2.7681600e-01
   2.2038300e-01  -2.4780600e-01
   2.7396200e-01  -1.9842800e-01
   3.1108900e-01  -1.3266700e-01
   3.2680599e-01  -5.6646299e-02
   3.1850699e-01   2.2078900e-02
   2.8631900e-01   9.5431698e-02
   2.3313000e-01   1.5580300e-01
   1.6426500e-01   1.9699600e-01
   8.6836299e-02   2.1498900e-01
   8.8734099e-03   2.0842400e-01
  -6.1672899e-02   1.7874500e-01
  -1.1789900e-01   1.2997200e-01
  -1.5476700e-01   6.8143599e-02
  -1.6966100e-01   5.1672599e-04
  -1.6261600e-01  -6.5376399e-02
  -1.3618400e-01  -1.2266900e-01
  -9.4987698e-02  -1.6597400e-01
  -4.5010799e-02  -1.9196600e-01
   7.2417499e-03  -1.9965200e-01
   5.5605399e-02  -1.9032300e-01
   9.5008998e-02  -1.6719400e-01
   1.2202200e-01  -1.3482500e-01
   1.3513500e-01  -9.8398698e-02
   1.3474700e-01  -6.2989499e-02
   1.2289900e-01  -3.2923399e-02
   1.0281200e-01  -1.1311000e-02
   7.8318799e-02   1.9139000e-04
   5.3293299e-02   1.3875100e-03
   3.1160299e-02  -6.6552499e-03
   1.4552900e-02  -2.1943200e-02
   5.1444999e-03  -4.1955799e-02
   3.6511899e-03  -6.4029899e-02
   9.9643898e-03  -8.5665399e-02
   2.3357900e-02  -1.0471600e-01
   4.2704599e-02  -1.1946000e-01
   6.6649999e-02  -1.2857800e-01
   9.3707898e-02  -1.3107900e-01
   1.2227600e-01  -1.2623000e-01
   1.5059300e-01  -1.1353600e-01
   1.7668400e-01  -9.2798998e-02
   1.9834000e-01  -6.4246399e-02
   2.1319400e-01  -2.8712400e-02
   2.1890100e-01   1.2193000e-02
   2.1343500e-01   5.5985399e-02
   1.9546000e-01   9.9339398e-02
   1.6470600e-01   1.3829300e-01
   1.2227600e-01   1.6863100e-01
   7.0797699e-02   1.8640800e-01
   1.4351800e-02   1.8854900e-01
  -4.1849499e-02   1.7342400e-01
  -9.2017698e-02   1.4128100e-01
  -1.3051700e-01   9.4456898e-02
  -1.5266300e-01   3.7281599e-02
  -1.5546100e-01  -2.4331400e-02
  -1.3815800e-01  -8.3578999e-02
  -1.0249900e-01  -1.3365300e-01
  -5.2622799e-02  -1.6869100e-01
   5.4104699e-03  -1.8463400e-01
   6.4406399e-02  -1.7986000e-01
   1.1702100e-01  -1.5547300e-01
   1.5680100e-01  -1.1518800e-01
   1.7910900e-01  -6.4821599e-02
   1.8178800e-01  -1.1457500e-02
   1.6545500e-01   3.7581999e-02
   1.3337600e-01   7.5801899e-02
   9.0933398e-02   9.8463998e-02
   4.4789599e-02   1.0323700e-01
   1.8635300e-03   9.0462198e-02
  -3.1697399e-02   6.3009399e-02
  -5.1393499e-02   2.5743800e-02
  -5.4960999e-02  -1.5287300e-02
  -4.2586699e-02  -5.3811999e-02
  -1.6735000e-02  -8.4273799e-02
   1.8367300e-02  -1.0260200e-01
   5.7482299e-02  -1.0669900e-01
   9.5210398e-02  -9.6583498e-02
   1.2679000e-01  -7.4187299e-02
   1.4871700e-01  -4.2879599e-02
   1.5910100e-01  -6.8111899e-03
   1.5772100e-01   2.9781799e-02
   1.4579800e-01   6.3193299e-02
   1.2557700e-01   9.0680898e-02
   9.9801398e-02   1.1066200e-01
   7.1203299e-02   1.2267200e-01
   4.2111999e-02   1.2712200e-01
   1.4234400e-02   1.2495100e-01
  -1.1366200e-02   1.1725700e-01
  -3.4122999e-02   1.0500000e-01
  -5.3714199e-02   8.8853798e-02
  -6.9793699e-02   6.9213099e-02
  -8.1786599e-02   4.6356199e-02
  -8.8817398e-02   2.0694800e-02
  -8.9797898e-02  -6.9640599e-03
  -8.3663798e-02  -3.5229199e-02
  -6.9706499e-02  -6.2079199e-02
  -4.7920199e-02  -8.4996298e-02
  -1.9273400e-02  -1.0127400e-01
   1.4173400e-02  -1.0844900e-01
   4.9357299e-02  -1.0478600e-01
   8.2517098e-02  -8.9700398e-02
   1.0967700e-01  -6.4038699e-02
   1.2723400e-01  -3.0143399e-02
   1.3254900e-01   8.3385598e-03
   1.2443000e-01   4.6880399e-02
   1.0342200e-01   8.0678699e-02
   7.1832399e-02   1.0533900e-01
   3.3485399e-02   1.1753400e-01
  -6.7678799e-03   1.1552100e-01
  -4.3708899e-02   9.9435998e-02
  -7.2478199e-02   7.1314199e-02
  -8.9256898e-02   3.4832299e-02
  -9.1799798e-02  -5.1874199e-03
  -7.9741899e-02  -4.3431599e-02
  -5.4640499e-02  -7.4810899e-02
  -1.9752500e-02  -9.5132098e-02
   2.0409700e-02  -1.0163300e-01
   6.0675099e-02  -9.3314498e-02
   9.5876098e-02  -7.1038599e-02
   1.2148700e-01  -3.7384599e-02
   1.3415900e-01   3.6945999e-03
   1.3210000e-01   4.7369199e-02
   1.1525100e-01   8.8512798e-02
   8.5269898e-02   1.2229500e-01
   4.5316999e-02   1.4472600e-01
  -3.0957399e-04   1.5309000e-01
  -4.6658899e-02   1.4624700e-01
  -8.8673598e-02   1.2474600e-01
  -1.2174800e-01   9.0778298e-02
  -1.4224100e-01   4.7943899e-02
  -1.4789500e-01   8.6556198e-04
  -1.3811200e-01  -4.5318199e-02
  -1.1404900e-01  -8.5533798e-02
  -7.8520798e-02  -1.1536700e-01
  -3.5690699e-02  -1.3160100e-01
   9.4054598e-03  -1.3262900e-01
   5.1471199e-02  -1.1868100e-01
   8.5615298e-02  -9.1819398e-02
   1.0798800e-01  -5.5691199e-02
   1.1629200e-01  -1.5056400e-02
   1.1009300e-01   2.4850500e-02
   9.0865798e-02   5.9039799e-02
   6.1768199e-02   8.3458298e-02
   2.7157599e-02   9.5546598e-02
  -8.0685998e-03   9.4569098e-02
  -3.9212999e-02   8.1659298e-02
  -6.2473699e-02   5.9570999e-02
  -7.5479599e-02   3.2174699e-02
  -7.7574898e-02   3.7874699e-03
  -6.9805799e-02  -2.1545400e-02
  -5.4617399e-02  -4.0689299e-02
  -3.5320999e-02  -5.1865599e-02
  -1.5439000e-02  -5.4826099e-02
   1.9465300e-03  -5.0733799e-02
   1.4714500e-02  -4.1782299e-02
   2.1997200e-02  -3.0639899e-02
   2.4192500e-02  -1.9840000e-02
   2.2705700e-02  -1.1244800e-02
   1.9484200e-02  -5.6978299e-03
   1.6455400e-02  -2.9343899e-03
   1.4996600e-02  -1.7659200e-03
   1.5559100e-02  -4.9123499e-04
   1.7535100e-02   2.5620299e-03
   1.9402200e-02   8.4933798e-03
   1.9117000e-02   1.7413500e-02
   1.4673800e-02   2.8261199e-02
   4.7022299e-03   3.8908299e-02
  -1.1035000e-02   4.6545199e-02
  -3.1366599e-02   4.8275499e-02
  -5.3738099e-02   4.1799099e-02
  -7.4554898e-02   2.6038399e-02
  -8.9792798e-02   1.5649100e-03
  -9.5763498e-02  -2.9277899e-02
  -8.9888498e-02  -6.2603599e-02
  -7.1322399e-02  -9.3540398e-02
  -4.1293499e-02  -1.1702700e-01
  -3.0780499e-03  -1.2870200e-01
   3.8404899e-02  -1.2573100e-01
   7.7319398e-02  -1.0739500e-01
   1.0783600e-01  -7.5345998e-02
   1.2509600e-01  -3.3450399e-02
   1.2603300e-01   1.2741500e-02
   1.0992800e-01   5.6828399e-02
   7.8572498e-02   9.2543798e-02
   3.6032599e-02   1.1472900e-01
  -1.1957500e-02   1.2013100e-01
  -5.8860099e-02   1.0789100e-01
  -9.8314098e-02   7.9655298e-02
  -1.2506800e-01   3.9298099e-02
  -1.3571800e-01  -7.6911098e-03
  -1.2914500e-01  -5.5037599e-02
  -1.0659500e-01  -9.6595398e-02
  -7.1409799e-02  -1.2719900e-01
  -2.8475499e-02  -1.4332800e-01
   1.6517800e-02  -1.4350400e-01
   5.7877899e-02  -1.2837200e-01
   9.0656798e-02  -1.0049300e-01
   1.1124100e-01  -6.3898399e-02
   1.1772600e-01  -2.3480400e-02
   1.1003500e-01   1.5669700e-02
   8.9809598e-02   4.8896999e-02
   6.0099099e-02   7.2511698e-02
   2.4906499e-02   8.4160598e-02
  -1.1334400e-02   8.3015798e-02
  -4.4292299e-02   6.9778499e-02
  -7.0224399e-02   4.6515099e-02
  -8.6368598e-02   1.6354700e-02
  -9.1210598e-02  -1.6910700e-02
  -8.4605998e-02  -4.9282199e-02
  -6.7749599e-02  -7.7017898e-02
  -4.2996799e-02  -9.7058298e-02
  -1.3555000e-02  -1.0736900e-01
   1.6923000e-02  -1.0716200e-01
   4.4799599e-02  -9.6961898e-02
   6.6911799e-02  -7.8508898e-02
   8.0968398e-02  -5.4501499e-02
   8.5828998e-02  -2.8208299e-02
   8.1618698e-02  -3.0006999e-03
   6.9657598e-02   1.8124800e-02
   5.2209899e-02   3.2960699e-02
   3.2091199e-02   4.0370399e-02
   1.2197700e-02   4.0388099e-02
  -4.9614799e-03   3.4119099e-02
  -1.7642800e-02   2.3456899e-02
  -2.5089499e-02   1.0672700e-02
  -2.7552899e-02  -2.0434400e-03
  -2.6113299e-02  -1.2997600e-02
  -2.2338100e-02  -2.1277600e-02
  -1.7854600e-02  -2.6849599e-02
  -1.3929900e-02  -3.0446199e-02
  -1.1156300e-02  -3.3270599e-02
  -9.3152498e-03  -3.6585499e-02
  -7.4574898e-03  -4.1282199e-02
  -4.1880799e-03  -4.7535499e-02
   1.9047200e-03  -5.4633899e-02
   1.1773600e-02  -6.1039799e-02
   2.5503799e-02  -6.4682199e-02
   4.2079099e-02  -6.3430199e-02
   5.9395799e-02  -5.5652499e-02
   7.4546398e-02  -4.0734799e-02
   8.4336098e-02  -1.9434000e-02
   8.5938598e-02   6.0316899e-03
   7.7558998e-02   3.2202699e-02
   5.8960699e-02   5.4891699e-02
   3.1730599e-02   6.9909198e-02
  -7.9590798e-04   7.3868598e-02
  -3.3963999e-02   6.4912599e-02
  -6.2522999e-02   4.3208299e-02
  -8.1521598e-02   1.1096600e-02
  -8.7211698e-02  -2.7153999e-02
  -7.7786998e-02  -6.5966699e-02
  -5.3806899e-02  -9.9345798e-02
  -1.8215100e-02  -1.2188300e-01
   2.4066999e-02  -1.2969900e-01
   6.6907298e-02  -1.2113400e-01
   1.0395800e-01  -9.7078798e-02
   1.2969900e-01  -6.0853599e-02
   1.4034900e-01  -1.7675300e-02
   1.3446800e-01   2.6199899e-02
   1.1316300e-01   6.4501599e-02
   7.9851598e-02   9.1952598e-02
   3.9648099e-02   1.0508100e-01
  -1.5167800e-03   1.0270200e-01
  -3.7871499e-02   8.5991598e-02
  -6.4702499e-02   5.8170399e-02
  -7.9020598e-02   2.3858999e-02
  -7.9894098e-02  -1.1748000e-02
  -6.8413998e-02  -4.3738299e-02
  -4.7325799e-02  -6.8213298e-02
  -2.0425700e-02  -8.2776198e-02
   8.1512698e-03  -8.6715198e-02
   3.4608199e-02  -8.0881998e-02
   5.6013299e-02  -6.7324198e-02
   7.0597498e-02  -4.8772799e-02
   7.7802198e-02  -2.8099999e-02
   7.8106398e-02  -7.8563998e-03
   7.2705898e-02   1.0035600e-02
   6.3136299e-02   2.4399099e-02
   5.0932199e-02   3.4743099e-02
   3.7391899e-02   4.1078199e-02
   2.3480699e-02   4.3679799e-02
   9.8669698e-03   4.2874599e-02
  -2.9489999e-03   3.8909799e-02
  -1.4475200e-02   3.1930999e-02
  -2.4100499e-02   2.2064999e-02
  -3.1049899e-02   9.5682298e-03
  -3.4445399e-02  -5.0147199e-03
  -3.3462099e-02  -2.0743100e-02
  -2.7542599e-02  -3.6268099e-02
  -1.6610700e-02  -4.9938599e-02
  -1.2245900e-03  -6.0013799e-02
   1.7379500e-02  -6.4943398e-02
   3.7377699e-02  -6.3656698e-02
   5.6574799e-02  -5.5794899e-02
   7.2712298e-02  -4.1834599e-02
   8.3806198e-02  -2.3069199e-02
   8.8452898e-02  -1.4482200e-03
   8.6040098e-02   2.0695200e-02
   7.6827598e-02   4.0977899e-02
   6.1884399e-02   5.7297399e-02
   4.2903599e-02   6.8098698e-02
   2.1936599e-02   7.2536798e-02
   1.1026200e-03   7.0514198e-02
  -1.7672100e-02   6.2605398e-02
  -3.2842899e-02   4.9898099e-02
  -4.3343899e-02   3.3798799e-02
  -4.8598699e-02   1.5845700e-02
  -4.8467899e-02  -2.4346999e-03
  -4.3170799e-02  -1.9612900e-02
  -3.3215899e-02  -3.4390999e-02
  -1.9364500e-02  -4.5609799e-02
  -2.6321099e-03  -5.2260799e-02
   1.5688600e-02  -5.3533999e-02
   3.4014599e-02  -4.8914399e-02
   5.0507799e-02  -3.8322299e-02
   6.3190398e-02  -2.2266699e-02
   7.0152998e-02  -1.9645900e-03
   6.9839998e-02   2.0625299e-02
   6.1372198e-02   4.2900599e-02
   4.4838999e-02   6.1864198e-02
   2.1487899e-02   7.4512098e-02
  -6.2557598e-03   7.8312198e-02
  -3.4979399e-02   7.1692298e-02
  -6.0685398e-02   5.4442699e-02
  -7.9360998e-02   2.7937999e-02
  -8.7631698e-02  -4.8908099e-03
  -8.3381198e-02  -3.9862399e-02
  -6.6221298e-02  -7.2104398e-02
  -3.7703599e-02  -9.6787398e-02
  -1.2134600e-03  -1.0991400e-01
   3.8462799e-02  -1.0902200e-01
   7.5839798e-02  -9.3667198e-02
   1.0559300e-01  -6.5581898e-02
   1.2343000e-01  -2.8467099e-02
   1.2680900e-01   1.2564000e-02
   1.1538200e-01   5.1800199e-02
   9.1052798e-02   8.3863698e-02
   5.7658299e-02   1.0459200e-01
   2.0299099e-02   1.1170800e-01
  -1.5539400e-02   1.0515300e-01
  -4.4925099e-02   8.7023898e-02
  -6.4297298e-02   6.1123998e-02
  -7.2014898e-02   3.2217999e-02
  -6.8533198e-02   5.1368399e-03
  -5.6185499e-02  -1.6095600e-02
  -3.8618499e-02  -2.8944699e-02
  -2.0002699e-02  -3.2727899e-02
  -4.1801999e-03  -2.8597099e-02
   6.0772598e-03  -1.9153100e-02
   9.5514098e-03  -7.7851498e-03
   6.7100098e-03   2.1207999e-03
  -5.2877299e-04   7.9341198e-03
  -9.3398498e-03   8.3317498e-03
  -1.6717400e-02   3.5356899e-03
  -2.0220699e-02  -4.8106699e-03
  -1.8572700e-02  -1.4095500e-02
  -1.1978100e-02  -2.1416199e-02
  -2.0879399e-03  -2.4329599e-02
   8.3838498e-03  -2.1502099e-02
   1.6310500e-02  -1.3112000e-02
   1.8926400e-02  -9.0472698e-04
   1.4553000e-02   1.2121600e-02
   3.1113699e-03   2.2342199e-02
  -1.3703100e-02   2.6315899e-02
  -3.2636199e-02   2.1609499e-02
  -4.9452599e-02   7.4544498e-03
  -5.9768798e-02  -1.4910800e-02
  -5.9976598e-02  -4.2303399e-02
  -4.8068199e-02  -7.0068398e-02
  -2.4189599e-02  -9.2883398e-02
   9.2031898e-03  -1.0574600e-01
   4.7631399e-02  -1.0495500e-01
   8.5284298e-02  -8.8895098e-02
   1.1599300e-01  -5.8460998e-02
   1.3431000e-01  -1.7034300e-02
   1.3649100e-01   2.9992399e-02
   1.2119800e-01   7.6065898e-02
   8.9790398e-02   1.1454300e-01
   4.6143799e-02   1.3978900e-01
  -3.9582799e-03   1.4810500e-01
  -5.3760399e-02   1.3832100e-01
  -9.6621297e-02   1.1195400e-01
  -1.2705800e-01   7.2920898e-02
  -1.4157000e-01   2.6848499e-02
  -1.3910400e-01  -1.9857399e-02
  -1.2110100e-01  -6.1036498e-02
  -9.1140498e-02  -9.1700498e-02
  -5.4254499e-02  -1.0871500e-01
  -1.6067000e-02  -1.1113700e-01
   1.8096200e-02  -1.0017700e-01
   4.3970399e-02  -7.8829698e-02
   5.8875298e-02  -5.1259399e-02
   6.1936798e-02  -2.2074799e-02
   5.4008199e-02   4.3790899e-03
   3.7342799e-02   2.4596299e-02
   1.5107700e-02   3.6280099e-02
  -9.1578098e-03   3.8481999e-02
  -3.2042499e-02   3.1529599e-02
  -5.0652799e-02   1.6797700e-02
  -6.2857698e-02  -3.6058099e-03
  -6.7389798e-02  -2.7168899e-02
  -6.3832398e-02  -5.1267799e-02
  -5.2535499e-02  -7.3394298e-02
  -3.4503299e-02  -9.1318397e-02
  -1.1280800e-02  -1.0320300e-01
   1.5150500e-02  -1.0769600e-01
   4.2480099e-02  -1.0402300e-01
   6.8198698e-02  -9.2081497e-02
   8.9774098e-02  -7.2523598e-02
   1.0488300e-01  -4.6795699e-02
   1.1168100e-01  -1.7100100e-02
   1.0908800e-01   1.3756300e-02
   9.7013397e-02   4.2633899e-02
   7.6488398e-02   6.6438098e-02
   4.9628799e-02   8.2551998e-02
   1.9420599e-02   8.9250398e-02
  -1.0668300e-02   8.6013198e-02
  -3.7195899e-02   7.3660698e-02
  -5.7288698e-02   5.4264698e-02
  -6.9116498e-02   3.0831099e-02
  -7.2198598e-02   6.7963998e-03
  -6.7469798e-02  -1.4573000e-02
  -5.7078198e-02  -3.0763599e-02
  -4.3942999e-02  -4.0459799e-02
  -3.1153999e-02  -4.3754099e-02
  -2.1332399e-02  -4.2068299e-02
  -1.6088600e-02  -3.7794999e-02
  -1.5695900e-02  -3.3727199e-02
  -1.9058499e-02  -3.2394099e-02
  -2.3989399e-02  -3.5449899e-02
  -2.7746199e-02  -4.3251799e-02
  -2.7711699e-02  -5.4730998e-02
  -2.2069999e-02  -6.7597698e-02
  -1.0321200e-02  -7.8846198e-02
   6.4904198e-03  -8.5458898e-02
   2.5902999e-02  -8.5154498e-02
   4.4508299e-02  -7.7013298e-02
   5.8680198e-02  -6.1825398e-02
   6.5407798e-02  -4.2066499e-02
   6.3051798e-02  -2.1483399e-02
   5.1847499e-02  -4.3559999e-03
   3.4024999e-02   5.4191198e-03
   1.3495200e-02   5.2325198e-03
  -4.8593799e-03  -5.5456498e-03
  -1.6159600e-02  -2.5249499e-02
  -1.6578500e-02  -5.0069199e-02
  -4.2456299e-03  -7.4667698e-02
   2.0191899e-02  -9.3160897e-02
   5.3488098e-02  -1.0027700e-01
   9.0239197e-02  -9.2471097e-02
   1.2378300e-01  -6.8755298e-02
   1.4739900e-01  -3.1081499e-02
   1.5558200e-01   1.5835700e-02
   1.4514100e-01   6.5230698e-02
   1.1590600e-01   1.0941800e-01
   7.0893398e-02   1.4113400e-01
   1.5887300e-02   1.5483700e-01
  -4.1495799e-02   1.4772000e-01
  -9.3084797e-02   1.2024700e-01
  -1.3154100e-01   7.6094598e-02
  -1.5159500e-01   2.1535899e-02
  -1.5090700e-01  -3.5641899e-02
  -1.3040100e-01  -8.7462697e-02
  -9.4012197e-02  -1.2709000e-01
  -4.7923799e-02  -1.4991800e-01
   5.6298898e-04  -1.5422500e-01
   4.4301199e-02  -1.4130300e-01
   7.7475898e-02  -1.1505300e-01
   9.6479297e-02  -8.1145498e-02
   1.0034300e-01  -4.5935299e-02
   9.0675097e-02  -1.5333700e-02
   7.1155798e-02   6.1501598e-03
   4.6708699e-02   1.6036800e-02
   2.2536299e-02   1.4088600e-02
   3.2042099e-03   2.1049399e-03
  -8.0619798e-03  -1.6619000e-02
  -9.7587397e-03  -3.8032699e-02
  -2.1342799e-03  -5.8110198e-02
   1.3095700e-02  -7.3517098e-02
   3.3249099e-02  -8.2055798e-02
   5.5268298e-02  -8.2837098e-02
   7.6271898e-02  -7.6188098e-02
   9.3966497e-02  -6.3361998e-02
   1.0686300e-01  -4.6144999e-02
   1.1429200e-01  -2.6461699e-02
   1.1626400e-01  -6.0653298e-03
   1.1324100e-01   1.3639500e-02
   1.0590000e-01   3.1634199e-02
   9.4951297e-02   4.7214899e-02
   8.1061498e-02   5.9867398e-02
   6.4858398e-02   6.9152298e-02
   4.7009999e-02   7.4645698e-02
   2.8317099e-02   7.5963098e-02
   9.7679497e-03   7.2853898e-02
  -7.4809898e-03   6.5334198e-02
  -2.2212899e-02   5.3804698e-02
  -3.3327099e-02   3.9103499e-02
  -4.0042099e-02   2.2459999e-02
  -4.2066399e-02   5.3445298e-03
  -3.9684799e-02  -1.0762800e-02
  -3.3723899e-02  -2.4630299e-02
  -2.5393299e-02  -3.5496999e-02
  -1.6031800e-02  -4.3198299e-02
  -6.8161398e-03  -4.8155399e-02
   1.4961100e-03  -5.1223098e-02
   8.7208397e-03  -5.3426398e-02
   1.5254400e-02  -5.5648398e-02
   2.1922099e-02  -5.8347398e-02
   2.9699399e-02  -6.1381198e-02
   3.9370499e-02  -6.3990898e-02
   5.1211098e-02  -6.4961298e-02
   6.4780798e-02  -6.2929798e-02
   7.8891298e-02  -5.6776098e-02
   9.1772897e-02  -4.5997899e-02
   1.0141800e-01  -3.0976299e-02
   1.0603600e-01  -1.3051300e-02
   1.0450800e-01   5.6290598e-03
   9.6746397e-02   2.2473699e-02
   8.3850397e-02   3.4960599e-02
   6.8010298e-02   4.1190599e-02
   5.2155598e-02   4.0359099e-02
   3.9406599e-02   3.3033399e-02
   3.2434499e-02   2.1155899e-02
   3.2863299e-02   7.7534698e-03
   4.0846499e-02  -3.6052699e-03
   5.4919098e-02  -9.5074397e-03
   7.2174298e-02  -7.4087698e-03
   8.8746197e-02   3.7845399e-03
   1.0051400e-01   2.3391499e-02
   1.0389700e-01   4.8967598e-02
   9.6579597e-02   7.6662198e-02
   7.8027498e-02   1.0186500e-01
   4.9679298e-02   1.2001900e-01
   1.4774400e-02   1.2745100e-01
  -2.2157499e-02   1.2205800e-01
  -5.6051898e-02   1.0370900e-01
  -8.2166297e-02   7.4303698e-02
  -9.6878997e-02   3.7460099e-02
  -9.8279997e-02  -2.0973299e-03
  -8.6450797e-02  -3.9330399e-02
  -6.3387998e-02  -6.9712898e-02
  -3.2598199e-02  -8.9934197e-02
   1.5476099e-03  -9.8360097e-02
   3.4571599e-02  -9.5176497e-02
   6.2612498e-02  -8.2210697e-02
   8.2985497e-02  -6.2482798e-02
   9.4489897e-02  -3.9590699e-02
   9.7426997e-02  -1.7054599e-02
   9.3352597e-02   2.2537599e-03
   8.4636297e-02   1.6499499e-02
   7.3931398e-02   2.5037699e-02
   6.3665398e-02   2.8328899e-02
   5.5647298e-02   2.7663199e-02
   5.0852598e-02   2.4770999e-02
   4.9402998e-02   2.1414499e-02
   5.0717998e-02   1.9044599e-02
   5.3778498e-02   1.8583899e-02
   5.7429798e-02   2.0362299e-02
   6.0650298e-02   2.4192099e-02
   6.2731098e-02   2.9543699e-02
   6.3340598e-02   3.5759599e-02
   6.2476898e-02   4.2249699e-02
   6.0342198e-02   4.8618598e-02
   5.7184698e-02   5.4702298e-02
   5.3158598e-02   6.0515598e-02
   4.8243998e-02   6.6137098e-02
   4.2245699e-02   7.1573198e-02
   3.4868499e-02   7.6644797e-02
   2.5846599e-02   8.0931997e-02
   1.5087099e-02   8.3795997e-02
   2.7889799e-03   8.4476097e-02
  -1.0497700e-02   8.2238097e-02
  -2.3890099e-02   7.6540797e-02
  -3.6267799e-02   6.7180498e-02
  -4.6426898e-02   5.4380498e-02
  -5.3259198e-02   3.8805499e-02
  -5.5921798e-02   2.1497799e-02
  -5.3963098e-02   3.7507199e-03
  -4.7385298e-02  -1.3056000e-02
  -3.6635099e-02  -2.7624499e-02
  -2.2532699e-02  -3.8883299e-02
  -6.1583298e-03  -4.6085798e-02
   1.1278200e-02  -4.8854698e-02
   2.8561799e-02  -4.7176598e-02
   4.4572598e-02  -4.1359099e-02
   5.8355198e-02  -3.1968599e-02
   6.9159698e-02  -1.9764099e-02
   7.6462097e-02  -5.6370698e-03
   7.9976197e-02   9.4390597e-03
   7.9662897e-02   2.4456599e-02
   7.5741097e-02   3.8424399e-02
   6.8692398e-02   5.0430698e-02
   5.9250798e-02   5.9719198e-02
   4.8364498e-02   6.5773798e-02
   3.7120699e-02   6.8395998e-02
   2.6635299e-02   6.7759998e-02
   1.7914399e-02   6.4421498e-02
   1.1711000e-02   5.9271398e-02
   8.4017797e-03   5.3427498e-02
   7.9112897e-03   4.8077298e-02
   9.7061897e-03   4.4294298e-02
   1.2867000e-02   4.2859399e-02
   1.6231099e-02   4.4123398e-02
   1.8585099e-02   4.7938498e-02
   1.8871399e-02   5.3675698e-02
   1.6370299e-02   6.0327898e-02
   1.0823700e-02   6.6679698e-02
   2.4747499e-03   7.1512798e-02
  -7.9814497e-03   7.3805497e-02
  -1.9524499e-02   7.2889797e-02
  -3.0984399e-02   6.8536098e-02
  -4.1228599e-02   6.0954998e-02
  -4.9322698e-02   5.0720998e-02
  -5.4633998e-02   3.8643199e-02
  -5.6863698e-02   2.5615299e-02
  -5.6010098e-02   1.2481200e-02
  -5.2282498e-02  -5.4377298e-05
  -4.5996398e-02  -1.1455700e-02
  -3.7482999e-02  -2.1328299e-02
  -2.7039799e-02  -2.9352399e-02
  -1.4935999e-02  -3.5206899e-02
  -1.4682999e-03  -3.8515899e-02
   1.2953700e-02  -3.8844299e-02
   2.7723099e-02  -3.5753499e-02
   4.1987799e-02  -2.8910799e-02
   5.4666898e-02  -1.8229799e-02
   6.4542998e-02  -4.0038499e-03
   7.0425598e-02   1.3006800e-02
   7.1356997e-02   3.1566999e-02
   6.6821098e-02   5.0056698e-02
   5.6907098e-02   6.6655998e-02
   4.2386398e-02   7.9597397e-02
   2.4675499e-02   8.7445097e-02
   5.6803398e-03   8.9345097e-02
  -1.2458600e-02   8.5197197e-02
  -2.7678899e-02   7.5710297e-02
  -3.8311899e-02   6.2323798e-02
  -4.3344498e-02   4.7005198e-02
  -4.2578998e-02   3.1955499e-02
  -3.6661099e-02   1.9275199e-02
  -2.6972199e-02   1.0646000e-02
  -1.5405299e-02   7.0850297e-03
  -4.0667199e-03   8.8097997e-03
   5.0456398e-03   1.5231899e-02
   1.0332700e-02   2.5074799e-02
   1.0808800e-02   3.6587799e-02
   6.2132998e-03   4.7816898e-02
  -2.9901699e-03   5.6884198e-02
  -1.5713499e-02   6.2234198e-02
  -3.0417899e-02   6.2815598e-02
  -4.5327498e-02   5.8181498e-02
  -5.8649098e-02   4.8507898e-02
  -6.8769597e-02   3.4540699e-02
  -7.4415097e-02   1.7491399e-02
  -7.4761197e-02  -1.1003400e-03
  -6.9497997e-02  -1.9518399e-02
  -5.8850898e-02  -3.6025999e-02
  -4.3564398e-02  -4.9017998e-02
  -2.4850099e-02  -5.7165398e-02
  -4.2978498e-03  -5.9547398e-02
   1.6251799e-02  -5.5762798e-02
   3.4872099e-02  -4.6006698e-02
   4.9746098e-02  -3.1096399e-02
   5.9376598e-02  -1.2430100e-02
   6.2786298e-02   8.1312997e-03
   5.9674098e-02   2.8458899e-02
   5.0496798e-02   4.6410398e-02
   3.6449199e-02   6.0113198e-02
   1.9331699e-02   6.8233197e-02
   1.3136700e-03   7.0181097e-02
  -1.5376599e-02   6.6212998e-02
  -2.8788399e-02   5.7399198e-02
  -3.7551499e-02   4.5454998e-02
  -4.1088898e-02   3.2456499e-02
  -3.9694799e-02   2.0487999e-02
  -3.4456499e-02   1.1284200e-02
  -2.7031999e-02   5.9368598e-03
  -1.9320899e-02   4.7220098e-03
  -1.3092100e-02   7.0873897e-03
  -9.6433796e-03   1.1802300e-02
  -9.5619796e-03   1.7242099e-02
  -1.2636400e-02   2.1748299e-02
  -1.7939199e-02   2.3989699e-02
  -2.4063699e-02   2.3244799e-02
  -2.9463299e-02   1.9546499e-02
  -3.2818299e-02   1.3652899e-02
  -3.3349799e-02   6.8525597e-03
  -3.1006199e-02   6.4374198e-04
  -2.6479999e-02  -3.6392499e-03
  -2.1044499e-02  -5.1676398e-03
  -1.6246399e-02  -3.8473199e-03
  -1.3518299e-02  -3.7819799e-04
  -1.3801399e-02   3.8765399e-03
  -1.7264699e-02   7.1892497e-03
  -2.3191099e-02   7.8735397e-03
  -3.0065699e-02   4.7091598e-03
  -3.5855799e-02  -2.7094199e-03
  -3.8432599e-02  -1.3783299e-02
  -3.6047199e-02  -2.6929199e-02
  -2.7761299e-02  -3.9817498e-02
  -1.3736899e-02  -4.9786898e-02
   4.6818998e-03  -5.4359898e-02
   2.5124299e-02  -5.1755198e-02
   4.4561798e-02  -4.1292098e-02
   5.9825798e-02  -2.3603399e-02
   6.8176497e-02  -6.0670098e-04
   6.7813797e-02   2.4765399e-02
   5.8231098e-02   4.9029798e-02
   4.0343898e-02   6.8726197e-02
   1.6367899e-02   8.0993297e-02
  -1.0528700e-02   8.4043197e-02
  -3.6735199e-02   7.7447697e-02
  -5.8773498e-02   6.2190898e-02
  -7.3837497e-02   4.0485098e-02
  -8.0201497e-02   1.5391899e-02
  -7.7435997e-02  -9.6770096e-03
  -6.6403797e-02  -3.1486599e-02
  -4.9053598e-02  -4.7442898e-02
  -2.8060899e-02  -5.5921898e-02
  -6.3905498e-03  -5.6421998e-02
   1.3141399e-02  -4.9534098e-02
   2.8234799e-02  -3.6755199e-02
   3.7354999e-02  -2.0196299e-02
   3.9843098e-02  -2.2450499e-03
   3.5894299e-02   1.4758599e-02
   2.6433199e-02   2.8789599e-02
   1.2923699e-02   3.8322298e-02
  -2.8450099e-03   4.2428798e-02
  -1.8964799e-02   4.0802098e-02
  -3.3588199e-02   3.3723699e-02
  -4.5075998e-02   2.1997499e-02
  -5.2115898e-02   6.8629597e-03
  -5.3820198e-02  -1.0106600e-02
  -4.9805798e-02  -2.7122299e-02
  -4.0253598e-02  -4.2322398e-02
  -2.5935299e-02  -5.3940198e-02
  -8.1889797e-03  -6.0494298e-02
   1.1170800e-02  -6.0982298e-02
   3.0020099e-02  -5.5050198e-02
   4.6162198e-02  -4.3102998e-02
   5.7610898e-02  -2.6322299e-02
   6.2881097e-02  -6.5706497e-03
   6.1235698e-02   1.3821199e-02
   5.2838798e-02   3.2362899e-02
   3.8776398e-02   4.6765098e-02
   2.0926899e-02   5.5291198e-02
   1.6922999e-03   5.7037198e-02
  -1.6369699e-02   5.2081398e-02
  -3.0950399e-02   4.1470298e-02
  -4.0357598e-02   2.7035799e-02
  -4.3774798e-02   1.1075000e-02
  -4.1362998e-02  -4.0520498e-03
  -3.4181199e-02  -1.6326499e-02
  -2.3944999e-02  -2.4401099e-02
  -1.2668199e-02  -2.7790199e-02
  -2.2648999e-03  -2.6884599e-02
   5.8080898e-03  -2.2791199e-02
   1.0794600e-02  -1.7035599e-02
   1.2719199e-02  -1.1194700e-02
   1.2292200e-02  -6.5405497e-03
   1.0664600e-02  -3.7748398e-03
   9.0933096e-03  -2.9113799e-03
   8.5949097e-03  -3.3309399e-03
   9.6705396e-03  -3.9931798e-03
   1.2166900e-02  -3.7542098e-03
   1.5308099e-02  -1.7131899e-03
   1.7892499e-02   2.4961599e-03
   1.8611599e-02   8.5418697e-03
   1.6416699e-02   1.5402399e-02
   1.0845800e-02   2.1553399e-02
   2.2326899e-03   2.5295899e-02
  -8.2608097e-03   2.5157899e-02
  -1.8805199e-02   2.0278599e-02
  -2.7232099e-02   1.0687600e-02
  -3.1468799e-02  -2.5892299e-03
  -2.9987799e-02  -1.7632499e-02
  -2.2178299e-02  -3.1927899e-02
  -8.5539596e-03  -4.2809998e-02
   9.2502496e-03  -4.7964798e-02
   2.8703199e-02  -4.5892898e-02
   4.6786298e-02  -3.6238998e-02
   6.0511797e-02  -1.9918199e-02
   6.7453097e-02   9.8803396e-04
   6.6185897e-02   2.3552499e-02
   5.6558098e-02   4.4480098e-02
   3.9735398e-02   6.0654797e-02
   1.8018699e-02   6.9655897e-02
  -5.5331598e-03   7.0150697e-02
  -2.7603099e-02   6.2094897e-02
  -4.5144798e-02   4.6712698e-02
  -5.5849398e-02   2.6267099e-02
  -5.8469498e-02   3.6711598e-03
