   5.0464200e+00   3.9002300e-02
   4.9088800e+00   1.0306800e+00
   4.5701600e+00   1.9650000e+00
   4.0489700e+00   2.8006000e+00
   3.3725000e+00   3.5016700e+00
   2.5749000e+00   4.0396300e+00
   1.6953400e+00   4.3944600e+00
   7.7591300e-01   4.5555100e+00
  -1.4056300e-01   4.5217300e+00
  -1.0127600e+00   4.3015300e+00
  -1.8028800e+00   3.9119600e+00
  -2.4784300e+00   3.3776500e+00
  -3.0136900e+00   2.7292100e+00
  -3.3907500e+00   2.0015200e+00
  -3.6000500e+00   1.2317600e+00
  -3.6406000e+00   4.5746300e-01
  -3.5195400e+00  -2.8537900e-01
  -3.2514900e+00  -9.6406900e-01
  -2.8573800e+00  -1.5506700e+00
  -2.3631700e+00  -2.0231400e+00
  -1.7982200e+00  -2.3661800e+00
  -1.1936600e+00  -2.5715500e+00
  -5.8078500e-01  -2.6381500e+00
   1.0535400e-02  -2.5716200e+00
   5.5323300e-01  -2.3836900e+00
   1.0241900e+00  -2.0912200e+00
   1.4051400e+00  -1.7150500e+00
   1.6832100e+00  -1.2787700e+00
   1.8512100e+00  -8.0738600e-01
   1.9076000e+00  -3.2602300e-01
   1.8561800e+00   1.4124300e-01
   1.7055400e+00   5.7245600e-01
   1.4683600e+00   9.4864100e-01
   1.1605000e+00   1.2544600e+00
   8.0010800e-01   1.4786500e+00
   4.0664000e-01   1.6142200e+00
  -7.1945200e-05   1.6584600e+00
  -4.0068800e-01   1.6127600e+00
  -7.7712400e-01   1.4822500e+00
  -1.1132000e+00   1.2753300e+00
  -1.3951300e+00   1.0031500e+00
  -1.6119200e+00   6.7896700e-01
  -1.7555800e+00   3.1752700e-01
  -1.8212000e+00  -6.5541700e-02
  -1.8069900e+00  -4.5433600e-01
  -1.7141600e+00  -8.3322100e-01
  -1.5467200e+00  -1.1873300e+00
  -1.3112300e+00  -1.5030000e+00
  -1.0165400e+00  -1.7681500e+00
  -6.7341900e-01  -1.9726000e+00
  -2.9421000e-01  -2.1083300e+00
   1.0756000e-01  -2.1697100e+00
   5.1759100e-01  -2.1535900e+00
   9.2123100e-01  -2.0594800e+00
   1.3039200e+00  -1.8895100e+00
   1.6516300e+00  -1.6484500e+00
   1.9513300e+00  -1.3436000e+00
   2.1914300e+00  -9.8461300e-01
   2.3622100e+00  -5.8326100e-01
   2.4562200e+00  -1.5307900e-01
   2.4685900e+00   2.9103400e-01
   2.3973800e+00   7.3331100e-01
   2.2436900e+00   1.1576700e+00
   2.0117700e+00   1.5483300e+00
   1.7089700e+00   1.8904200e+00
   1.3455600e+00   2.1706100e+00
   9.3442900e-01   2.3777700e+00
   4.9060900e-01   2.5034100e+00
   3.0731200e-02   2.5422300e+00
  -4.2765000e-01   2.4923600e+00
  -8.6680100e-01   2.3556200e+00
  -1.2695900e+00   2.1374500e+00
  -1.6202600e+00   1.8468300e+00
  -1.9052200e+00   1.4959000e+00
  -2.1136400e+00   1.0994700e+00
  -2.2380700e+00   6.7436000e-01
  -2.2747900e+00   2.3865600e-01
  -2.2240300e+00  -1.8915300e-01
  -2.0900100e+00  -5.9105500e-01
  -1.8807600e+00  -9.5039400e-01
  -1.6077000e+00  -1.2526900e+00
  -1.2851200e+00  -1.4863400e+00
  -9.2943200e-01  -1.6432400e+00
  -5.5837100e-01  -1.7191000e+00
  -1.9005500e-01  -1.7137300e+00
   1.5792900e-01  -1.6309500e+00
   4.6942900e-01  -1.4783800e+00
   7.3055000e-01  -1.2670200e+00
   9.3036000e-01  -1.0106100e+00
   1.0614200e+00  -7.2485700e-01
   1.1201300e+00  -4.2661400e-01
   1.1068700e+00  -1.3291700e-01
   1.0258800e+00   1.3991300e-01
   8.8502100e-01   3.7715000e-01
   6.9521900e-01   5.6642900e-01
   4.6985400e-01   6.9838400e-01
   2.2395800e-01   7.6710000e-01
  -2.6634700e-02   7.7037600e-01
  -2.6618200e-01   7.0977400e-01
  -4.7990100e-01   5.9045700e-01
  -6.5476400e-01   4.2083600e-01
  -7.8019100e-01   2.1203700e-01
  -8.4857900e-01  -2.2763800e-02
  -8.5566600e-01  -2.6910900e-01
  -8.0069900e-01  -5.1208000e-01
  -6.8640300e-01  -7.3712200e-01
  -5.1876200e-01  -9.3083200e-01
  -3.0663200e-01  -1.0816600e+00
  -6.1197100e-02  -1.1805000e+00
   2.0467700e-01  -1.2211100e+00
   4.7716100e-01  -1.2003900e+00
   7.4221800e-01  -1.1184800e+00
   9.8633800e-01  -9.7866500e-01
   1.1972300e+00  -7.8712100e-01
   1.3644000e+00  -5.5253900e-01
   1.4796800e+00  -2.8560300e-01
   1.5375100e+00   1.5989700e-03
   1.5352000e+00   2.9622300e-01
   1.4729000e+00   5.8532200e-01
   1.3535700e+00   8.5648200e-01
   1.1826900e+00   1.0984000e+00
   9.6789800e-01   1.3013700e+00
   7.1859600e-01   1.4577100e+00
   4.4538700e-01   1.5619800e+00
   1.5956100e-01   1.6112000e+00
  -1.2745600e-01   1.6048300e+00
  -4.0462000e-01   1.5446700e+00
  -6.6174500e-01   1.4347100e+00
  -8.8990300e-01   1.2808100e+00
  -1.0817500e+00   1.0903300e+00
  -1.2317300e+00   8.7179600e-01
  -1.3362600e+00   6.3438800e-01
  -1.3937200e+00   3.8757900e-01
  -1.4044000e+00   1.4070000e-01
  -1.3704200e+00  -9.7429400e-02
  -1.2954700e+00  -3.1882400e-01
  -1.1846100e+00  -5.1660200e-01
  -1.0439700e+00  -6.8518800e-01
  -8.8043600e-01  -8.2044700e-01
  -7.0133400e-01  -9.1975400e-01
  -5.1413700e-01  -9.8200000e-01
  -3.2616300e-01  -1.0075400e+00
  -1.4430900e-01  -9.9810100e-01
   2.5178100e-02  -9.5661600e-01
   1.7690100e-01  -8.8706900e-01
   3.0646200e-01  -7.9427900e-01
   4.1057600e-01  -6.8368300e-01
   4.8713800e-01  -5.6110700e-01
   5.3524600e-01  -4.3253100e-01
   5.5519100e-01  -3.0386000e-01
   5.4839600e-01  -1.8070800e-01
   5.1733000e-01  -6.8194900e-02
   4.6538000e-01   2.9236700e-02
   3.9670100e-01   1.0797600e-01
   3.1603300e-01   1.6537100e-01
   2.2850500e-01   1.9981800e-01
   1.3942000e-01   2.1081700e-01
   5.4035800e-02   1.9898100e-01
  -2.2661300e-02   1.6601100e-01
  -8.6167900e-02   1.1461800e-01
  -1.3266300e-01   4.8415200e-02
  -1.5918600e-01  -2.8244100e-02
  -1.6377300e-01  -1.1044900e-01
  -1.4556900e-01  -1.9295000e-01
  -1.0487900e-01  -2.7039700e-01
  -4.3179200e-02  -3.3758700e-01
   3.6929600e-02  -3.8971300e-01
   1.3181800e-01  -4.2260000e-01
   2.3697900e-01  -4.3292300e-01
   3.4721500e-01  -4.1838400e-01
   4.5687600e-01  -3.7785200e-01
   5.6011300e-01  -3.1145100e-01
   6.5115500e-01  -2.2058500e-01
   7.2458500e-01  -1.0790800e-01
   7.7561000e-01   2.2766200e-02
   8.0030600e-01   1.6661500e-01
   7.9582200e-01   3.1800900e-01
   7.6054500e-01   4.7075500e-01
   6.9420500e-01   6.1836900e-01
   5.9791300e-01   7.5437400e-01
   4.7414900e-01   8.7259500e-01
   3.2666400e-01   9.6744900e-01
   1.6034200e-01   1.0342100e+00
  -1.9004900e-02   1.0692200e+00
  -2.0488400e-01   1.0701000e+00
  -3.9039900e-01   1.0358400e+00
  -5.6855100e-01   9.6686800e-01
  -7.3254200e-01   8.6504700e-01
  -8.7607200e-01   7.3359900e-01
  -9.9361100e-01   5.7697400e-01
  -1.0806400e+00   4.0066000e-01
  -1.1338300e+00   2.1095400e-01
  -1.1512100e+00   1.4692100e-02
  -1.1322200e+00  -1.8103900e-01
  -1.0777300e+00  -3.6919800e-01
  -9.9001800e-01  -5.4308300e-01
  -8.7263000e-01  -6.9660600e-01
  -7.3025100e-01  -8.2454200e-01
  -5.6849300e-01  -9.2273100e-01
  -3.9364700e-01  -9.8824200e-01
  -2.1242600e-01  -1.0194800e+00
  -3.1680900e-02  -1.0162300e+00
   1.4188500e-01  -9.7965400e-01
   3.0198700e-01  -9.1223200e-01
   4.4301300e-01  -8.1762700e-01
   5.6025300e-01  -7.0053400e-01
   6.5007500e-01  -5.6646400e-01
   7.1007500e-01  -4.2150700e-01
   7.3915600e-01  -2.7206700e-01
   7.3756800e-01  -1.2459200e-01
   7.0688100e-01   1.4709600e-02
   6.4991200e-01   1.4012900e-01
   5.7058800e-01   2.4670800e-01
   4.7377100e-01   3.3045300e-01
   3.6503700e-01   3.8851000e-01
   2.5042300e-01   4.1929300e-01
   1.3614700e-01   4.2255700e-01
   2.8321200e-02   3.9941400e-01
  -6.7334300e-02   3.5228500e-01
  -1.4577200e-01   2.8479600e-01
  -2.0286300e-01   2.0160900e-01
  -2.3561400e-01   1.0821000e-01
  -2.4233000e-01   1.0643800e-02
  -2.2271700e-01  -8.4777300e-02
  -1.7792800e-01  -1.7179200e-01
  -1.1052800e-01  -2.4450900e-01
  -2.4398700e-02  -2.9772400e-01
   7.5436500e-02  -3.2720700e-01
   1.8304300e-01  -3.2994600e-01
   2.9186400e-01  -3.0434700e-01
   3.9505000e-01  -2.5035900e-01
   4.8581500e-01  -1.6952300e-01
   5.5779900e-01  -6.4940900e-02
   6.0542900e-01   5.8835600e-02
   6.2423700e-01   1.9600300e-01
   6.1114200e-01   3.3977300e-01
   5.6466200e-01   4.8270500e-01
   4.8504500e-01   6.1707900e-01
   3.7432000e-01   7.3530200e-01
   2.3624300e-01   8.3031500e-01
   7.6152100e-02   8.9598800e-01
  -9.9261900e-02   9.2747600e-01
  -2.8227400e-01   9.2151000e-01
  -4.6450200e-01   8.7661800e-01
  -6.3733000e-01   7.9324900e-01
  -7.9235700e-01   6.7379800e-01
  -9.2184000e-01   5.2252900e-01
  -1.0191100e+00   3.4538300e-01
  -1.0789600e+00   1.4971000e-01
  -1.0978900e+00  -5.6096800e-02
  -1.0743900e+00  -2.6302100e-01
  -1.0089500e+00  -4.6187900e-01
  -9.0415100e-01  -6.4379900e-01
  -7.6445800e-01  -8.0067700e-01
  -5.9605200e-01  -9.2560200e-01
  -4.0649300e-01  -1.0132100e+00
  -2.0433300e-01  -1.0599600e+00
   1.3325800e-03  -1.0643200e+00
   2.0133200e-01  -1.0268000e+00
   3.8689300e-01  -9.4995600e-01
   5.5009200e-01  -8.3818000e-01
   6.8424600e-01  -6.9748400e-01
   7.8424000e-01  -5.3514600e-01
   8.4675300e-01  -3.5930800e-01
   8.7039200e-01  -1.7853800e-01
   8.5571300e-01  -1.3748900e-03
   8.0513500e-01   1.6411300e-01
   7.2275500e-01   3.1073100e-01
   6.1408000e-01   4.3249600e-01
   4.8569200e-01   5.2490800e-01
   3.4485800e-01   5.8511800e-01
   1.9913500e-01   6.1200800e-01
   5.5958200e-02   6.0617100e-01
  -7.7727800e-02   5.6979600e-01
  -1.9580500e-01   5.0647800e-01
  -2.9324900e-01   4.2095700e-01
  -3.6631900e-01   3.1881500e-01
  -4.1267700e-01   2.0614500e-01
  -4.3140900e-01   8.9214600e-02
  -4.2298500e-01  -2.5853100e-02
  -3.8913700e-01  -1.3336900e-01
  -3.3268600e-01  -2.2831800e-01
  -2.5733400e-01  -3.0654400e-01
  -1.6741800e-01  -3.6487500e-01
  -6.7671500e-02  -4.0118200e-01
   3.7017400e-02  -4.1438400e-01
   1.4181800e-01  -4.0439900e-01
   2.4214300e-01  -3.7205700e-01
   3.3379600e-01  -3.1898600e-01
   4.1307700e-01  -2.4747800e-01
   4.7685600e-01  -1.6035400e-01
   5.2260600e-01  -6.0836200e-02
   5.4841000e-01   4.7567600e-02
   5.5296100e-01   1.6116300e-01
   5.3553700e-01   2.7614900e-01
   4.9599000e-01   3.8867300e-01
   4.3473000e-01   4.9489100e-01
   3.5272900e-01   5.9100300e-01
   2.5152700e-01   6.7330500e-01
   1.3325100e-01   7.3824700e-01
   6.4129200e-04   7.8250700e-01
  -1.4293700e-01   8.0308700e-01
  -2.9348600e-01   7.9743900e-01
  -4.4639900e-01   7.6359900e-01
  -5.9652000e-01   7.0034900e-01
  -7.3823700e-01   6.0737500e-01
  -8.6564000e-01   4.8542300e-01
  -9.7271500e-01   3.3643000e-01
  -1.0535900e+00   1.6361500e-01
  -1.1028400e+00  -2.8479500e-02
  -1.1157700e+00  -2.3401900e-01
  -1.0887500e+00  -4.4598500e-01
  -1.0195400e+00  -6.5637000e-01
  -9.0755600e-01  -8.5645000e-01
  -7.5408300e-01  -1.0371500e+00
  -5.6241600e-01  -1.1894400e+00
  -3.3790400e-01  -1.3048400e+00
  -8.7870800e-02  -1.3758700e+00
   1.7857800e-01  -1.3965600e+00
   4.5087200e-01  -1.3628600e+00
   7.1740500e-01  -1.2730300e+00
   9.6605700e-01  -1.1279400e+00
   1.1848000e+00  -9.3115100e-01
   1.3623200e+00  -6.8897400e-01
   1.4886800e+00  -4.1029900e-01
   1.5559200e+00  -1.0628700e-01
   1.5586000e+00   2.1008500e-01
   1.4942200e+00   5.2461100e-01
   1.3635100e+00   8.2254900e-01
   1.1705600e+00   1.0893800e+00
   9.2272000e-01   1.3115700e+00
   6.3040200e-01   1.4773900e+00
   3.0659900e-01   1.5775500e+00
  -3.3697600e-02   1.6058200e+00
  -3.7423100e-01   1.5594600e+00
  -6.9831400e-01   1.4395000e+00
  -9.8971600e-01   1.2507700e+00
  -1.2335400e+00   1.0017400e+00
  -1.4170800e+00   7.0416700e-01
  -1.5305100e+00   3.7254000e-01
  -1.5675300e+00   2.3334800e-02
  -1.5257400e+00  -3.2582900e-01
  -1.4068100e+00  -6.5712500e-01
  -1.2165000e+00  -9.5348400e-01
  -9.6436200e-01  -1.1995300e+00
  -6.6325700e-01  -1.3824100e+00
  -3.2870600e-01  -1.4925500e+00
   2.1943900e-02  -1.5241700e+00
   3.7045100e-01  -1.4756000e+00
   6.9866400e-01  -1.3494200e+00
   9.8950500e-01  -1.1523000e+00
   1.2278900e+00  -8.9464200e-01
   1.4015600e+00  -5.9001600e-01
   1.5016900e+00  -2.5440000e-01
   1.5233800e+00   9.4683500e-02
   1.4659000e+00   4.3913100e-01
   1.3326300e+00   7.6123300e-01
   1.1309000e+00   1.0446200e+00
   8.7151000e-01   1.2751300e+00
   5.6810800e-01   1.4415100e+00
   2.3641200e-01   1.5360100e+00
  -1.0666300e-01   1.5546600e+00
  -4.4392500e-01   1.4974800e+00
  -7.5881900e-01   1.3683200e+00
  -1.0362900e+00   1.1746000e+00
  -1.2635000e+00   9.2680800e-01
  -1.4305000e+00   6.3786200e-01
  -1.5305700e+00   3.2235900e-01
  -1.5605000e+00  -4.2361000e-03
  -1.5206400e+00  -3.2642400e-01
  -1.4146800e+00  -6.2946400e-01
  -1.2493900e+00  -9.0009200e-01
  -1.0340600e+00  -1.1271300e+00
  -7.7997500e-01  -1.3019300e+00
  -4.9969800e-01  -1.4187000e+00
  -2.0639500e-01  -1.4746100e+00
   8.6853500e-02  -1.4697700e+00
   3.6769000e-01  -1.4070100e+00
   6.2502900e-01  -1.2916100e+00
   8.4949700e-01  -1.1308200e+00
   1.0337500e+00  -9.3338200e-01
   1.1726600e+00  -7.0902500e-01
   1.2633500e+00  -4.6789300e-01
   1.3051300e+00  -2.2006500e-01
   1.2993200e+00   2.4897100e-02
   1.2489900e+00   2.5831700e-01
   1.1586300e+00   4.7268100e-01
   1.0338000e+00   6.6181700e-01
   8.8078200e-01   8.2098700e-01
   7.0624900e-01   9.4688900e-01
   5.1695300e-01   1.0375800e+00
   3.1948600e-01   1.0923800e+00
   1.2008800e-01   1.1116500e+00
  -7.5479500e-02   1.0967000e+00
  -2.6201000e-01   1.0495600e+00
  -4.3487700e-01   9.7284600e-01
  -5.9003000e-01   8.6963500e-01
  -7.2396600e-01   7.4336600e-01
  -8.3370100e-01   5.9778200e-01
  -9.1674700e-01   4.3690500e-01
  -9.7110900e-01   2.6502000e-01
  -9.9530900e-01   8.6679700e-02
  -9.8843800e-01  -9.3305500e-02
  -9.5022900e-01  -2.6988700e-01
  -8.8115400e-01  -4.3783000e-01
  -7.8252600e-01  -5.9180700e-01
  -6.5659200e-01  -7.2652700e-01
  -5.0660200e-01  -8.3691500e-01
  -3.3684200e-01  -9.1832300e-01
  -1.5261400e-01  -9.6677500e-01
   3.9852900e-02  -9.7921600e-01
   2.3355300e-01  -9.5376300e-01
   4.2093300e-01  -8.8992400e-01
   5.9418400e-01  -7.8877000e-01
   7.4558700e-01  -6.5304700e-01
   8.6789600e-01  -4.8719200e-01
   9.5473800e-01  -2.9727000e-01
   1.0010000e+00  -9.0792500e-02
   1.0032000e+00   1.2354500e-01
   9.5974200e-01   3.3623100e-01
   8.7116700e-01   5.3737300e-01
   7.4022400e-01   7.1719200e-01
   5.7185700e-01   8.6653800e-01
   3.7306200e-01   9.7740500e-01
   1.5261400e-01   1.0434100e+00
  -7.9320300e-02   1.0601900e+00
  -3.1166700e-01   1.0257600e+00
  -5.3300300e-01   9.4064900e-01
  -7.3215500e-01   8.0799300e-01
  -8.9880600e-01   6.3344700e-01
  -1.0240800e+00   4.2494100e-01
  -1.1010300e+00   1.9231800e-01
  -1.1251200e+00  -5.3157900e-02
  -1.0944300e+00  -2.9937700e-01
  -1.0098800e+00  -5.3402600e-01
  -8.7517700e-01  -7.4525100e-01
  -6.9666100e-01  -9.2230300e-01
  -4.8299700e-01  -1.0561300e+00
  -2.4471200e-01  -1.1398700e+00
   6.3638600e-03  -1.1692500e+00
   2.5773100e-01  -1.1428200e+00
   4.9689900e-01  -1.0620100e+00
   7.1206300e-01  -9.3106000e-01
   8.9273600e-01  -7.5679400e-01
   1.0303100e+00  -5.4820300e-01
   1.1184900e+00  -3.1595400e-01
   1.1536400e+00  -7.1789600e-02
   1.1349000e+00   1.7212200e-01
   1.0642100e+00   4.0385100e-01
   9.4613200e-01   6.1234900e-01
   7.8758300e-01   7.8802300e-01
   5.9736200e-01   9.2322200e-01
   3.8564700e-01   1.0126000e+00
   1.6339600e-01   1.0533200e+00
  -5.8270700e-02   1.0451800e+00
  -2.6867700e-01   9.9044000e-01
  -4.5815600e-01   8.9370500e-01
  -6.1853100e-01   7.6151900e-01
  -7.4349800e-01   6.0194500e-01
  -8.2888500e-01   4.2405600e-01
  -8.7277000e-01   2.3738900e-01
  -8.7547300e-01   5.1401200e-02
  -8.3941600e-01  -1.2504700e-01
  -7.6886400e-01  -2.8414100e-01
  -6.6957900e-01  -4.1947900e-01
  -5.4840200e-01  -5.2633300e-01
  -4.1280300e-01  -6.0179900e-01
  -2.7041800e-01  -6.4482500e-01
  -1.2860600e-01  -6.5613000e-01
   5.9371000e-03  -6.3801800e-01
   1.2750700e-01  -5.9412200e-01
   2.3162300e-01  -5.2907100e-01
   3.1517300e-01  -4.4813600e-01
   3.7646100e-01  -3.5686100e-01
   4.1515400e-01  -2.6071200e-01
   4.3215700e-01  -1.6476100e-01
   4.2941200e-01  -7.3430400e-02
   4.0965800e-01   9.6937300e-03
   3.7615600e-01   8.1976800e-02
   3.3241300e-01   1.4176800e-01
   2.8192500e-01   1.8836100e-01
   2.2794300e-01   2.2189500e-01
   1.7329900e-01   2.4320200e-01
   1.2027900e-01   2.5362300e-01
   7.0561200e-02   2.5480700e-01
   2.5212500e-02   2.4852300e-01
  -1.5258000e-02   2.3647300e-01
  -5.0804700e-02   2.2015600e-01
  -8.1717200e-02   2.0076400e-01
  -1.0847600e-01   1.7913100e-01
  -1.3160900e-01   1.5572600e-01
  -1.5155500e-01   1.3070000e-01
  -1.6856500e-01   1.0396500e-01
  -1.8262400e-01   7.5302400e-02
  -1.9343000e-01   4.4487300e-02
  -2.0040900e-01   1.1412900e-02
  -2.0277000e-01  -2.3796900e-02
  -1.9959900e-01  -6.0701400e-02
  -1.8998400e-01  -9.8489900e-02
  -1.7314100e-01  -1.3597200e-01
  -1.4855500e-01  -1.7160900e-01
  -1.1610100e-01  -2.0359500e-01
  -7.6138200e-02  -2.2996500e-01
  -2.9572000e-02  -2.4874500e-01
   2.2128200e-02  -2.5810500e-01
   7.6961000e-02  -2.5653500e-01
   1.3247300e-01  -2.4298900e-01
   1.8588300e-01  -2.1702600e-01
   2.3424000e-01  -1.7890000e-01
   2.7461500e-01  -1.2961500e-01
   3.0429400e-01  -7.0917800e-02
   3.2098100e-01  -5.2477300e-03
   3.2297200e-01   6.4376500e-02
   3.0930900e-01   1.3451100e-01
   2.7988200e-01   2.0148200e-01
   2.3548100e-01   2.6160300e-01
   1.7779400e-01   3.1140500e-01
   1.0933700e-01   3.4785900e-01
   3.3335400e-02   3.6858200e-01
  -4.6452500e-02   3.7200300e-01
  -1.2594400e-01   3.5748100e-01
  -2.0097000e-01   3.2536900e-01
  -2.6752800e-01   2.7701800e-01
  -3.2201500e-01   2.1470700e-01
  -3.6145900e-01   1.4152900e-01
  -3.8369500e-01   6.1212900e-02
  -3.8750100e-01  -2.2091900e-02
  -3.7267600e-01  -1.0405700e-01
  -3.4005200e-01  -1.8043000e-01
  -2.9144600e-01  -2.4728400e-01
  -2.2954600e-01  -3.0124600e-01
  -1.5775000e-01  -3.3969000e-01
  -7.9956500e-02  -3.6088400e-01
  -3.3500600e-04  -3.6407700e-01
   7.6925400e-02  -3.4952900e-01
   1.4785900e-01  -3.1847600e-01
   2.0895200e-01  -2.7303700e-01
   2.5733200e-01  -2.1606900e-01
   2.9092300e-01  -1.5098000e-01
   3.0854000e-01  -8.1512700e-02
   3.0993100e-01  -1.1517800e-02
   2.9575900e-01   5.5277300e-02
   2.6752400e-01   1.1548100e-01
   2.2745100e-01   1.6622400e-01
   1.7831900e-01   2.0530200e-01
   1.2327500e-01   2.3128100e-01
   6.5634800e-02   2.4353700e-01
   8.6733800e-03   2.4225800e-01
  -4.4563800e-02   2.2838700e-01
  -9.1429400e-02   2.0352300e-01
  -1.2980800e-01   1.6978600e-01
  -1.5820800e-01   1.2966400e-01
  -1.7581300e-01   8.5833200e-02
  -1.8248400e-01   4.0989900e-02
  -1.7871800e-01  -2.3149500e-03
  -1.6557300e-01  -4.1818500e-02
  -1.4456200e-01  -7.5661000e-02
  -1.1752200e-01  -1.0246600e-01
  -8.6476500e-02  -1.2138500e-01
  -5.3494300e-02  -1.3210100e-01
  -2.0558900e-02  -1.3480200e-01
   1.0546200e-02  -1.3011800e-01
   3.8328200e-02  -1.1904200e-01
   6.1647900e-02  -1.0282400e-01
   7.9752200e-02  -8.2871100e-02
   9.2277500e-02  -6.0633600e-02
   9.9224700e-02  -3.7510900e-02
   1.0091300e-01  -1.4766300e-02
   9.7913600e-02   6.5363100e-03
   9.0978100e-02   2.5574700e-02
   8.0956700e-02   4.1785800e-02
   6.8724700e-02   5.4861200e-02
   5.5115100e-02   6.4723600e-02
   4.0865600e-02   7.1486800e-02
   2.6582400e-02   7.5406200e-02
   1.2721100e-02   7.6823800e-02
  -4.1370800e-04   7.6115100e-02
  -1.2653600e-02   7.3640800e-02
  -2.3938300e-02   6.9709400e-02
  -3.4279700e-02   6.4552400e-02
  -4.3721400e-02   5.8314300e-02
  -5.2299200e-02   5.1056600e-02
  -6.0007800e-02   4.2775700e-02
  -6.6775800e-02   3.3430100e-02
  -7.2452400e-02   2.2975100e-02
  -7.6808100e-02   1.1400100e-02
  -7.9548300e-02  -1.2369700e-03
  -8.0338300e-02  -1.4779700e-02
  -7.8839100e-02  -2.8954500e-02
  -7.4747800e-02  -4.3363100e-02
  -6.7841000e-02  -5.7489100e-02
  -5.8015300e-02  -7.0718500e-02
  -4.5321400e-02  -8.2373100e-02
  -2.9987500e-02  -9.1753700e-02
  -1.2429900e-02  -9.8191600e-02
   6.7518100e-03  -1.0110100e-01
   2.6795200e-02  -1.0003200e-01
   4.6809600e-02  -9.4717300e-02
   6.5824400e-02  -8.5104800e-02
   8.2846300e-02  -7.1383600e-02
   9.6921900e-02  -5.3987900e-02
   1.0720200e-01  -3.3586400e-02
   1.1300100e-01  -1.1054700e-02
   1.1385100e-01   1.2569300e-02
   1.0953500e-01   3.6141200e-02
   1.0011800e-01   5.8476500e-02
   8.5947900e-02   7.8420900e-02
   6.7643200e-02   9.4921200e-02
   4.6064200e-02   1.0709100e-01
   2.2265300e-02   1.1426600e-01
  -2.5645400e-03   1.1604900e-01
  -2.7170700e-02   1.1233100e-01
  -5.0306400e-02   1.0330700e-01
  -7.0805300e-02   8.9457800e-02
  -8.7649600e-02   7.1524400e-02
  -1.0002800e-01   5.0463800e-02
  -1.0738200e-01   2.7390500e-02
  -1.0943200e-01   3.5096900e-03
  -1.0619000e-01  -1.9953500e-02
  -9.7953600e-02  -4.1825000e-02
  -8.5279700e-02  -6.1047500e-02
  -6.8946300e-02  -7.6738300e-02
  -4.9900900e-02  -8.8233600e-02
  -2.9199600e-02  -9.5118400e-02
  -7.9433700e-03  -9.7240600e-02
   1.2787000e-02  -9.4708100e-02
   3.1991400e-02  -8.7870000e-02
   4.8802900e-02  -7.7285200e-02
   6.2529900e-02  -6.3678300e-02
   7.2684700e-02  -4.7889500e-02
   7.8999000e-02  -3.0818900e-02
   8.1423800e-02  -1.3371800e-02
   8.0116800e-02   3.5931300e-03
   7.5418000e-02   1.9309600e-02
   6.7815000e-02   3.3139800e-02
   5.7903300e-02   4.4599600e-02
   4.6341600e-02   5.3373000e-02
   3.3808500e-02   5.9314100e-02
   2.0960400e-02   6.2438200e-02
   8.3962300e-03   6.2903900e-02
  -3.3718400e-03   6.0987100e-02
  -1.3938200e-02   5.7051200e-02
  -2.3014900e-02   5.1513100e-02
  -3.0433200e-02   4.4811300e-02
  -3.6137200e-02   3.7374900e-02
  -4.0170300e-02   2.9597600e-02
  -4.2656100e-02   2.1817300e-02
  -4.3776100e-02   1.4302900e-02
  -4.3746100e-02   7.2474500e-03
  -4.2792900e-02   7.6836900e-04
  -4.1133600e-02  -5.0861300e-03
  -3.8958200e-02  -1.0325900e-02
  -3.6417400e-02  -1.5004300e-02
  -3.3615400e-02  -1.9200900e-02
  -3.0607700e-02  -2.3005300e-02
  -2.7404100e-02  -2.6500100e-02
  -2.3976000e-02  -2.9747500e-02
  -2.0267500e-02  -3.2778600e-02
  -1.6207400e-02  -3.5586500e-02
  -1.1723600e-02  -3.8123800e-02
  -6.7567300e-03  -4.0304100e-02
  -1.2724800e-03  -4.2006800e-02
   4.7278100e-03  -4.3086000e-02
   1.1199600e-02  -4.3381100e-02
   1.8050500e-02  -4.2729200e-02
   2.5139400e-02  -4.0978800e-02
   3.2278500e-02  -3.8002100e-02
   3.9239000e-02  -3.3708000e-02
   4.5758900e-02  -2.8052500e-02
   5.1554000e-02  -2.1047500e-02
   5.6330000e-02  -1.2767000e-02
   5.9796300e-02  -3.3506600e-03
   6.1680500e-02   6.9956500e-03
   6.1742900e-02   1.8002100e-02
   5.9790900e-02   2.9340100e-02
   5.5692400e-02   4.0631200e-02
   4.9387700e-02   5.1457400e-02
   4.0899800e-02   6.1375400e-02
   3.0341900e-02   6.9932900e-02
   1.7922300e-02   7.6686400e-02
   3.9451600e-03   8.1221300e-02
  -1.1192100e-02   8.3172400e-02
  -2.7005900e-02   8.2245200e-02
  -4.2939000e-02   7.8235700e-02
  -5.8376700e-02   7.1049300e-02
  -7.2668300e-02   6.0715900e-02
  -8.5152700e-02   4.7401700e-02
  -9.5187600e-02   3.1415700e-02
  -1.0218100e-01   1.3209000e-02
  -1.0562200e-01  -6.6316600e-03
  -1.0511600e-01  -2.7398700e-02
  -1.0041100e-01  -4.8286400e-02
  -9.1424400e-02  -6.8420200e-02
  -7.8261200e-02  -8.6893600e-02
  -6.1224800e-02  -1.0280900e-01
  -4.0818200e-02  -1.1532400e-01
  -1.7734900e-02  -1.2369500e-01
   7.1615200e-03  -1.2732500e-01
   3.2868400e-02  -1.2580100e-01
   5.8285200e-02  -1.1892900e-01
   8.2262800e-02  -1.0675900e-01
   1.0365900e-01  -8.9595900e-02
   1.2139900e-01  -6.7998900e-02
   1.3453000e-01  -4.2768100e-02
   1.4228200e-01  -1.4914900e-02
   1.4411300e-01   1.4380300e-02
   1.3974800e-01   4.3821200e-02
   1.2920800e-01   7.2058800e-02
   1.1281200e-01   9.7759200e-02
   9.1180900e-02   1.1967500e-01
   6.5205900e-02   1.3671100e-01
   3.6014400e-02   1.4799100e-01
   4.9143600e-03   1.5290200e-01
  -2.6670600e-02   1.5114100e-01
  -5.7274500e-02   1.4272900e-01
  -8.5466100e-02   1.2801700e-01
  -1.0992500e-01   1.0767200e-01
  -1.2951400e-01   8.2644200e-02
  -1.4333800e-01   5.4114100e-02
  -1.5079400e-01   2.3432000e-02
  -1.5160200e-01  -7.9562900e-03
  -1.4581400e-01  -3.8587300e-02
  -1.3381300e-01  -6.7059100e-02
  -1.1628200e-01  -9.2106200e-02
  -9.4162800e-02  -1.1266500e-01
  -6.8597200e-02  -1.2792600e-01
  -4.0860400e-02  -1.3737000e-01
  -1.2285300e-02  -1.4079000e-01
   1.5812700e-02  -1.3828500e-01
   4.2207800e-02  -1.3024100e-01
   6.5827200e-02  -1.1730100e-01
   8.5802500e-02  -1.0030500e-01
   1.0150600e-01  -8.0236900e-02
   1.1256800e-01  -5.8155700e-02
   1.1887900e-01  -3.5127200e-02
   1.2057400e-01  -1.2162100e-02
   1.1799800e-01   9.8394599e-03
   1.1166400e-01   3.0130900e-02
   1.0220100e-01   4.8147800e-02
   9.0296300e-02   6.3520300e-02
   7.6639800e-02   7.6069300e-02
   6.1875700e-02   8.5787700e-02
   4.6559900e-02   9.2808699e-02
   3.1131500e-02   9.7364799e-02
   1.5898700e-02   9.9741599e-02
   1.0391200e-03   1.0023100e-01
  -1.3384300e-02   9.9085699e-02
  -2.7395600e-02   9.6487899e-02
  -4.1067900e-02   9.2521099e-02
  -5.4479400e-02   8.7162100e-02
  -6.7668800e-02   8.0285500e-02
  -8.0593200e-02   7.1683600e-02
  -9.3094399e-02   6.1100100e-02
  -1.0487700e-01   4.8274300e-02
  -1.1550100e-01   3.2992600e-02
  -1.2439300e-01   1.5141400e-02
  -1.3087100e-01  -5.2421100e-03
  -1.3418700e-01  -2.7927700e-02
  -1.3358900e-01  -5.2462400e-02
  -1.2837800e-01  -7.8157900e-02
  -1.1798700e-01  -1.0409700e-01
  -1.0204700e-01  -1.2916100e-01
  -8.0452300e-02  -1.5207800e-01
  -5.3407800e-02  -1.7148900e-01
  -2.1464300e-02  -1.8602800e-01
   1.4472100e-02  -1.9441600e-01
   5.3153900e-02  -1.9555100e-01
   9.3031799e-02  -1.8860700e-01
   1.3231900e-01  -1.7310700e-01
   1.6907700e-01  -1.4899700e-01
   2.0132200e-01  -1.1668400e-01
   2.2713500e-01  -7.7051900e-02
   2.4478800e-01  -3.1452400e-02
   2.5285300e-01   1.8342700e-02
   2.5031100e-01   7.0213300e-02
   2.3663900e-01   1.2179100e-01
   2.1186300e-01   1.7057900e-01
   1.7659600e-01   2.1408700e-01
   1.3202900e-01   2.4997200e-01
   7.9890500e-02   2.7617900e-01
   2.2377400e-02   2.9106300e-01
  -3.7951100e-02   2.9350100e-01
  -9.8300599e-02   2.8297200e-01
  -1.5578800e-01   2.5960000e-01
  -2.0759800e-01   2.2417500e-01
  -2.5113300e-01   1.7811600e-01
  -2.8416700e-01   1.2341500e-01
  -3.0496400e-01   6.2534600e-02
  -3.1238300e-01  -1.7130800e-03
  -3.0594700e-01  -6.6317200e-02
  -2.8586900e-01  -1.2822600e-01
  -2.5304800e-01  -1.8450800e-01
  -2.0902200e-01  -2.3251100e-01
  -1.5588300e-01  -2.6999700e-01
  -9.6164499e-02  -2.9526400e-01
  -3.2706200e-02  -3.0722600e-01
   3.1499200e-02  -3.0546400e-01
   9.3464499e-02  -2.9024000e-01
   1.5036300e-01  -2.6246600e-01
   1.9967200e-01  -2.2365000e-01
   2.3929400e-01  -1.7579400e-01
   2.6765200e-01  -1.2128600e-01
   2.8375500e-01  -6.2758800e-02
   2.8722600e-01  -2.9494500e-03
   2.7829500e-01   5.5442500e-02
   2.5776300e-01   1.0989000e-01
   2.2693200e-01   1.5815700e-01
   1.8751500e-01   1.9839300e-01
   1.4152800e-01   2.2920000e-01
   9.1171999e-02   2.4967700e-01
   3.8714300e-02   2.5942600e-01
  -1.3623500e-02   2.5853400e-01
  -6.3767800e-02   2.4753500e-01
  -1.0987600e-01   2.2733900e-01
  -1.5040000e-01   1.9916400e-01
  -1.8412300e-01   1.6444400e-01
  -2.1018200e-01   1.2474900e-01
  -2.2805800e-01   8.1699299e-02
  -2.3755600e-01   3.6893100e-02
  -2.3877100e-01  -8.1504799e-03
  -2.3203700e-01  -5.2037100e-02
  -2.1788300e-01  -9.3523999e-02
  -1.9698200e-01  -1.3153300e-01
  -1.7011000e-01  -1.6515000e-01
  -1.3810700e-01  -1.9361200e-01
  -1.0185800e-01  -2.1629400e-01
  -6.2276500e-02  -2.3268700e-01
  -2.0303000e-02  -2.4238300e-01
   2.3090700e-02  -2.4506500e-01
   6.6890900e-02  -2.4050800e-01
   1.1003100e-01  -2.2858000e-01
   1.5138300e-01  -2.0926900e-01
   1.8975800e-01  -1.8270500e-01
   2.2391400e-01  -1.4919200e-01
   2.5258000e-01  -1.0924700e-01
   2.7449500e-01  -6.3630000e-02
   2.8845600e-01  -1.3370200e-02
   2.9338300e-01   4.0223200e-02
   2.8839400e-01   9.5563599e-02
   2.7287700e-01   1.5081200e-01
   2.4656800e-01   2.0392400e-01
   2.0961700e-01   2.5271700e-01
   1.6264000e-01   2.9495900e-01
   1.0674600e-01   3.2847900e-01
   4.3548500e-02   3.5127900e-01
  -2.4865100e-02   3.6165900e-01
  -9.5987099e-02   3.5833800e-01
  -1.6697800e-01   3.4056200e-01
  -2.3478200e-01   3.0818900e-01
  -2.9626700e-01   2.6175500e-01
  -3.4838600e-01   2.0250000e-01
  -3.8833400e-01   1.3235500e-01
  -4.1372100e-01   5.3893300e-02
  -4.2272000e-01  -2.9762600e-02
  -4.1419900e-01  -1.1507000e-01
  -3.8782000e-01  -1.9822600e-01
  -3.4410200e-01  -2.7535700e-01
  -2.8443400e-01  -3.4271200e-01
  -2.1104600e-01  -3.9687000e-01
  -1.2692500e-01  -4.3493300e-01
  -3.5691700e-02  -4.5469700e-01
   5.8570200e-02  -4.5479600e-01
   1.5150900e-01  -4.3479900e-01
   2.3872800e-01  -3.9526300e-01
   3.1601500e-01  -3.3773100e-01
   3.7956500e-01  -2.6467600e-01
   4.2619400e-01  -1.7939000e-01
   4.5351600e-01  -8.5828699e-02
   4.6008100e-01   1.1586400e-02
   4.4546900e-01   1.0819200e-01
   4.1031900e-01   1.9932500e-01
   3.5631100e-01   2.8057000e-01
   2.8608200e-01   3.4799200e-01
   2.0309600e-01   3.9834300e-01
   1.1146200e-01   4.2924100e-01
   1.5720100e-02   4.3929200e-01
  -7.9396999e-02   4.2816200e-01
  -1.6921400e-01   3.9659400e-01
  -2.4935900e-01   3.4636200e-01
  -3.1598900e-01   2.8017300e-01
  -3.6598600e-01   2.0151300e-01
  -3.9711700e-01   1.1445900e-01
  -4.0813600e-01   2.3459600e-02
  -3.9883300e-01  -6.6908599e-02
  -3.7003400e-01  -1.5217700e-01
  -3.2353500e-01  -2.2821700e-01
  -2.6198700e-01  -2.9145200e-01
  -1.8874600e-01  -3.3902300e-01
  -1.0767500e-01  -3.6892900e-01
  -2.2933800e-02  -3.8010200e-01
   6.1241700e-02  -3.7243700e-01
   1.4076300e-01  -3.4677100e-01
   2.1189200e-01  -3.0480700e-01
   2.7142000e-01  -2.4900000e-01
   3.1681400e-01  -1.8240400e-01
   3.4631600e-01  -1.0849500e-01
   3.5900300e-01  -3.0975400e-02
   3.5479400e-01   4.6415300e-02
   3.3442300e-01   1.2009400e-01
   2.9935500e-01   1.8680200e-01
   2.5168400e-01   2.4374900e-01
   1.9399500e-01   2.8872700e-01
   1.2921000e-01   3.2018300e-01
   6.0432500e-02   3.3725500e-01
  -9.2181499e-03   3.3977400e-01
  -7.6749299e-02   3.2822600e-01
  -1.3942900e-01   3.0368400e-01
  -1.9489100e-01   2.6771800e-01
  -2.4122000e-01   2.2228900e-01
  -2.7699600e-01   1.6962900e-01
  -3.0132200e-01   1.1212200e-01
  -3.1381800e-01   5.2187700e-02
  -3.1458900e-01  -7.8236899e-03
  -3.0417800e-01  -6.5720699e-02
  -2.8350500e-01  -1.1954400e-01
  -2.5379200e-01  -1.6762100e-01
  -2.1648500e-01  -2.0859600e-01
  -1.7318400e-01  -2.4144800e-01
  -1.2557100e-01  -2.6549200e-01
  -7.5342799e-02  -2.8035900e-01
  -2.4166400e-02  -2.8598100e-01
   2.6369400e-02  -2.8255700e-01
   7.4783999e-02  -2.7052100e-01
   1.1972900e-01  -2.5051500e-01
   1.6000300e-01  -2.2335200e-01
   1.9456600e-01  -1.8999500e-01
   2.2254600e-01  -1.5153400e-01
   2.4324700e-01  -1.0915900e-01
   2.5615900e-01  -6.4146099e-02
   2.6096600e-01  -1.7838100e-02
   2.5755800e-01   2.8379500e-02
   2.4604300e-01   7.3100499e-02
   2.2675600e-01   1.1492900e-01
   2.0027200e-01   1.5251300e-01
   1.6740300e-01   1.8458700e-01
   1.2919600e-01   2.1001600e-01
   8.6920999e-02   2.2784300e-01
   4.2039500e-02   2.3734100e-01
  -3.8295200e-03   2.3805600e-01
  -4.8962900e-02   2.2984900e-01
  -9.1595499e-02   2.1292700e-01
  -1.2999200e-01   1.8785700e-01
  -1.6252700e-01   1.5557100e-01
  -1.8776400e-01   1.1734300e-01
  -2.0453500e-01   7.4757599e-02
  -2.1201300e-01   2.9648300e-02
  -2.0977000e-01  -1.5973100e-02
  -1.9781900e-01  -6.0007599e-02
  -1.7663500e-01  -1.0036800e-01
  -1.4715500e-01  -1.3508600e-01
  -1.1075000e-01  -1.6241500e-01
  -6.9168999e-02  -1.8093300e-01
  -2.4466500e-02  -1.8962500e-01
   2.1095100e-02  -1.8795500e-01
   6.5158299e-02  -1.7590500e-01
   1.0539200e-01  -1.5399900e-01
   1.3961600e-01  -1.2328500e-01
   1.6592500e-01  -8.5298299e-02
   1.8279300e-01  -4.1987500e-02
   1.8917100e-01   4.3781000e-03
   1.8454800e-01   5.1325100e-02
   1.6899700e-01   9.6305999e-02
   1.4317600e-01   1.3683600e-01
   1.0830500e-01   1.7063000e-01
   6.6109599e-02   1.9573000e-01
   1.8733400e-02   2.1061400e-01
  -3.1373900e-02   2.1428900e-01
  -8.1585299e-02   2.0634700e-01
  -1.2923800e-01   1.8699700e-01
  -1.7177600e-01   1.5705300e-01
  -2.0689400e-01   1.1790000e-01
  -2.3265500e-01   7.1419199e-02
  -2.4760400e-01   1.9886900e-02
  -2.5084400e-01  -3.4144600e-02
  -2.4208300e-01  -8.7985599e-02
  -2.2164900e-01  -1.3895300e-01
  -1.9047100e-01  -1.8451300e-01
  -1.5002600e-01  -2.2241600e-01
  -1.0225600e-01  -2.5081400e-01
  -4.9458000e-02  -2.6835200e-01
   5.8361299e-03  -2.7423700e-01
   6.1000799e-02  -2.6827000e-01
   1.1345400e-01  -2.5084700e-01
   1.6079400e-01  -2.2292700e-01
   2.0091800e-01  -1.8597100e-01
   2.3212600e-01  -1.4185200e-01
   2.5320100e-01  -9.2750599e-02
   2.6345800e-01  -4.1028800e-02
   2.6276000e-01   1.0895300e-02
   2.5151100e-01   6.0675999e-02
   2.3061500e-01   1.0615900e-01
   2.0140800e-01   1.4548400e-01
   1.6557300e-01   1.7717100e-01
   1.2503700e-01   2.0018000e-01
   8.1861799e-02   2.1394200e-01
   3.8128600e-02   2.1837000e-01
  -4.1698700e-03   2.1383300e-01
  -4.3227600e-02   2.0111600e-01
  -7.7508299e-02   1.8135500e-01
  -1.0580900e-01   1.5595500e-01
  -1.2730000e-01   1.2650100e-01
  -1.4154700e-01   9.4667199e-02
  -1.4850200e-01   6.2117499e-02
  -1.4848300e-01   3.0424400e-02
  -1.4212300e-01   9.9207099e-04
  -1.3032200e-01  -2.5003400e-02
  -1.1417000e-01  -4.6657200e-02
  -9.4879499e-02  -6.3359999e-02
  -7.3707999e-02  -7.4804099e-02
  -5.1891599e-02  -8.0971899e-02
  -3.0581400e-02  -8.2110199e-02
  -1.0791900e-02  -7.8691299e-02
   6.6365299e-03  -7.1365799e-02
   2.1063100e-02  -6.0911099e-02
   3.2057100e-02  -4.8177800e-02
   3.9395200e-02  -3.4039200e-02
   4.3048900e-02  -1.9345000e-02
   4.3161100e-02  -4.8835399e-03
   4.0018000e-02   8.6478699e-03
   3.4016100e-02   2.0662800e-02
   2.5629700e-02   3.0695800e-02
   1.5379000e-02   3.8404400e-02
   3.8027300e-03   4.3563900e-02
  -8.5645799e-03   4.6056100e-02
  -2.1209400e-02   4.5855600e-02
  -3.3649700e-02   4.3015000e-02
  -4.5441000e-02   3.7649700e-02
  -5.6176499e-02   2.9926200e-02
  -6.5485599e-02   2.0053000e-02
  -7.3030599e-02   8.2751799e-03
  -7.8503199e-02  -5.1266099e-03
  -8.1623899e-02  -1.9834500e-02
  -8.2143299e-02  -3.5489800e-02
  -7.9847799e-02  -5.1687999e-02
  -7.4569099e-02  -6.7975699e-02
  -6.6197699e-02  -8.3849699e-02
  -5.4698199e-02  -9.8759899e-02
  -4.0127200e-02  -1.1211800e-01
  -2.2649900e-02  -1.2331400e-01
  -2.5550000e-03  -1.3173100e-01
   1.9735600e-02  -1.3678000e-01
   4.3662600e-02  -1.3792500e-01
   6.8533199e-02  -1.3471900e-01
   9.3534699e-02  -1.2683900e-01
   1.1775600e-01  -1.1411600e-01
   1.4022100e-01  -9.6570999e-02
   1.5992500e-01  -7.4427799e-02
   1.7588700e-01  -4.8131499e-02
   1.8719500e-01  -1.8347900e-02
   1.9306100e-01   1.4047900e-02
   1.9287200e-01   4.7995299e-02
   1.8623300e-01   8.2285299e-02
   1.7300500e-01   1.1560800e-01
   1.5333300e-01   1.4661200e-01
   1.2765500e-01   1.7396400e-01
   9.6699399e-02   1.9642300e-01
   6.1466999e-02   2.1290100e-01
   2.3194700e-02   2.2252700e-01
  -1.6693500e-02   2.2470200e-01
  -5.6649399e-02   2.1913800e-01
  -9.5071899e-02   2.0588700e-01
  -1.3038500e-01   1.8535000e-01
  -1.6111500e-01   1.5826700e-01
  -1.8597000e-01   1.2569000e-01
  -2.0390600e-01   8.8940099e-02
  -2.1418500e-01   4.9545599e-02
  -2.1641600e-01   9.1689899e-03
  -2.1058400e-01  -3.0473900e-02
  -1.9704800e-01  -6.7699899e-02
  -1.7653300e-01  -1.0094400e-01
  -1.5009200e-01  -1.2883900e-01
  -1.1905200e-01  -1.5028600e-01
  -8.4949499e-02  -1.6451300e-01
  -4.9448399e-02  -1.7110900e-01
  -1.4254400e-02  -1.7005000e-01
   1.8974100e-02  -1.6169300e-01
   4.8712299e-02  -1.4675600e-01
   7.3648399e-02  -1.2628000e-01
   9.2750499e-02  -1.0156200e-01
   1.0531800e-01  -7.4093799e-02
   1.1101300e-01  -4.5468699e-02
   1.0987800e-01  -1.7301400e-02
   1.0232100e-01   8.8626899e-03
   8.9090299e-02   3.1630200e-02
   7.1229599e-02   4.9832899e-02
   5.0011999e-02   6.2587999e-02
   2.6867100e-02   6.9341799e-02
   3.2990600e-03   6.9893899e-02
  -1.9198500e-02   6.4401599e-02
  -3.9225100e-02   5.3364399e-02
  -5.5549799e-02   3.7590000e-02
  -6.7175999e-02   1.8142800e-02
  -7.3392699e-02  -3.7200400e-03
  -7.3808099e-02  -2.6622000e-02
  -6.8365099e-02  -4.9146199e-02
  -5.7337599e-02  -6.9914299e-02
  -4.1309000e-02  -8.7661599e-02
  -2.1133000e-02  -1.0130400e-01
   2.1182500e-03  -1.0999400e-01
   2.7217600e-02  -1.1315900e-01
   5.2852599e-02  -1.1052800e-01
   7.7697699e-02  -1.0213700e-01
   1.0048500e-01  -8.8320899e-02
   1.2007000e-01  -6.9684399e-02
   1.3548700e-01  -4.7064699e-02
   1.4599400e-01  -2.1479500e-02
   1.5110200e-01   5.9312099e-03
   1.5059100e-01   3.3968200e-02
   1.4451200e-01   6.1435699e-02
   1.3316800e-01   8.7201399e-02
   1.1709300e-01   1.1024900e-01
   9.7010599e-02   1.2972400e-01
   7.3786799e-02   1.4496500e-01
   4.8383099e-02   1.5552500e-01
   2.1802200e-02   1.6117800e-01
  -4.9621999e-03   1.6191800e-01
  -3.0972100e-02   1.5794000e-01
  -5.5384499e-02   1.4961300e-01
  -7.7482799e-02   1.3745500e-01
  -9.6698599e-02   1.2208800e-01
  -1.1262300e-01   1.0420100e-01
  -1.2500800e-01   8.4515299e-02
  -1.3375900e-01   6.3741799e-02
  -1.3892300e-01   4.2554299e-02
  -1.4066300e-01   2.1563300e-02
  -1.3923700e-01   1.2972100e-03
  -1.3497100e-01  -1.7807400e-02
  -1.2823400e-01  -3.5409600e-02
  -1.1941100e-01  -5.1261099e-02
  -1.0888700e-01  -6.5198499e-02
  -9.7031199e-02  -7.7130599e-02
  -8.4181299e-02  -8.7024899e-02
  -7.0643199e-02  -9.4892899e-02
  -5.6687899e-02  -1.0077600e-01
  -4.2554699e-02  -1.0473600e-01
  -2.8456600e-02  -1.0684200e-01
  -1.4587800e-02  -1.0717200e-01
  -1.1306400e-03  -1.0580600e-01
   1.1738400e-02  -1.0283100e-01
   2.3844700e-02  -9.8344199e-02
   3.5014400e-02  -9.2461499e-02
   4.5076999e-02  -8.5321099e-02
   5.3870599e-02  -7.7090599e-02
   6.1250599e-02  -6.7970299e-02
   6.7099799e-02  -5.8193999e-02
   7.1339799e-02  -4.8025299e-02
   7.3942399e-02  -3.7751000e-02
   7.4938199e-02  -2.7669100e-02
   7.4423199e-02  -1.8075200e-02
   7.2560499e-02  -9.2443699e-03
   6.9577799e-02  -1.4136700e-03
   6.5758699e-02   5.2362899e-03
   6.1428699e-02   1.0597200e-02
   5.6937199e-02   1.4645500e-02
   5.2634399e-02   1.7449800e-02
   4.8846499e-02   1.9172000e-02
   4.5850599e-02   2.0061800e-02
   4.3849699e-02   2.0443300e-02
   4.2952099e-02   2.0695700e-02
   4.3156099e-02   2.1227300e-02
   4.4340799e-02   2.2445300e-02
   4.6265699e-02   2.4723200e-02
   4.8579699e-02   2.8367400e-02
   5.0838199e-02   3.3586600e-02
   5.2529199e-02   4.0465199e-02
   5.3106699e-02   4.8944099e-02
   5.2029399e-02   5.8810099e-02
   4.8801999e-02   6.9695599e-02
   4.3017199e-02   8.1089999e-02
   3.4394500e-02   9.2361099e-02
   2.2813300e-02   1.0278800e-01
   8.3381199e-03   1.1160200e-01
  -8.7681599e-03   1.1803400e-01
  -2.8042300e-02   1.2136900e-01
  -4.8832999e-02   1.2099100e-01
  -7.0325899e-02   1.1643900e-01
  -9.1581599e-02   1.0744700e-01
  -1.1158400e-01   9.3972299e-02
  -1.2929900e-01   7.6220799e-02
  -1.4373200e-01   5.4648899e-02
  -1.5399400e-01   2.9954000e-02
  -1.5936000e-01   3.0477300e-03
  -1.5932200e-01  -2.4984600e-02
  -1.5363100e-01  -5.2938599e-02
  -1.4232200e-01  -7.9555299e-02
  -1.2573200e-01  -1.0359100e-01
  -1.0448500e-01  -1.2389100e-01
  -7.9474999e-02  -1.3946000e-01
  -5.1820599e-02  -1.4952500e-01
  -2.2808500e-02  -1.5358800e-01
   6.1759299e-03  -1.5146400e-01
   3.3725800e-02  -1.4330000e-01
   5.8494899e-02  -1.2957400e-01
   7.9277199e-02  -1.1107900e-01
   9.5081199e-02  -8.8878499e-02
   1.0519300e-01  -6.4250999e-02
   1.0922100e-01  -3.8618799e-02
   1.0713100e-01  -1.3465300e-02
   9.9245399e-02   9.7532899e-03
   8.6237099e-02   2.9695700e-02
   6.9088899e-02   4.5218399e-02
   4.9039999e-02   5.5448099e-02
   2.7513700e-02   5.9838599e-02
   6.0326799e-03   5.8209099e-02
  -1.3873100e-02   5.0760299e-02
  -3.0760600e-02   3.8068099e-02
  -4.3364199e-02   2.1052900e-02
  -5.0676399e-02   9.2888899e-04
  -5.2014599e-02  -2.0866700e-02
  -4.7067899e-02  -4.2758299e-02
  -3.5923299e-02  -6.3126399e-02
  -1.9067100e-02  -8.0406299e-02
   2.6378100e-03  -9.3184599e-02
   2.7997300e-02  -1.0028800e-01
   5.5551999e-02  -1.0085600e-01
   8.3660199e-02  -9.4403999e-02
   1.1059200e-01  -8.0851599e-02
   1.3463100e-01  -6.0538899e-02
   1.5417200e-01  -3.4212199e-02
   1.6781900e-01  -2.9863900e-03
   1.7446600e-01   3.1713100e-02
   1.7336600e-01   6.8227899e-02
   1.6417300e-01   1.0475700e-01
   1.4696900e-01   1.3945700e-01
   1.2226000e-01   1.7054200e-01
   9.0949199e-02   1.9638300e-01
   5.4293999e-02   2.1559300e-01
   1.3833300e-02   2.2710800e-01
  -2.8692700e-02   2.3023500e-01
  -7.1435999e-02   2.2469200e-01
  -1.1253800e-01   2.1061500e-01
  -1.5022500e-01   1.8855000e-01
  -1.8290000e-01   1.5941400e-01
  -2.0922000e-01   1.2444500e-01
  -2.2815700e-01   8.5131299e-02
  -2.3904400e-01   4.3128099e-02
  -2.4159600e-01   1.7261900e-04
  -2.3591000e-01  -4.2006599e-02
  -2.2245000e-01  -8.1774199e-02
  -2.0200600e-01  -1.1766500e-01
  -1.7564100e-01  -1.4844700e-01
  -1.4462500e-01  -1.7317100e-01
  -1.1036300e-01  -1.9120000e-01
  -7.4320399e-02  -2.0222100e-01
  -3.7946099e-02  -2.0624300e-01
  -2.6061700e-03  -2.0356900e-01
   3.0475700e-02  -1.9476400e-01
   6.0265099e-02  -1.8060700e-01
   8.5949799e-02  -1.6203500e-01
   1.0695800e-01  -1.4008300e-01
   1.2296200e-01  -1.1583200e-01
   1.3386900e-01  -9.0348399e-02
   1.3980000e-01  -6.4637799e-02
   1.4105700e-01  -3.9607799e-02
   1.3809100e-01  -1.6037000e-02
   1.3146300e-01   5.4421999e-03
   1.2179800e-01   2.4351500e-02
   1.0975700e-01   4.0364599e-02
   9.5998198e-02   5.3297599e-02
   8.1153499e-02   6.3092999e-02
   6.5808699e-02   6.9800099e-02
   5.0490899e-02   7.3553899e-02
   3.5662799e-02   7.4555399e-02
   2.1722300e-02   7.3052499e-02
   9.0061399e-03   6.9326399e-02
  -2.2041500e-03   6.3680699e-02
  -1.1676000e-02   5.6435899e-02
  -1.9220200e-02   4.7926699e-02
  -2.4687900e-02   3.8502999e-02
  -2.7970900e-02   2.8532200e-02
  -2.9004900e-02   1.8400600e-02
  -2.7777100e-02   8.5145999e-03
  -2.4335000e-02  -7.0231499e-04
  -1.8798300e-02  -8.8163199e-03
  -1.1368400e-02  -1.5394800e-02
  -2.3379900e-03  -2.0022900e-02
   7.9050399e-03  -2.2324600e-02
   1.8877900e-02  -2.1987000e-02
   3.0011000e-02  -1.8786400e-02
   4.0662799e-02  -1.2614200e-02
   5.0143499e-02  -3.4999399e-03
   5.7745399e-02   8.3702199e-03
   6.2779499e-02   2.2642800e-02
   6.4616399e-02   3.8794899e-02
   6.2729599e-02   5.6143399e-02
   5.6736499e-02   7.3864199e-02
   4.6436999e-02   9.1024198e-02
   3.1843299e-02   1.0662200e-01
   1.3201100e-02   1.1963800e-01
  -9.0020299e-03   1.2909100e-01
  -3.4042299e-02   1.3409700e-01
  -6.0979799e-02   1.3392400e-01
  -8.8692999e-02   1.2804900e-01
  -1.1592700e-01   1.1620400e-01
  -1.4135400e-01   9.8404198e-02
  -1.6363900e-01   7.4971699e-02
  -1.8151300e-01   4.6535299e-02
  -1.9384700e-01   1.4015400e-02
  -1.9971900e-01  -2.1408700e-02
  -1.9847500e-01  -5.8349099e-02
  -1.8977600e-01  -9.5272798e-02
  -1.7363300e-01  -1.3057700e-01
  -1.5041400e-01  -1.6267000e-01
  -1.2084400e-01  -1.9005700e-01
  -8.5977499e-02  -2.1142100e-01
  -4.7147799e-02  -2.2569500e-01
  -5.9104899e-03  -2.3212600e-01
   3.6036399e-02  -2.3032100e-01
   7.6936999e-02  -2.2027100e-01
   1.1506900e-01  -2.0235900e-01
   1.4883100e-01  -1.7734400e-01
   1.7683100e-01  -1.4632200e-01
   1.9795400e-01  -1.1067100e-01
   2.1142500e-01  -7.1979899e-02
   2.1684300e-01  -3.1962699e-02
   2.1420500e-01   7.6312899e-03
   2.0389500e-01   4.5109799e-02
   1.8666500e-01   7.8926499e-02
   1.6358200e-01   1.0776100e-01
   1.3597000e-01   1.3058300e-01
   1.0533200e-01   1.4670400e-01
   7.3258499e-02   1.5580300e-01
   4.1345799e-02   1.5793500e-01
   1.1102600e-02   1.5351300e-01
  -1.6128900e-02   1.4327700e-01
  -3.9242599e-02   1.2823900e-01
  -5.7421999e-02   1.0961300e-01
  -7.0174999e-02   8.8741598e-02
  -7.7349299e-02   6.7008099e-02
  -7.9125999e-02   4.5757099e-02
  -7.5993899e-02   2.6215500e-02
  -6.8706199e-02   9.4243698e-03
  -5.8222699e-02  -3.8153399e-03
  -4.5641099e-02  -1.2980300e-02
  -3.2122599e-02  -1.7844000e-02
  -1.8816300e-02  -1.8477200e-02
  -6.7875899e-03  -1.5229000e-02
   3.0458999e-03  -8.6916398e-03
   9.9660598e-03   3.4830499e-04
   1.3491500e-02   1.0969700e-02
   1.3398000e-02   2.2182400e-02
   9.7217898e-03   3.2994399e-02
   2.7459800e-03   4.2476899e-02
  -7.0286099e-03   4.9821199e-02
  -1.8925200e-02   5.4387099e-02
  -3.2142399e-02   5.5736699e-02
  -4.5811599e-02   5.3654399e-02
  -5.9055599e-02   4.8150999e-02
  -7.1045599e-02   3.9452999e-02
  -8.1052099e-02   2.7978299e-02
  -8.8485898e-02   1.4300300e-02
  -9.2929298e-02  -8.9601698e-04
  -9.4152498e-02  -1.6863800e-02
  -9.2117698e-02  -3.2844499e-02
  -8.6969498e-02  -4.8116199e-02
  -7.9013899e-02  -6.2036899e-02
  -6.8687299e-02  -7.4078999e-02
  -5.6518599e-02  -8.3853798e-02
  -4.3087999e-02  -9.1124398e-02
  -2.8984499e-02  -9.5807398e-02
  -1.4766300e-02  -9.7962798e-02
  -9.2681898e-04  -9.7774298e-02
   1.2131800e-02  -9.5521898e-02
   2.4115900e-02  -9.1549398e-02
   3.4847299e-02  -8.6229498e-02
   4.4259999e-02  -7.9929699e-02
   5.2387499e-02  -7.2981199e-02
   5.9342599e-02  -6.5654399e-02
   6.5290999e-02  -5.8140999e-02
   7.0422099e-02  -5.0546399e-02
   7.4918899e-02  -4.2889799e-02
   7.8930199e-02  -3.5114899e-02
   8.2547998e-02  -2.7106999e-02
   8.5790598e-02  -1.8717200e-02
   8.8594798e-02  -9.7898798e-03
   9.0816298e-02  -1.9185200e-04
   9.2239998e-02   1.0160000e-02
   9.2597598e-02   2.1275200e-02
   9.1592098e-02   3.3071699e-02
   8.8927598e-02   4.5366899e-02
   8.4341098e-02   5.7876699e-02
   7.7633199e-02   7.0224699e-02
   6.8697199e-02   8.1959798e-02
   5.7540699e-02   9.2582898e-02
   4.4301399e-02   1.0157800e-01
   2.9251699e-02   1.0845100e-01
   1.2794800e-02   1.1276100e-01
  -4.5508099e-03   1.1416200e-01
  -2.2175800e-02   1.1243200e-01
  -3.9412399e-02   1.0749500e-01
  -5.5573599e-02   9.9434498e-02
  -6.9994699e-02   8.8503098e-02
  -8.2076398e-02   7.5109599e-02
  -9.1324198e-02   5.9803099e-02
  -9.7383098e-02   4.3243399e-02
  -1.0006300e-01   2.6163799e-02
  -9.9356598e-02   9.3278798e-03
  -9.5439498e-02  -6.5176999e-03
  -8.8665898e-02  -2.0689600e-02
  -7.9546298e-02  -3.2611799e-02
  -6.8716499e-02  -4.1852399e-02
  -5.6897699e-02  -4.8152499e-02
  -4.4849899e-02  -5.1442999e-02
  -3.3321899e-02  -5.1849199e-02
  -2.3001500e-02  -4.9682599e-02
  -1.4469400e-02  -4.5419099e-02
  -8.1597498e-03  -3.9666999e-02
  -4.3300599e-03  -3.3124299e-02
  -3.0432799e-03  -2.6530299e-02
  -4.1627899e-03  -2.0613700e-02
  -7.3611499e-03  -1.6040200e-02
  -1.2142200e-02  -1.3364500e-02
  -1.7875100e-02  -1.2989600e-02
  -2.3837700e-02  -1.5135000e-02
  -2.9267799e-02  -1.9818400e-02
  -3.3416599e-02  -2.6850099e-02
  -3.5602999e-02  -3.5842599e-02
  -3.5263399e-02  -4.6232499e-02
  -3.1994999e-02  -5.7316099e-02
  -2.5587899e-02  -6.8294699e-02
  -1.6045400e-02  -7.8326498e-02
  -3.5897099e-03  -8.6582898e-02
   1.1346400e-02  -9.2304398e-02
   2.8142399e-02  -9.4852498e-02
   4.6025299e-02  -9.3755098e-02
   6.4115599e-02  -8.8740798e-02
   8.1480498e-02  -7.9760598e-02
   9.7190998e-02  -6.6995999e-02
   1.1038000e-01  -5.0851599e-02
   1.2029400e-01  -3.1933999e-02
   1.2634500e-01  -1.1017500e-02
   1.2813900e-01   1.1001100e-02
   1.2551000e-01   3.3154699e-02
   1.1852100e-01   5.4463199e-02
   1.0746500e-01   7.3990998e-02
   9.2846298e-02   9.0900898e-02
   7.5344198e-02   1.0450200e-01
   5.5775899e-02   1.1428800e-01
   3.5043599e-02   1.1996200e-01
   1.4080600e-02   1.2144900e-01
  -6.2045899e-03   1.1889400e-01
  -2.4980199e-02   1.1264800e-01
  -4.1537899e-02   1.0323700e-01
  -5.5330199e-02   9.1324698e-02
  -6.5995999e-02   7.7665298e-02
  -7.3373298e-02   6.3054399e-02
  -7.7499098e-02   4.8276499e-02
  -7.8595398e-02   3.4056199e-02
  -7.7044198e-02   2.1015300e-02
  -7.3352098e-02   9.6386798e-03
  -6.8108399e-02   2.5026299e-04
  -6.1938899e-02  -6.9981099e-03
  -5.5459199e-02  -1.2125800e-02
  -4.9231199e-02  -1.5310100e-02
  -4.3724399e-02  -1.6862400e-02
  -3.9286499e-02  -1.7195500e-02
  -3.6123599e-02  -1.6784600e-02
  -3.4292099e-02  -1.6125400e-02
  -3.3701999e-02  -1.5691700e-02
  -3.4131699e-02  -1.5897100e-02
  -3.5252199e-02  -1.7061600e-02
  -3.6659099e-02  -1.9387000e-02
  -3.7909699e-02  -2.2942300e-02
  -3.8562499e-02  -2.7659399e-02
  -3.8215299e-02  -3.3340799e-02
  -3.6540499e-02  -3.9676299e-02
  -3.3312899e-02  -4.6269299e-02
  -2.8429999e-02  -5.2669299e-02
  -2.1921700e-02  -5.8408899e-02
  -1.3950200e-02  -6.3041299e-02
  -4.7985799e-03  -6.6176599e-02
   5.1493399e-03  -6.7513399e-02
   1.5437400e-02  -6.6862999e-02
   2.5570999e-02  -6.4165999e-02
   3.5054199e-02  -5.9497399e-02
   4.3426699e-02  -5.3062499e-02
   5.0298299e-02  -4.5181999e-02
   5.5377999e-02  -3.6268599e-02
   5.8495499e-02  -2.6796499e-02
   5.9613399e-02  -1.7265600e-02
   5.8829399e-02  -8.1645298e-03
   5.6367699e-02   6.6436499e-05
   5.2561399e-02   7.0681898e-03
   4.7825299e-02   1.2589700e-02
   4.2623399e-02   1.6506800e-02
   3.7431599e-02   1.8830600e-02
   3.2699499e-02   1.9706500e-02
   2.8814099e-02   1.9401400e-02
   2.6067699e-02   1.8282600e-02
   2.4632999e-02   1.6787300e-02
   2.4547299e-02   1.5387400e-02
   2.5706599e-02   1.4549900e-02
   2.7870899e-02   1.4697700e-02
   3.0680399e-02   1.6172500e-02
   3.3680999e-02   1.9203000e-02
   3.6357599e-02   2.3881799e-02
   3.8173699e-02   3.0150799e-02
   3.8612799e-02   3.7798199e-02
   3.7220799e-02   4.6467099e-02
   3.3643899e-02   5.5674899e-02
   2.7660999e-02   6.4842199e-02
   1.9208200e-02   7.3330298e-02
   8.3913298e-03   8.0483698e-02
  -4.5118199e-03   8.5675398e-02
  -1.9061600e-02   8.8351298e-02
  -3.4678299e-02   8.8071598e-02
  -5.0673699e-02   8.4544298e-02
  -6.6290998e-02   7.7651398e-02
  -8.0750498e-02   6.7462498e-02
  -9.3297398e-02   5.4237299e-02
  -1.0324900e-01   3.8415499e-02
  -1.1003800e-01   2.0594700e-02
  -1.1325100e-01   1.4980200e-03
  -1.1265300e-01  -1.8066800e-02
  -1.0820500e-01  -3.7254099e-02
  -1.0006800e-01  -5.5229399e-02
  -8.8596098e-02  -7.1218498e-02
  -7.4312498e-02  -8.4552098e-02
  -5.7880399e-02  -9.4704598e-02
  -4.0062899e-02  -1.0132300e-01
  -2.1676699e-02  -1.0424600e-01
  -3.5440499e-03  -1.0350800e-01
   1.3556100e-02  -9.9333298e-02
   2.8932299e-02  -9.2120098e-02
   4.2019599e-02  -8.2408098e-02
   5.2408699e-02  -7.0843398e-02
   5.9864999e-02  -5.8133999e-02
   6.4335299e-02  -4.5004599e-02
   6.5943498e-02  -3.2149799e-02
   6.4973598e-02  -2.0191900e-02
   6.1843499e-02  -9.6444698e-03
   5.7070399e-02  -8.8402698e-04
   5.1230299e-02   5.8674699e-03
   4.4915399e-02   1.0549400e-02
   3.8691599e-02   1.3257300e-02
   3.3059099e-02   1.4227900e-02
   2.8419399e-02   1.3813100e-02
   2.5050399e-02   1.2448000e-02
   2.3090799e-02   1.0613100e-02
   2.2536299e-02   8.7944698e-03
   2.3245399e-02   7.4448498e-03
   2.4956099e-02   6.9480698e-03
   2.7310799e-02   7.5897398e-03
   2.9888299e-02   9.5359498e-03
   3.2239999e-02   1.2821700e-02
   3.3927199e-02   1.7349200e-02
   3.4557599e-02   2.2897299e-02
   3.3817499e-02   2.9139299e-02
   3.1497799e-02   3.5669199e-02
   2.7511499e-02   4.2034499e-02
   2.1901699e-02   4.7771099e-02
   1.4840400e-02   5.2440299e-02
   6.6155498e-03   5.5662999e-02
  -2.3884499e-03   5.7149699e-02
  -1.1719600e-02   5.6723299e-02
  -2.0891099e-02   5.4333999e-02
  -2.9417499e-02   5.0064099e-02
  -3.6850599e-02   4.4122699e-02
  -4.2812699e-02   3.6831599e-02
  -4.7024499e-02   2.8601799e-02
  -4.9326199e-02   1.9903400e-02
  -4.9689199e-02   1.1231700e-02
  -4.8218099e-02   3.0699499e-03
  -4.5142699e-02  -4.1459399e-03
  -4.0801099e-02  -1.0060200e-02
  -3.5613399e-02  -1.4423600e-02
  -3.0050299e-02  -1.7112200e-02
  -2.4596499e-02  -1.8137200e-02
  -1.9713800e-02  -1.7643700e-02
  -1.5804700e-02  -1.5900200e-02
  -1.3180500e-02  -1.3278400e-02
  -1.2035700e-02  -1.0224900e-02
  -1.2431200e-02  -7.2266898e-03
  -1.4286500e-02  -4.7732199e-03
  -1.7383500e-02  -3.3176799e-03
  -2.1379299e-02  -3.2399299e-03
  -2.5830399e-02  -4.8143999e-03
  -3.0222899e-02  -8.1848598e-03
  -3.4009999e-02  -1.3348400e-02
  -3.6652699e-02  -2.0149599e-02
  -3.7660299e-02  -2.8285699e-02
  -3.6629099e-02  -3.7322599e-02
  -3.3275899e-02  -4.6720399e-02
  -2.7463599e-02  -5.5867299e-02
  -1.9217500e-02  -6.4119598e-02
  -8.7306898e-03  -7.0844798e-02
   3.6420799e-03  -7.5464598e-02
   1.7401300e-02  -7.7496198e-02
   3.1930199e-02  -7.6587598e-02
   4.6530299e-02  -7.2544398e-02
   6.0463198e-02  -6.5348198e-02
   7.2995998e-02  -5.5161999e-02
   8.3446698e-02  -4.2325699e-02
   9.1227198e-02  -2.7338499e-02
   9.5880898e-02  -1.0831800e-02
   9.7111998e-02   6.4664698e-03
   9.4805098e-02   2.3774799e-02
   8.9033098e-02   4.0303799e-02
   8.0054098e-02   5.5302499e-02
   6.8295498e-02   6.8103398e-02
   5.4328799e-02   7.8160298e-02
   3.8834399e-02   8.5080298e-02
   2.2560299e-02   8.8644198e-02
   6.2775298e-03   8.8817398e-02
  -9.2662198e-03   8.5747698e-02
  -2.3390299e-02   7.9752898e-02
  -3.5519799e-02   7.1296898e-02
  -4.5217099e-02   6.0957598e-02
  -5.2203599e-02   4.9387999e-02
  -5.6371199e-02   3.7273799e-02
  -5.7782099e-02   2.5289299e-02
  -5.6657799e-02   1.4055900e-02
  -5.3358299e-02   4.1050799e-03
  -4.8351899e-02  -4.1519799e-03
  -4.2180299e-02  -1.0445300e-02
  -3.5418199e-02  -1.4657100e-02
  -2.8633099e-02  -1.6822400e-02
  -2.2346899e-02  -1.7118600e-02
  -1.7001400e-02  -1.5846200e-02
  -1.2931100e-02  -1.3401600e-02
  -1.0344000e-02  -1.0243500e-02
  -9.3123598e-03  -6.8566698e-03
  -9.7728897e-03  -3.7149399e-03
  -1.1537400e-02  -1.2458000e-03
  -1.4311300e-02   2.0016199e-04
  -1.7720300e-02   3.7353799e-04
  -2.1341099e-02  -8.5780198e-04
  -2.4735499e-02  -3.5016299e-03
  -2.7484599e-02  -7.4436498e-03
  -2.9220699e-02  -1.2458800e-02
  -2.9654599e-02  -1.8230200e-02
  -2.8596399e-02  -2.4375299e-02
  -2.5968899e-02  -3.0474999e-02
  -2.1811599e-02  -3.6106499e-02
  -1.6276400e-02  -4.0874299e-02
  -9.6154397e-03  -4.4439399e-02
  -2.1605399e-03  -4.6543399e-02
   5.7016598e-03  -4.7026599e-02
   1.3558900e-02  -4.5837599e-02
   2.1003499e-02  -4.3035099e-02
   2.7661799e-02  -3.8781699e-02
   3.3220299e-02  -3.3329499e-02
   3.7446699e-02  -2.6999499e-02
   4.0204799e-02  -2.0156799e-02
   4.1460899e-02  -1.3181600e-02
   4.1283399e-02  -6.4414698e-03
   3.9833499e-02  -2.6377399e-04
   3.7349799e-02   5.0874699e-03
   3.4126499e-02   9.4295097e-03
   3.0488499e-02   1.2672100e-02
   2.6763399e-02   1.4820900e-02
   2.3255199e-02   1.5973700e-02
   2.0218799e-02   1.6308700e-02
   1.7840400e-02   1.6066600e-02
   1.6222300e-02   1.5528100e-02
   1.5375600e-02   1.4987800e-02
   1.5220400e-02   1.4727000e-02
   1.5593200e-02   1.4988300e-02
   1.6261900e-02   1.5952700e-02
   1.6945700e-02   1.7721600e-02
   1.7340500e-02   2.0305799e-02
   1.7145600e-02   2.3621199e-02
   1.6091300e-02   2.7492799e-02
   1.3964000e-02   3.1665999e-02
   1.0627900e-02   3.5824799e-02
   6.0406898e-03   3.9614899e-02
   2.6214799e-04   4.2671599e-02
  -6.5446798e-03   4.4647999e-02
  -1.4120700e-02   4.5244099e-02
  -2.2125399e-02   4.4232099e-02
  -3.0158199e-02   4.1477399e-02
  -3.7785299e-02   3.6953299e-02
  -4.4569099e-02   3.0747999e-02
  -5.0099199e-02   2.3063399e-02
  -5.4022698e-02   1.4205300e-02
  -5.6070198e-02   4.5661999e-03
  -5.6077198e-02  -5.3987598e-03
  -5.3997998e-02  -1.5200900e-02
  -4.9912099e-02  -2.4349999e-02
  -4.4021299e-02  -3.2387199e-02
  -3.6638099e-02  -3.8916199e-02
  -2.8167099e-02  -4.3630299e-02
  -1.9078299e-02  -4.6334299e-02
  -9.8767997e-03  -4.6958099e-02
  -1.0688100e-03  -4.5562099e-02
   6.8724398e-03  -4.2333999e-02
   1.3538800e-02  -3.7575599e-02
   1.8614899e-02  -3.1682599e-02
   2.1900099e-02  -2.5117299e-02
   2.3321899e-02  -1.8376099e-02
   2.2940699e-02  -1.1954800e-02
   2.0945399e-02  -6.3135198e-03
   1.7639799e-02  -1.8442299e-03
   1.3420700e-02   1.1576600e-03
   8.7490197e-03   2.5146799e-03
   4.1169999e-03   2.1805599e-03
   1.1936400e-05   2.4432399e-04
  -3.1194899e-03  -3.0752099e-03
  -4.9044999e-03  -7.4441698e-03
  -5.0725899e-03  -1.2436800e-02
  -3.4770299e-03  -1.7565099e-02
  -1.0778000e-04  -2.2313899e-02
   4.9049599e-03  -2.6177099e-02
   1.1297100e-02  -2.8695299e-02
   1.8686299e-02  -2.9489399e-02
   2.6596399e-02  -2.8289599e-02
   3.4488199e-02  -2.4957699e-02
   4.1795499e-02  -1.9499499e-02
   4.7963199e-02  -1.2069100e-02
   5.2485498e-02  -2.9616099e-03
   5.4941098e-02   7.4024798e-03
   5.5023198e-02   1.8502399e-02
   5.2562098e-02   2.9748799e-02
   4.7539799e-02   4.0520399e-02
   4.0093599e-02   5.0203199e-02
   3.0510599e-02   5.8229798e-02
   1.9211699e-02   6.4115498e-02
   6.7272198e-03   6.7489598e-02
  -6.3344498e-03   6.8120098e-02
  -1.9323899e-02   6.5928098e-02
  -3.1589799e-02   6.0994498e-02
  -4.2518699e-02   5.3554698e-02
  -5.1571898e-02   4.3984799e-02
  -5.8317698e-02   3.2778299e-02
  -6.2456598e-02   2.0515999e-02
  -6.3838398e-02   7.8303998e-03
  -6.2469298e-02  -4.6331199e-03
  -5.8509498e-02  -1.6254700e-02
  -5.2260698e-02  -2.6477199e-02
  -4.4145499e-02  -3.4837999e-02
  -3.4679299e-02  -4.0995199e-02
  -2.4436799e-02  -4.4745499e-02
  -1.4015400e-02  -4.6032299e-02
  -3.9983299e-03  -4.4945599e-02
   5.0808598e-03  -4.1711699e-02
   1.2769600e-02  -3.6674599e-02
   1.8721599e-02  -3.0270899e-02
   2.2714799e-02  -2.2999199e-02
   2.4660699e-02  -1.5386200e-02
   2.4604599e-02  -7.9521798e-03
   2.2717999e-02  -1.1782000e-03
   1.9281799e-02   4.5233999e-03
   1.4664200e-02   8.8329197e-03
   9.2925597e-03   1.1540300e-02
   3.6230899e-03   1.2554200e-02
  -1.8905899e-03   1.1903400e-02
  -6.8275298e-03   9.7292697e-03
  -1.0826200e-02   6.2717598e-03
  -1.3606100e-02   1.8491099e-03
  -1.4983500e-02  -3.1670999e-03
  -1.4879300e-02  -8.3793397e-03
  -1.3320000e-02  -1.3392300e-02
  -1.0431300e-02  -1.7839499e-02
  -6.4249598e-03  -2.1407399e-02
  -1.5805700e-03  -2.3853899e-02
   3.7769199e-03  -2.5021799e-02
   9.3015997e-03  -2.4845599e-02
   1.4651400e-02  -2.3351299e-02
   1.9511499e-02  -2.0649899e-02
   2.3614499e-02  -1.6924899e-02
   2.6756799e-02  -1.2416000e-02
   2.8808499e-02  -7.3981198e-03
   2.9718099e-02  -2.1605999e-03
   2.9511199e-02   3.0150399e-03
   2.8282999e-02   7.8746898e-03
   2.6186399e-02   1.2208400e-02
   2.3415699e-02   1.5862900e-02
   2.0188299e-02   1.8748399e-02
   1.6725699e-02   2.0840999e-02
   1.3234600e-02   2.2178299e-02
   9.8907897e-03   2.2850899e-02
   6.8259798e-03   2.2989799e-02
   4.1194299e-03   2.2750199e-02
   1.7943799e-03   2.2294299e-02
  -1.8015399e-04   2.1773899e-02
  -1.8826799e-03   2.1314399e-02
  -3.4280599e-03   2.1001499e-02
  -4.9530298e-03   2.0871899e-02
  -6.5994998e-03   2.0908799e-02
  -8.4972397e-03   2.1042199e-02
  -1.0747300e-02   2.1154799e-02
  -1.3407600e-02   2.1092399e-02
  -1.6482499e-02   2.0678199e-02
  -1.9915799e-02   1.9729999e-02
  -2.3590399e-02   1.8078799e-02
  -2.7332499e-02   1.5587300e-02
  -3.0920899e-02   1.2166700e-02
  -3.4101799e-02   7.7910498e-03
  -3.6606999e-02   2.5059499e-03
  -3.8173999e-02  -3.5666099e-03
  -3.8567899e-02  -1.0230100e-02
  -3.7601799e-02  -1.7220899e-02
  -3.5155599e-02  -2.4221699e-02
  -3.1190299e-02  -3.0879399e-02
  -2.5757499e-02  -3.6827099e-02
  -1.9002899e-02  -4.1707999e-02
  -1.1163500e-02  -4.5200599e-02
  -2.5571799e-03  -4.7042098e-02
   6.4321198e-03  -4.7049098e-02
   1.5376200e-02  -4.5134299e-02
   2.3827299e-02  -4.1316499e-02
   3.1345599e-02  -3.5724899e-02
   3.7527299e-02  -2.8595599e-02
   4.2030999e-02  -2.0260999e-02
   4.4601599e-02  -1.1132900e-02
   4.5088599e-02  -1.6788899e-03
   4.3458399e-02   7.6043998e-03
   3.9799799e-02   1.6221499e-02
   3.4320799e-02   2.3708799e-02
   2.7338799e-02   2.9663599e-02
   1.9262199e-02   3.3770399e-02
   1.0567300e-02   3.5821699e-02
   1.7693099e-03   3.5732399e-02
  -6.6094298e-03   3.3546699e-02
  -1.4071600e-02   2.9436399e-02
  -2.0176399e-02   2.3691399e-02
  -2.4567599e-02   1.6702799e-02
  -2.6996499e-02   8.9383597e-03
  -2.7338399e-02   9.1382697e-04
  -2.5600799e-02  -6.8395998e-03
  -2.1923499e-02  -1.3808900e-02
  -1.6570299e-02  -1.9531799e-02
  -9.9126897e-03  -2.3626499e-02
  -2.4059199e-03  -2.5816199e-02
   5.4393998e-03  -2.5946699e-02
   1.3090100e-02  -2.3996899e-02
   2.0024299e-02  -2.0080199e-02
   2.5765199e-02  -1.4436900e-02
   2.9910999e-02  -7.4196698e-03
   3.2160999e-02   5.2953898e-04
   3.2334799e-02   8.9075197e-03
   3.0383099e-02   1.7181999e-02
   2.6391199e-02   2.4825299e-02
   2.0573199e-02   3.1348399e-02
   1.3257400e-02   3.6331199e-02
   4.8660198e-03   3.9449099e-02
  -4.1129499e-03   4.0492899e-02
  -1.3156300e-02   3.9381299e-02
  -2.1738799e-02   3.6164799e-02
  -2.9366799e-02   3.1021499e-02
  -3.5607899e-02   2.4244599e-02
  -4.0118099e-02   1.6222299e-02
  -4.2661599e-02   7.4122497e-03
  -4.3123999e-02  -1.6879299e-03
  -4.1517299e-02  -1.0572900e-02
  -3.7976399e-02  -1.8760999e-02
  -3.2748399e-02  -2.5824599e-02
  -2.6173899e-02  -3.1414999e-02
  -1.8663399e-02  -3.5282699e-02
  -1.0669200e-02  -3.7290399e-02
  -2.6556399e-03  -3.7418299e-02
   4.9313698e-03  -3.5761699e-02
   1.1691900e-02  -3.2520499e-02
   1.7296599e-02  -2.7983299e-02
   2.1505199e-02  -2.2504199e-02
   2.4178799e-02  -1.6477699e-02
   2.5284899e-02  -1.0310600e-02
   2.4894999e-02  -4.3941398e-03
   2.3175299e-02   9.2175197e-04
   2.0370399e-02   5.3504998e-03
   1.6783499e-02   8.6857997e-03
   1.2751700e-02   1.0812300e-02
   8.6207397e-03   1.1709600e-02
   4.7194798e-03   1.1448900e-02
   1.3368400e-03   1.0183700e-02
  -1.2978000e-03   8.1344297e-03
  -3.0290999e-03   5.5688598e-03
  -3.7842299e-03   2.7796299e-03
  -3.5749299e-03   6.0621098e-05
  -2.4931299e-03  -2.3160199e-03
  -7.0059298e-04  -4.1204999e-03
   1.5865099e-03  -5.1820998e-03
   4.1167899e-03  -5.4009898e-03
   6.6250798e-03  -4.7541298e-03
   8.8544397e-03  -3.2949999e-03
   1.0577100e-02  -1.1474400e-03
   1.1612400e-02   1.5061599e-03
   1.1841200e-02   4.4409298e-03
   1.1214500e-02   7.4088697e-03
   9.7567997e-03   1.0159700e-02
   7.5631397e-03   1.2461800e-02
   4.7907898e-03   1.4121200e-02
   1.6457299e-03   1.4997399e-02
  -1.6346799e-03   1.5015399e-02
  -4.8015498e-03   1.4171099e-02
  -7.6151697e-03   1.2532200e-02
  -9.8650696e-03   1.0232600e-02
  -1.1387700e-02   7.4611297e-03
  -1.2080500e-02   4.4465998e-03
  -1.1910800e-02   1.4384999e-03
  -1.0919300e-02  -1.3135500e-03
  -9.2176597e-03  -3.5808299e-03
  -6.9802498e-03  -5.1750698e-03
  -4.4302698e-03  -5.9650898e-03
  -1.8221399e-03  -5.8890298e-03
   5.7928898e-04  -4.9611898e-03
   2.5207399e-03  -3.2728899e-03
   3.7821699e-03  -9.8710796e-04
   4.1963298e-03   1.6728199e-03
   3.6646199e-03   4.4396198e-03
   2.1679299e-03   7.0225197e-03
  -2.2835299e-04   9.1302197e-03
  -3.3760099e-03   1.0494700e-02
  -7.0520397e-03   1.0893900e-02
  -1.0972900e-02   1.0171800e-02
  -1.4813999e-02   8.2543297e-03
  -1.8232799e-02   5.1589298e-03
  -2.0894599e-02   9.9835896e-04
  -2.2498299e-02  -4.0230299e-03
  -2.2801199e-02  -9.6198296e-03
  -2.1639699e-02  -1.5442599e-02
  -1.8945599e-02  -2.1099899e-02
  -1.4756299e-02  -2.6185199e-02
  -9.2168797e-03  -3.0304499e-02
  -2.5754899e-03  -3.3105099e-02
   4.8291898e-03  -3.4302399e-02
   1.2587200e-02  -3.3702599e-02
   2.0242099e-02  -3.1219999e-02
   2.7320099e-02  -2.6887499e-02
   3.3360999e-02  -2.0859199e-02
   3.7949299e-02  -1.3404800e-02
   4.0743398e-02  -4.8963098e-03
   4.1500598e-02   4.2129698e-03
   4.0096099e-02   1.3415100e-02
   3.6534599e-02   2.2178499e-02
   3.0953999e-02   2.9981699e-02
   2.3619999e-02   3.6346799e-02
   1.4912699e-02   4.0870898e-02
   5.3049598e-03   4.3253198e-02
  -4.6653098e-03   4.3316398e-02
  -1.4427599e-02   4.1020398e-02
  -2.3414199e-02   3.6466799e-02
  -3.1095099e-02   2.9894999e-02
  -3.7012199e-02   2.1669499e-02
  -4.0808098e-02   1.2258700e-02
  -4.2249898e-02   2.2069399e-03
  -4.1244298e-02  -7.8982497e-03
  -3.7844699e-02  -1.7462199e-02
  -3.2248899e-02  -2.5919599e-02
  -2.4787699e-02  -3.2769699e-02
  -1.5904899e-02  -3.7606699e-02
  -6.1305298e-03  -4.0145798e-02
   3.9516699e-03  -4.0239698e-02
   1.3739899e-02  -3.7888699e-02
   2.2651199e-02  -3.3239499e-02
   3.0156799e-02  -2.6576299e-02
   3.5814199e-02  -1.8302799e-02
   3.9293799e-02  -8.9171897e-03
   4.0397798e-02   1.0191800e-03
   3.9071299e-02   1.0916000e-02
   3.5404599e-02   2.0189999e-02
   2.9625399e-02   2.8300499e-02
   2.2084299e-02   3.4781099e-02
   1.3231199e-02   3.9266699e-02
   3.5873899e-03   4.1514498e-02
  -6.2873198e-03   4.1415598e-02
  -1.5828599e-02   3.8999999e-02
  -2.4501399e-02   3.4431399e-02
  -3.1831399e-02   2.7994499e-02
  -3.7431399e-02   2.0075799e-02
  -4.1022398e-02   1.1137400e-02
  -4.2447098e-02   1.6878799e-03
  -4.1675498e-02  -7.7493097e-03
  -3.8802399e-02  -1.6667099e-02
  -3.4037799e-02  -2.4604099e-02
  -2.7690499e-02  -3.1170399e-02
  -2.0145399e-02  -3.6067099e-02
  -1.1838300e-02  -3.9100498e-02
  -3.2276099e-03  -4.0188598e-02
   5.2333398e-03  -3.9360498e-02
   1.3122799e-02  -3.6748999e-02
   2.0073499e-02  -3.2576999e-02
   2.5791299e-02  -2.7139399e-02
   3.0067699e-02  -2.0781399e-02
   3.2786599e-02  -1.3874199e-02
   3.3924699e-02  -6.7919097e-03
   3.3545899e-02   1.1135100e-04
   3.1790499e-02   6.5207397e-03
   2.8860499e-02   1.2176400e-02
   2.5001299e-02   1.6883899e-02
   2.0483299e-02   2.0520399e-02
   1.5581799e-02   2.3034099e-02
   1.0560000e-02   2.4440099e-02
   5.6532398e-03   2.4811199e-02
   1.0575300e-03   2.4266299e-02
  -3.0781099e-03   2.2955699e-02
  -6.6548597e-03   2.1046599e-02
  -9.6230796e-03   1.8708299e-02
  -1.1977300e-02   1.6099399e-02
  -1.3748499e-02   1.3357499e-02
  -1.4993499e-02   1.0591800e-02
  -1.5783999e-02   7.8797197e-03
  -1.6195199e-02   5.2668998e-03
  -1.6295799e-02   2.7706099e-03
  -1.6139399e-02   3.8606498e-04
  -1.5759399e-02  -1.9052699e-03
  -1.5166499e-02  -4.1262998e-03
  -1.4349699e-02  -6.2948497e-03
  -1.3280299e-02  -8.4151297e-03
  -1.1918600e-02  -1.0471200e-02
  -1.0222800e-02  -1.2422800e-02
  -8.1583297e-03  -1.4204599e-02
  -5.7078398e-03  -1.5728599e-02
  -2.8798999e-03  -1.6889399e-02
   2.8420599e-04  -1.7573099e-02
   3.7064399e-03  -1.7667499e-02
   7.2713097e-03  -1.7073699e-02
   1.0828800e-02  -1.5718599e-02
   1.4200999e-02  -1.3565599e-02
   1.7192099e-02  -1.0623900e-02
   1.9600999e-02  -6.9546797e-03
   2.1235899e-02  -2.6736099e-03
   2.1929499e-02   2.0505899e-03
   2.1553899e-02   7.0021197e-03
   2.0033999e-02   1.1928200e-02
   1.7357599e-02   1.6552699e-02
   1.3582399e-02   2.0592799e-02
   8.8382696e-03   2.3777199e-02
   3.3239599e-03   2.5865099e-02
  -2.7001299e-03   2.6664299e-02
  -8.9247496e-03   2.6046899e-02
  -1.5008299e-02   2.3961799e-02
  -2.0596799e-02   2.0442699e-02
  -2.5345399e-02   1.5611299e-02
  -2.8940499e-02   9.6736496e-03
  -3.1120999e-02   2.9122399e-03
  -3.1697399e-02  -4.3282498e-03
  -3.0565899e-02  -1.1659400e-02
  -2.7719399e-02  -1.8671099e-02
  -2.3250599e-02  -2.4955799e-02
  -1.7350799e-02  -3.0133799e-02
  -1.0301300e-02  -3.3876699e-02
  -2.4590899e-03  -3.5929299e-02
   5.7625098e-03  -3.6126999e-02
   1.3916999e-02  -3.4407899e-02
   2.1550799e-02  -3.0819299e-02
   2.8230299e-02  -2.5516999e-02
   3.3567799e-02  -1.8758399e-02
   3.7245498e-02  -1.0888700e-02
   3.9035598e-02  -2.3219799e-03
   3.8814698e-02   6.4821597e-03
   3.6572298e-02   1.5045499e-02
   3.2412599e-02   2.2898999e-02
   2.6549399e-02   2.9610499e-02
   1.9293699e-02   3.4809999e-02
   1.1036500e-02   3.8211998e-02
   2.2255099e-03   3.9631898e-02
  -6.6604797e-03   3.8996898e-02
