   2.9044400e+00  -7.3232000e-03
   2.4077300e+00   1.4756000e+00
   1.1511800e+00   2.3713200e+00
  -3.5972400e-01   2.3485500e+00
  -1.5256000e+00   1.4462600e+00
  -1.8939300e+00   5.3614200e-02
  -1.3382500e+00  -1.2500200e+00
  -1.0473300e-01  -1.9292700e+00
   1.2909200e+00  -1.7065400e+00
   2.2732300e+00  -6.7013000e-01
   2.4380900e+00   7.6545700e-01
   1.7125500e+00   2.0292300e+00
   3.8012500e-01   2.6239700e+00
  -1.0367700e+00   2.3242200e+00
  -1.9885300e+00   1.2630400e+00
  -2.1183400e+00  -1.2565900e-01
  -1.4021800e+00  -1.2843900e+00
  -1.5404300e-01  -1.7565900e+00
   1.1042100e+00  -1.3677500e+00
   1.8543700e+00  -2.9146100e-01
   1.7892300e+00   1.0247000e+00
   9.3274100e-01   2.0419000e+00
  -3.7385900e-01   2.3468800e+00
  -1.6126400e+00   1.8156200e+00
  -2.2983500e+00   6.5919100e-01
  -2.1719300e+00  -6.6503800e-01
  -1.3008700e+00  -1.6394400e+00
  -4.7740700e-02  -1.8936900e+00
   1.0789100e+00  -1.3505700e+00
   1.6298300e+00  -2.5253200e-01
   1.3937300e+00   9.3995600e-01
   4.7828500e-01   1.7356900e+00
  -7.3762100e-01   1.8096600e+00
  -1.7593400e+00   1.1305900e+00
  -2.1759400e+00  -3.0709400e-02
  -1.8232500e+00  -1.2140000e+00
  -8.4585500e-01  -1.9562100e+00
   3.6516300e-01  -1.9763900e+00
   1.3321300e+00  -1.2851500e+00
   1.6827800e+00  -1.7587600e-01
   1.2972000e+00   8.9690900e-01
   3.5162600e-01   1.5016100e+00
  -7.5674200e-01   1.4015900e+00
  -1.5720500e+00   6.4660600e-01
  -1.7629300e+00  -4.5174800e-01
  -1.2529300e+00  -1.4487400e+00
  -2.4695600e-01  -1.9463200e+00
   8.5502900e-01  -1.7513900e+00
   1.6209100e+00  -9.4952000e-01
   1.7593500e+00   1.3379500e-01
   1.2336900e+00   1.0670600e+00
   2.7210100e-01   1.4867500e+00
  -7.2806500e-01   1.2411700e+00
  -1.3619100e+00   4.4718500e-01
  -1.3787400e+00  -5.6122400e-01
  -7.7941800e-01  -1.3702500e+00
   1.8849900e-01  -1.6529100e+00
   1.1340300e+00  -1.2981100e+00
   1.6814200e+00  -4.5105700e-01
   1.6198000e+00   5.4924500e-01
   9.8430500e-01   1.3088200e+00
   3.7475500e-02   1.5368000e+00
  -8.3974600e-01   1.1594900e+00
  -1.3021600e+00   3.4547600e-01
  -1.1772700e+00  -5.6633200e-01
  -5.3061100e-01  -1.2052400e+00
   3.6514900e-01  -1.3173100e+00
   1.1431400e+00  -8.6429300e-01
   1.4905900e+00  -3.4587500e-02
   1.2724500e+00   8.3649700e-01
   5.8174300e-01   1.4034400e+00
  -3.0226400e-01   1.4484500e+00
  -1.0291700e+00   9.6565500e-01
  -1.3185500e+00   1.5892100e-01
  -1.0701900e+00  -6.4382700e-01
  -4.0001700e-01  -1.1239600e+00
   4.1082400e-01  -1.0988700e+00
   1.0317400e+00  -5.9171900e-01
   1.2155400e+00   1.8249100e-01
   8.9507300e-01   9.0691500e-01
   2.0590600e-01   1.2914900e+00
  -5.7236500e-01   1.1879200e+00
  -1.1308100e+00   6.4543500e-01
  -1.2548900e+00  -1.1336600e-01
  -9.0761800e-01  -7.8529800e-01
  -2.3999700e-01  -1.1091800e+00
   4.7367000e-01  -9.6875700e-01
   9.4803700e-01  -4.3534500e-01
   1.0005600e+00   2.6529300e-01
   6.2152300e-01   8.4676500e-01
  -2.6536900e-02   1.0776300e+00
  -6.7803500e-01   8.7211700e-01
  -1.0727500e+00   3.2042600e-01
  -1.0592600e+00  -3.5179600e-01
  -6.5224400e-01  -8.7686300e-01
  -2.2204000e-02  -1.0526600e+00
   5.7667300e-01  -8.2121400e-01
   9.0988400e-01  -2.8768100e-01
   8.5526900e-01   3.2607100e-01
   4.4832300e-01   7.7304700e-01
  -1.3654600e-01   8.8005100e-01
  -6.5948600e-01   6.1434500e-01
  -9.1252800e-01   9.2436400e-02
  -8.0129400e-01  -4.7077100e-01
  -3.7902300e-01  -8.5043000e-01
   1.7918400e-01  -9.0141000e-01
   6.4976700e-01  -6.1344000e-01
   8.5105200e-01  -1.1086700e-01
   7.1402200e-01   4.0110400e-01
   3.0597300e-01   7.2056100e-01
  -2.0080300e-01   7.2891900e-01
  -6.0101700e-01   4.3512600e-01
  -7.3902800e-01  -3.2343200e-02
  -5.6886000e-01  -4.8073100e-01
  -1.6850400e-01  -7.3182200e-01
   2.9556300e-01  -6.9214300e-01
   6.3772100e-01  -3.8691600e-01
   7.2756500e-01   5.4422200e-02
   5.3950500e-01   4.5354700e-01
   1.5882200e-01   6.5585500e-01
  -2.5655400e-01   5.9080700e-01
  -5.4158800e-01   2.9646400e-01
  -5.8983300e-01  -1.0009900e-01
  -3.9313500e-01  -4.3691400e-01
  -4.0626000e-02  -5.8280800e-01
   3.2087900e-01  -4.8803100e-01
   5.4763400e-01  -2.0031200e-01
   5.5577000e-01   1.5850200e-01
   3.5171900e-01   4.4415800e-01
   2.5368500e-02   5.4818600e-01
  -2.8958200e-01   4.3909200e-01
  -4.7071900e-01   1.7099100e-01
  -4.5477300e-01  -1.4217700e-01
  -2.5956200e-01  -3.7486100e-01
   2.7410500e-02  -4.4018800e-01
   2.8741100e-01  -3.2221000e-01
   4.1921100e-01  -7.8212400e-02
   3.7812700e-01   1.8819200e-01
   1.9034200e-01   3.7080500e-01
  -6.1783300e-02   4.0301600e-01
  -2.7580500e-01   2.8166200e-01
  -3.7101400e-01   6.4184100e-02
  -3.1890900e-01  -1.5812600e-01
  -1.5088000e-01  -2.9855600e-01
   5.8459100e-02  -3.0894600e-01
   2.2396300e-01  -1.9591800e-01
   2.8446100e-01  -1.4090500e-02
   2.2509600e-01   1.5932900e-01
   7.9433000e-02   2.5698100e-01
  -8.7952600e-02   2.4723600e-01
  -2.0983100e-01   1.4359600e-01
  -2.4326900e-01  -4.7998000e-03
  -1.8438000e-01  -1.3612900e-01
  -6.5967800e-02  -2.0177200e-01
   5.9399000e-02  -1.8433100e-01
   1.4258900e-01  -1.0116000e-01
   1.5722800e-01   6.6110400e-03
   1.0755600e-01   9.3546900e-02
   2.2782700e-02   1.2886300e-01
  -5.8218800e-02   1.0699100e-01
  -1.0428600e-01   4.6241100e-02
  -1.0374400e-01  -2.2456200e-02
  -6.6158000e-02  -7.0633900e-02
  -1.4561500e-02  -8.4075900e-02
   2.7136900e-02  -6.6445800e-02
   4.5166100e-02  -3.4152100e-02
   4.0345500e-02  -5.9937600e-03
   2.4639000e-02   6.7420900e-03
   1.2454600e-02   4.8181800e-03
   1.1750900e-02  -1.5909000e-03
   1.9763600e-02  -7.0450500e-04
   2.5487500e-02   1.2524900e-02
   1.7351400e-02   3.2335800e-02
  -8.3157400e-03   4.4795700e-02
  -4.2967800e-02   3.5945900e-02
  -6.8545000e-02   1.1430800e-03
  -6.6390200e-02  -4.9667600e-02
  -2.8113100e-02  -9.4232700e-02
   3.7328300e-02  -1.0758700e-01
   1.0466400e-01  -7.4833900e-02
   1.4207000e-01  -8.5280600e-04
   1.2587500e-01   8.8453800e-02
   5.3516900e-02   1.5516700e-01
  -5.1844100e-02   1.6553300e-01
  -1.4834600e-01   1.0643300e-01
  -1.9217200e-01  -5.6757200e-03
  -1.5730000e-01  -1.2839900e-01
  -4.9448600e-02  -2.0937000e-01
   9.2808400e-02  -2.0853300e-01
   2.1156600e-01  -1.1727500e-01
   2.5311000e-01   3.4512200e-02
   1.9186000e-01   1.8772700e-01
   4.4157800e-02   2.7705800e-01
  -1.3505800e-01   2.5873200e-01
  -2.7264500e-01   1.3124700e-01
  -3.0719300e-01  -6.0525100e-02
  -2.1622800e-01  -2.4089900e-01
  -2.8731800e-02  -3.3335300e-01
   1.8346900e-01  -2.9301400e-01
   3.3319900e-01  -1.2789200e-01
   3.5379900e-01   1.0097500e-01
   2.2859300e-01   3.0187500e-01
   1.0291500e-03   3.8915400e-01
  -2.3997200e-01   3.1960800e-01
  -3.9469300e-01   1.1308800e-01
  -3.9379200e-01  -1.5225000e-01
  -2.2898000e-01  -3.6944800e-01
   4.0277600e-02  -4.4589300e-01
   3.0807100e-01  -3.4267900e-01
   4.6383800e-01  -9.3494700e-02
   4.3813200e-01   2.0587000e-01
   2.3341300e-01   4.3440700e-01
  -7.3683300e-02   4.9497000e-01
  -3.6082800e-01   3.5562300e-01
  -5.0870600e-01   6.5703200e-02
  -4.5053900e-01  -2.6116300e-01
  -2.0188600e-01  -4.9141000e-01
   1.4246500e-01  -5.2592700e-01
   4.4451600e-01  -3.4235500e-01
   5.7833200e-01  -7.2590200e-03
   4.8241800e-01   3.4796500e-01
   1.8741200e-01   5.7884900e-01
  -1.9323400e-01   5.8686000e-01
  -5.0704400e-01   3.6154100e-01
  -6.2389400e-01  -1.2186300e-02
  -4.9024500e-01  -3.8575600e-01
  -1.5363600e-01  -6.0592300e-01
   2.5360600e-01  -5.7755000e-01
   5.6602100e-01  -3.0449300e-01
   6.5188700e-01   1.0893000e-01
   4.6826100e-01   4.9767200e-01
   8.1216400e-02   7.0180100e-01
  -3.5805300e-01   6.3216400e-01
  -6.7271400e-01   3.0889800e-01
  -7.3194700e-01  -1.4377300e-01
  -5.0571300e-01  -5.4552800e-01
  -7.9716400e-02  -7.3220300e-01
   3.7661600e-01  -6.2334000e-01
   6.7725500e-01  -2.5722000e-01
   6.9518500e-01   2.2178100e-01
   4.1577300e-01   6.1954600e-01
  -5.4490400e-02   7.7029100e-01
  -5.2854800e-01   6.0494400e-01
  -8.1320100e-01   1.8163500e-01
  -7.8778500e-01  -3.3505500e-01
  -4.5502600e-01  -7.3877000e-01
   5.7312400e-02  -8.6457500e-01
   5.4577800e-01  -6.5707400e-01
   8.1251200e-01  -1.9532700e-01
   7.4599200e-01   3.3654200e-01
   3.6825500e-01   7.2219000e-01
  -1.7134000e-01   8.0053800e-01
  -6.5438200e-01   5.3251000e-01
  -8.8096400e-01   1.9393900e-02
  -7.5144300e-01  -5.3561500e-01
  -3.0894200e-01  -9.0811400e-01
   2.7546300e-01  -9.4337100e-01
   7.6990900e-01  -6.2054700e-01
   9.7489700e-01  -6.3611700e-02
   8.0495600e-01   5.0645900e-01
   3.2538000e-01   8.5980500e-01
  -2.7172000e-01   8.5096000e-01
  -7.4335100e-01   4.7941700e-01
  -8.9355000e-01  -1.0771200e-01
  -6.5383300e-01  -6.7301900e-01
  -1.1314500e-01  -9.8376300e-01
   5.1567100e-01  -9.0650200e-01
   9.8029100e-01  -4.6289000e-01
   1.0907000e+00   1.7664300e-01
   7.9725700e-01   7.5973300e-01
   2.1297200e-01   1.0532300e+00
  -4.2995800e-01   9.3803200e-01
  -8.7260900e-01   4.5909600e-01
  -9.3400900e-01  -1.9050600e-01
  -5.8567700e-01  -7.4582300e-01
   3.4668000e-02  -9.7653300e-01
   6.7665500e-01  -7.8089700e-01
   1.0772500e+00  -2.2883700e-01
   1.0672700e+00   4.6403300e-01
   6.4123200e-01   1.0218200e+00
  -3.8232400e-02   1.2193600e+00
  -7.0406400e-01   9.7403800e-01
  -1.0916400e+00   3.8111400e-01
  -1.0459700e+00  -3.2274000e-01
  -5.8580100e-01  -8.5358900e-01
   1.0191300e-01  -9.9472200e-01
   7.3580100e-01  -6.8527300e-01
   1.0529900e+00  -4.6732400e-02
   9.1583800e-01   6.6411400e-01
   3.6923500e-01   1.1576200e+00
  -3.7546900e-01   1.2282100e+00
  -1.0240800e+00   8.3853700e-01
  -1.3176600e+00   1.3654400e-01
  -1.1376900e+00  -6.0242500e-01
  -5.5544900e-01  -1.0856300e+00
   1.9487500e-01  -1.1212100e+00
   8.0932900e-01  -6.9676500e-01
   1.0365200e+00   1.3796800e-02
   7.7992600e-01   7.1885700e-01
   1.3849500e-01   1.1259600e+00
  -6.3141000e-01   1.0602200e+00
  -1.2181900e+00   5.3627800e-01
  -1.3805000e+00  -2.4572800e-01
  -1.0455400e+00  -9.7925200e-01
  -3.4005400e-01  -1.3742500e+00
   4.5907900e-01  -1.2745100e+00
   1.0354100e+00  -7.2193700e-01
   1.1604600e+00   5.8717100e-02
   7.8684200e-01   7.4922800e-01
   6.8854100e-02   1.0658100e+00
  -6.9822000e-01   8.7417800e-01
  -1.1963900e+00   2.4517000e-01
  -1.2133800e+00  -5.7218000e-01
  -7.2939200e-01  -1.2497800e+00
   7.3299300e-02  -1.5124100e+00
   8.8226500e-01  -1.2493300e+00
   1.3800600e+00  -5.6025300e-01
   1.3723400e+00   2.8328700e-01
   8.6713600e-01   9.4637500e-01
   7.3055900e-02   1.1655000e+00
  -6.8369000e-01   8.5547600e-01
  -1.0903000e+00   1.4507900e-01
  -9.7391400e-01  -6.7353200e-01
  -3.7250100e-01  -1.2617600e+00
   4.7895900e-01  -1.3710600e+00
   1.2419600e+00  -9.4405200e-01
   1.6104300e+00  -1.3901200e-01
   1.4344100e+00   7.3249200e-01
   7.8162700e-01   1.3303000e+00
  -8.8575400e-02   1.4226800e+00
  -8.2872600e-01   9.8040000e-01
  -1.1429700e+00   1.8965900e-01
  -9.0679500e-01  -6.2195800e-01
  -2.1823700e-01  -1.1169900e+00
   6.4041600e-01  -1.0843900e+00
   1.3155900e+00  -5.2551400e-01
   1.5247800e+00   3.4507800e-01
   1.1710300e+00   1.1849600e+00
   3.8315000e-01   1.6612100e+00
  -5.3494200e-01   1.5846900e+00
  -1.2258200e+00   9.8702400e-01
  -1.4223500e+00   1.0891400e-01
  -1.0557600e+00  -6.9599900e-01
  -2.8420400e-01  -1.1032700e+00
   5.7006300e-01  -9.4868800e-01
   1.1500900e+00  -2.9528700e-01
   1.2081700e+00   5.9104800e-01
   7.0644700e-01   1.3479200e+00
  -1.6678900e-01   1.6622000e+00
  -1.0718600e+00   1.3966000e+00
  -1.6539100e+00   6.4581800e-01
  -1.6857800e+00  -3.0050800e-01
  -1.1600500e+00  -1.0737300e+00
  -2.9276100e-01  -1.3743800e+00
   5.6288700e-01  -1.0930300e+00
   1.0584900e+00  -3.5502400e-01
   9.9099800e-01   5.2935200e-01
   3.8514200e-01   1.1894300e+00
  -5.1567000e-01   1.3435400e+00
  -1.3467000e+00   9.1303400e-01
  -1.7684900e+00   5.4883900e-02
  -1.6037800e+00  -9.0065300e-01
  -9.0955900e-01  -1.5823800e+00
   4.5115900e-02  -1.7274900e+00
   8.8679700e-01  -1.2876100e+00
   1.2877200e+00  -4.4883900e-01
   1.0979100e+00   4.4269900e-01
   4.0600400e-01   1.0200100e+00
  -4.9597400e-01   1.0431700e+00
  -1.2298500e+00   4.9642100e-01
  -1.4836300e+00  -4.0480100e-01
  -1.1375500e+00  -1.2999900e+00
  -3.1300700e-01  -1.8284400e+00
   6.7560800e-01  -1.7744900e+00
   1.4468800e+00  -1.1548000e+00
   1.7056700e+00  -2.1213900e-01
   1.3620100e+00   6.8183400e-01
   5.6761000e-01   1.1759400e+00
  -3.4498200e-01   1.0809000e+00
  -9.9608000e-01   4.4577400e-01
  -1.1118800e+00  -4.6146900e-01
  -6.3504500e-01  -1.2615900e+00
   2.5165800e-01  -1.6167900e+00
   1.1984700e+00  -1.3669600e+00
   1.8291100e+00  -5.9465300e-01
   1.8921800e+00   4.0761600e-01
   1.3625000e+00   1.2546300e+00
   4.5158700e-01   1.6232300e+00
  -4.7726100e-01   1.3823200e+00
  -1.0549700e+00   6.4567400e-01
  -1.0552800e+00  -2.7379100e-01
  -4.8589700e-01  -9.8994800e-01
   4.1440900e-01  -1.1990400e+00
   1.2718100e+00  -8.0221000e-01
   1.7279100e+00   5.4309600e-02
   1.5841300e+00   1.0377200e+00
   8.8198000e-01   1.7622900e+00
  -1.1335800e-01   1.9444700e+00
  -1.0193800e+00   1.5169600e+00
  -1.4899700e+00   6.5582800e-01
  -1.3544500e+00  -2.9026800e-01
  -6.8621800e-01  -9.4036200e-01
   2.2699600e-01  -1.0345000e+00
   9.9901300e-01  -5.3838300e-01
   1.3008200e+00   3.4279100e-01
   9.9319600e-01   1.2469200e+00
   1.8294500e-01   1.8007300e+00
  -8.1983800e-01   1.7701000e+00
  -1.6263500e+00   1.1543300e+00
  -1.9253500e+00   1.8661800e-01
  -1.6081700e+00  -7.5970500e-01
  -8.1229300e-01  -1.3211500e+00
   1.3416400e-01  -1.2901500e+00
   8.4458900e-01  -6.9825900e-01
   1.0295100e+00   1.9678300e-01
   6.1303100e-01   1.0151000e+00
  -2.3668600e-01   1.4077500e+00
  -1.1752300e+00   1.1973000e+00
  -1.8205600e+00   4.4930200e-01
  -1.9067900e+00  -5.5399800e-01
  -1.3910300e+00  -1.4271300e+00
  -4.7060400e-01  -1.8362900e+00
   4.9641200e-01  -1.6333400e+00
   1.1352200e+00  -9.1502000e-01
   1.2048600e+00   1.6384200e-02
   6.9479600e-01   7.7494600e-01
  -1.7128000e-01   1.0465300e+00
  -1.0259000e+00   7.1512800e-01
  -1.5059700e+00  -9.0642700e-02
  -1.3989600e+00  -1.0495200e+00
  -7.2838400e-01  -1.7769700e+00
   2.5573300e-01  -1.9798900e+00
   1.1775100e+00  -1.5742700e+00
   1.6862600e+00  -7.1873100e-01
   1.5972200e+00   2.4961200e-01
   9.6530000e-01   9.5086300e-01
   6.2423400e-02   1.1150300e+00
  -7.3239200e-01   6.9024100e-01
  -1.0857600e+00  -1.3698600e-01
  -8.4398900e-01  -1.0173100e+00
  -9.4689600e-02  -1.5795000e+00
   8.6884600e-01  -1.5798900e+00
   1.6658300e+00  -1.0002600e+00
   1.9811400e+00  -5.4881200e-02
   1.6917500e+00   8.9586600e-01
   9.1570700e-01   1.4904300e+00
  -3.5854500e-02   1.5111300e+00
  -7.8419300e-01   9.7107200e-01
  -1.0352700e+00   1.0809000e-01
  -6.9761400e-01  -7.1162800e-01
   8.1531500e-02  -1.1412100e+00
   9.7612600e-01  -9.9262900e-01
   1.6129500e+00  -3.1202400e-01
   1.7218500e+00   6.3932500e-01
   1.2441700e+00   1.4904200e+00
   3.5588700e-01   1.9097600e+00
  -6.0355700e-01   1.7383100e+00
  -1.2678800e+00   1.0527900e+00
  -1.3909900e+00   1.3406100e-01
  -9.4519100e-01  -6.4636900e-01
  -1.3144900e-01  -9.7586400e-01
   7.0234400e-01  -7.2605800e-01
   1.2018100e+00  -3.7723300e-03
   1.1486500e+00   8.9273800e-01
   5.4813100e-01   1.5943100e+00
  -3.7367300e-01   1.8095100e+00
  -1.2612100e+00   1.4415100e+00
  -1.7725500e+00   6.2643900e-01
  -1.7164900e+00  -3.2195500e-01
  -1.1286600e+00  -1.0388000e+00
  -2.5623500e-01  -1.2546000e+00
   5.4223400e-01  -9.0291700e-01
   9.4127900e-01  -1.4601100e-01
   7.7914200e-01   6.9139900e-01
   1.2209500e-01   1.2534100e+00
  -7.6309300e-01   1.2961900e+00
  -1.5171200e+00   7.8562800e-01
  -1.8328300e+00  -8.9606400e-02
  -1.5784100e+00  -9.9456400e-01
  -8.4960300e-01  -1.5829000e+00
   6.9553900e-02  -1.6357900e+00
   8.2148700e-01  -1.1490300e+00
   1.1187900e+00  -3.3359900e-01
   8.5911700e-01   4.7012500e-01
   1.6524100e-01   9.2973000e-01
  -6.6546900e-01   8.5426500e-01
  -1.2814300e+00   2.7030300e-01
  -1.4184500e+00  -5.8971100e-01
  -1.0055200e+00  -1.3817100e+00
  -1.9261300e-01  -1.7886500e+00
   7.1040200e-01  -1.6476100e+00
   1.3587100e+00  -1.0144500e+00
   1.5109000e+00  -1.4032900e-01
   1.1251300e+00   6.2997600e-01
   3.7468600e-01   9.9685300e-01
  -4.2284900e-01   8.2571500e-01
  -9.3395700e-01   1.9999200e-01
  -9.4324600e-01  -6.1365900e-01
  -4.3935600e-01  -1.2735200e+00
   3.8150300e-01  -1.5005200e+00
   1.1953500e+00  -1.1900200e+00
   1.6810600e+00  -4.5302000e-01
   1.6491700e+00   4.2940400e-01
   1.1170800e+00   1.1196500e+00
   3.0088500e-01   1.3591400e+00
  -4.7245200e-01   1.0714200e+00
  -8.9688200e-01   3.9153300e-01
  -8.0985000e-01  -3.8959600e-01
  -2.5655000e-01  -9.4298100e-01
   5.2957800e-01  -1.0339400e+00
   1.2217700e+00  -6.1578200e-01
   1.5317200e+00   1.5247200e-01
   1.3251000e+00   9.7108800e-01
   6.7464700e-01   1.5206000e+00
  -1.7022700e-01   1.5899900e+00
  -8.8439600e-01   1.1605300e+00
  -1.1977400e+00   4.1197700e-01
  -1.0029200e+00  -3.5083200e-01
  -3.9714700e-01  -8.2109500e-01
   3.5836800e-01  -8.1305900e-01
   9.4444600e-01  -3.3565100e-01
   1.1125100e+00   4.1249600e-01
   7.8390300e-01   1.1240800e+00
   8.0418700e-02   1.5072000e+00
  -7.2584500e-01   1.4023700e+00
  -1.3225000e+00   8.4561800e-01
  -1.4823000e+00   5.2774200e-02
  -1.1535000e+00  -6.6824200e-01
  -4.7921100e-01  -1.0413900e+00
   2.6143800e-01  -9.3275800e-01
   7.6631000e-01  -4.0304600e-01
   8.3155700e-01   3.1843000e-01
   4.3259700e-01   9.2709800e-01
  -2.6742000e-01   1.1659600e+00
  -9.8448700e-01   9.2837100e-01
  -1.4285600e+00   2.9979500e-01
  -1.4199000e+00  -4.7786200e-01
  -9.6029600e-01  -1.1042900e+00
  -2.3095800e-01  -1.3414500e+00
   4.8144700e-01  -1.1083600e+00
   9.0043500e-01  -5.1213700e-01
   8.7028900e-01   1.9658500e-01
   4.1732500e-01   7.2535200e-01
  -2.6232600e-01   8.5749800e-01
  -8.8288400e-01   5.3837200e-01
  -1.1843400e+00  -1.0412800e-01
  -1.0365400e+00  -8.1235300e-01
  -4.9034500e-01  -1.3032500e+00
   2.4418000e-01  -1.3820200e+00
   8.8321900e-01  -1.0193400e+00
   1.1834000e+00  -3.6174700e-01
   1.0388100e+00   3.2865300e-01
   5.2202300e-01   7.8012200e-01
  -1.4668400e-01   8.2015500e-01
  -6.8904800e-01   4.4356800e-01
  -8.8089300e-01  -1.8709300e-01
  -6.4149000e-01  -8.0833300e-01
  -6.4582600e-02  -1.1623200e+00
   6.2077000e-01  -1.1002000e+00
   1.1432000e+00  -6.4077900e-01
   1.2980700e+00   3.8506000e-02
   1.0287900e+00   6.7408100e-01
   4.4797200e-01   1.0224900e+00
  -2.0929000e-01   9.5756200e-01
  -6.8076700e-01   5.1962800e-01
  -7.8231100e-01  -1.0242200e-01
  -4.8073500e-01  -6.4838700e-01
   9.4524600e-02  -8.9176400e-01
   7.0498900e-01  -7.3015900e-01
   1.0998300e+00  -2.2506400e-01
   1.1165100e+00   4.2442800e-01
   7.4496800e-01   9.6272400e-01
   1.3014900e-01   1.1805900e+00
  -4.8761400e-01   9.9836800e-01
  -8.6971100e-01   4.9641500e-01
  -8.7462800e-01  -1.1882400e-01
  -5.1340400e-01  -5.9883400e-01
   5.6595300e-02  -7.5294400e-01
   5.9640300e-01  -5.2395900e-01
   8.8209800e-01  -9.4948300e-03
   7.9433100e-01   5.7889800e-01
   3.6495000e-01   1.0017500e+00
  -2.3742500e-01   1.0878800e+00
  -7.7640300e-01   8.0213500e-01
  -1.0431400e+00   2.5792200e-01
  -9.3949400e-01  -3.2985000e-01
  -5.1593800e-01  -7.3188700e-01
   5.0487600e-02  -7.9631900e-01
   5.2855000e-01  -5.0842200e-01
   7.2600200e-01   5.2748000e-03
   5.6599600e-01   5.2943800e-01
   1.1636500e-01   8.4725500e-01
  -4.3934700e-01   8.2725400e-01
  -8.7679200e-01   4.7486900e-01
  -1.0210900e+00  -7.1414000e-02
  -8.1616600e-01  -5.9709100e-01
  -3.4565300e-01  -8.9833700e-01
   2.0232200e-01  -8.6330600e-01
   6.1168700e-01  -5.1558000e-01
   7.2512900e-01  -2.8837800e-03
   5.0612800e-01   4.6368600e-01
   5.1845300e-02   6.9494500e-01
  -4.4762300e-01   5.9897000e-01
  -7.8659200e-01   2.1651200e-01
  -8.2629500e-01  -2.9714200e-01
  -5.4947300e-01  -7.3585300e-01
  -6.5614000e-02  -9.2575200e-01
   4.3455200e-01  -7.9428100e-01
   7.5638800e-01  -3.9775100e-01
   7.7912900e-01   1.0300600e-01
   5.0299900e-01   5.0840000e-01
   4.7288300e-02   6.6037200e-01
  -3.9913200e-01   5.0488100e-01
  -6.5435800e-01   1.1188400e-01
  -6.1605100e-01  -3.5455200e-01
  -3.0112600e-01  -7.0328800e-01
   1.6283000e-01  -7.9294500e-01
   5.9024400e-01  -5.8765200e-01
   8.1258100e-01  -1.6977000e-01
   7.4538900e-01   2.9482600e-01
   4.2068600e-01   6.2427700e-01
  -2.7693700e-02   6.9357500e-01
  -4.1918400e-01   4.8350700e-01
  -5.9933900e-01   8.6545200e-02
  -5.0104100e-01  -3.3197100e-01
  -1.6980700e-01  -6.0110900e-01
   2.5631700e-01  -6.1271600e-01
   6.0348900e-01  -3.6355400e-01
   7.3211700e-01   4.5188800e-02
   5.9202600e-01   4.5008600e-01
   2.4096100e-01   6.9177600e-01
  -1.8033400e-01   6.7848500e-01
  -5.0571500e-01   4.2144200e-01
  -6.1036500e-01   2.8540000e-02
  -4.5980200e-01  -3.4046900e-01
  -1.2195100e-01  -5.3866100e-01
   2.6190100e-01  -4.9031400e-01
   5.3487500e-01  -2.1977100e-01
   5.8741500e-01   1.6018500e-01
   4.0011800e-01   4.9503000e-01
   4.9754700e-02   6.5096500e-01
  -3.2319500e-01   5.6790200e-01
  -5.7180400e-01   2.8201100e-01
  -6.0140100e-01  -9.0588800e-02
  -4.0626600e-01  -4.0170300e-01
  -7.0098100e-02  -5.3076700e-01
   2.6918300e-01  -4.3232700e-01
   4.7554500e-01  -1.5257400e-01
   4.6903200e-01   1.9100900e-01
   2.5644600e-01   4.5801100e-01
  -7.3223300e-02   5.4157500e-01
  -3.8604500e-01   4.1028500e-01
  -5.5751700e-01   1.1906800e-01
  -5.2197900e-01  -2.1457500e-01
  -2.9748800e-01  -4.5876200e-01
   2.3246100e-02  -5.2007500e-01
   3.1146400e-01  -3.7988900e-01
   4.5445900e-01  -1.0006300e-01
   4.0007100e-01   2.0357700e-01
   1.7602300e-01   4.0864300e-01
  -1.2304600e-01   4.3508600e-01
  -3.7489200e-01   2.7605400e-01
  -4.7903700e-01  -1.1634800e-03
  -3.9625100e-01  -2.8375400e-01
  -1.6266200e-01  -4.5943000e-01
   1.2650600e-01  -4.6112000e-01
   3.5632600e-01  -2.9251500e-01
   4.3839500e-01  -2.4782800e-02
   3.4530800e-01   2.3349800e-01
   1.1993400e-01   3.8051900e-01
  -1.4352300e-01   3.6155300e-01
  -3.3840800e-01   1.8943000e-01
  -3.8838000e-01  -6.2433400e-02
  -2.7693800e-01  -2.9093600e-01
  -5.2293600e-02  -4.0514500e-01
   1.9364700e-01  -3.6211800e-01
   3.6309100e-01  -1.8259800e-01
   3.9140800e-01   5.9092500e-02
   2.7183300e-01   2.6617300e-01
   5.6414900e-02   3.5853600e-01
  -1.6646200e-01   3.0405800e-01
  -3.0831800e-01   1.2986500e-01
  -3.1572400e-01  -9.0318900e-02
  -1.9039900e-01  -2.6695400e-01
   1.3269400e-02  -3.3077000e-01
   2.1157400e-01  -2.5961400e-01
   3.2571200e-01  -8.5670100e-02
   3.1291500e-01   1.1916100e-01
   1.8219100e-01   2.7317500e-01
  -1.1062200e-02   3.1763400e-01
  -1.8868300e-01   2.3925700e-01
  -2.8157900e-01   7.3846000e-02
  -2.5679600e-01  -1.0972800e-01
  -1.2922700e-01  -2.3807800e-01
   4.6120600e-02  -2.6258000e-01
   1.9750900e-01  -1.7769300e-01
   2.6557700e-01  -2.1442100e-02
   2.2638400e-01   1.4140800e-01
   9.9445800e-02   2.4613400e-01
  -6.1812300e-02   2.5370300e-01
  -1.9266900e-01   1.6515100e-01
  -2.4323600e-01   1.9433000e-02
  -1.9756400e-01  -1.2368100e-01
  -7.8419600e-02  -2.0821800e-01
   6.3518600e-02  -2.0398900e-01
   1.7104300e-01  -1.1731700e-01
   2.0338300e-01   1.3225400e-02
   1.5152900e-01   1.3368900e-01
   4.0196400e-02   1.9687800e-01
  -8.3703800e-02   1.8067900e-01
  -1.7080400e-01   9.5490200e-02
  -1.8894600e-01  -2.1657200e-02
  -1.3494800e-01  -1.2322900e-01
  -3.4207700e-02  -1.7058400e-01
   7.1012900e-02  -1.4873600e-01
   1.3931600e-01  -7.0854800e-02
   1.4648500e-01   2.8689700e-02
   9.3963100e-02   1.0927100e-01
   6.5967700e-03   1.4048700e-01
  -7.8780800e-02   1.1349300e-01
  -1.2876100e-01   4.2995600e-02
  -1.2633200e-01  -4.0268300e-02
  -7.6390000e-02  -1.0289300e-01
  -2.1076200e-03  -1.2223200e-01
   6.5704800e-02  -9.4509200e-02
   1.0144000e-01  -3.4740300e-02
   9.4397700e-02   3.0839400e-02
   5.1686300e-02   7.6197300e-02
  -6.2693500e-03   8.5827700e-02
  -5.5162400e-02   5.9890700e-02
  -7.6893100e-02   1.2543100e-02
  -6.6135400e-02  -3.5221600e-02
  -3.1033000e-02  -6.4757300e-02
   1.1673200e-02  -6.6985700e-02
   4.4480500e-02  -4.4866500e-02
   5.6332900e-02  -1.0605200e-02
   4.6240600e-02   2.0633300e-02
   2.2191700e-02   3.7424500e-02
  -3.6050200e-03   3.6266900e-02
  -2.0614800e-02   2.1735000e-02
  -2.4246500e-02   3.0493900e-03
  -1.6772400e-02  -1.0919000e-02
  -4.9046700e-03  -1.5686600e-02
   4.3878800e-03  -1.2430000e-02
   7.5455100e-03  -6.2001200e-03
   5.7479000e-03  -2.3289000e-03
   3.4215100e-03  -3.1027200e-03
   4.9392800e-03  -6.5131800e-03
   1.1453600e-02  -7.7148000e-03
   1.9701100e-02  -2.3363000e-03
   2.3548600e-02   1.0236800e-02
   1.7559600e-02   2.5540200e-02
   7.0092600e-04   3.5627700e-02
  -2.1912000e-02   3.3020700e-02
  -4.0464500e-02   1.5110900e-02
  -4.4743300e-02  -1.3315000e-02
  -2.9408500e-02  -4.1038600e-02
   2.3545600e-03  -5.4855800e-02
   3.8881000e-02  -4.5736800e-02
   6.4244600e-02  -1.3875700e-02
   6.5137500e-02   2.9975600e-02
   3.7446300e-02   6.7991300e-02
  -1.0614000e-02   8.2505400e-02
  -6.0664500e-02   6.4053900e-02
  -9.1206799e-02   1.6610800e-02
  -8.6849299e-02  -4.2664600e-02
  -4.5764300e-02  -8.9604299e-02
   1.8135300e-02  -1.0293500e-01
   7.9754400e-02  -7.3840400e-02
   1.1269000e-01  -1.0935300e-02
   1.0052800e-01   6.1940700e-02
   4.4745100e-02   1.1471200e-01
  -3.4495800e-02   1.2346700e-01
  -1.0553100e-01   8.1153500e-02
  -1.3783800e-01   1.8217400e-03
  -1.1508500e-01  -8.3843999e-02
  -4.3019100e-02  -1.4039100e-01
   5.1506400e-02  -1.4226900e-01
   1.3051500e-01  -8.5231199e-02
   1.6020500e-01   1.0571000e-02
   1.2539100e-01   1.0760500e-01
   3.6936100e-02   1.6569700e-01
  -7.1350600e-02   1.5870300e-01
  -1.5561500e-01   8.6185699e-02
  -1.7973800e-01  -2.5063000e-02
  -1.3078700e-01  -1.3081400e-01
  -2.5535800e-02  -1.8695900e-01
   9.5085399e-02  -1.6786200e-01
   1.8186900e-01  -7.7864900e-02
   1.9737200e-01   4.9149100e-02
   1.3195400e-01   1.6249800e-01
   8.9648499e-03   2.1496200e-01
  -1.2353300e-01   1.8246400e-01
  -2.1162300e-01   7.4958800e-02
  -2.1757300e-01  -6.6322500e-02
  -1.3602600e-01  -1.8468300e-01
   2.5602700e-03  -2.3076100e-01
   1.4315000e-01  -1.8314600e-01
   2.2791400e-01  -5.8210300e-02
   2.1994000e-01   9.5292399e-02
   1.1914800e-01   2.1516800e-01
  -3.6427600e-02   2.5089600e-01
  -1.8499900e-01   1.8478100e-01
  -2.6562800e-01   4.0285700e-02
  -2.4326000e-01  -1.2629400e-01
  -1.2391100e-01  -2.4790100e-01
   4.6558500e-02  -2.7388600e-01
   2.0005900e-01  -1.9125400e-01
   2.7352400e-01  -3.1084400e-02
   2.3489000e-01   1.4294800e-01
   9.7094299e-02   2.5973000e-01
  -8.5979999e-02   2.6962100e-01
  -2.4044000e-01   1.6534600e-01
  -3.0207200e-01  -1.3895400e-02
  -2.4285300e-01  -1.9723600e-01
  -8.3322299e-02  -3.1028800e-01
   1.1457900e-01  -3.0543400e-01
   2.7178400e-01  -1.8193000e-01
   3.2396200e-01   1.2664400e-02
   2.4811900e-01   2.0076100e-01
   7.2933900e-02   3.0570500e-01
  -1.3176200e-01   2.8307300e-01
  -2.8255000e-01   1.3952000e-01
  -3.1614600e-01  -6.8800200e-02
  -2.1564600e-01  -2.5804400e-01
  -1.8419900e-02  -3.5025700e-01
   1.9795800e-01  -3.0525600e-01
   3.4646200e-01  -1.3778600e-01
   3.6585200e-01   8.7362099e-02
   2.4611100e-01   2.8072200e-01
   3.3520700e-02   3.6407400e-01
  -1.8709100e-01   3.0249100e-01
  -3.2614200e-01   1.1936000e-01
  -3.2565700e-01  -1.1204600e-01
  -1.8343900e-01  -2.9746600e-01
   4.5016500e-02  -3.5961000e-01
   2.6805100e-01  -2.6991000e-01
   3.9446200e-01  -6.1001400e-02
   3.7057500e-01   1.8545700e-01
   2.0270500e-01   3.7111700e-01
  -4.4403800e-02   4.2059400e-01
  -2.7289900e-01   3.1246300e-01
  -3.9102000e-01   8.8816399e-02
  -3.5044800e-01  -1.6082300e-01
  -1.6659900e-01  -3.3511400e-01
   8.6652899e-02  -3.6187200e-01
   3.0608400e-01  -2.2782900e-01
   4.0058900e-01   1.5083100e-02
   3.2834800e-01   2.6982200e-01
   1.1454500e-01   4.3294500e-01
  -1.5786700e-01   4.3647500e-01
  -3.8096300e-01   2.7597900e-01
  -4.6524700e-01   1.3258600e-02
  -3.7617700e-01  -2.4779400e-01
  -1.4889800e-01  -4.0274200e-01
   1.2509700e-01  -3.8892800e-01
   3.3433200e-01  -2.1141900e-01
   3.9229100e-01   5.8183500e-02
   2.7282600e-01   3.0992300e-01
   2.1531800e-02   4.3958000e-01
  -2.6181600e-01   3.9099600e-01
  -4.6300800e-01   1.7943900e-01
  -4.9947700e-01  -1.1368700e-01
  -3.5411700e-01  -3.7300500e-01
  -8.2976099e-02  -4.9546000e-01
   2.0659700e-01  -4.3216800e-01
   3.9883300e-01  -2.0880600e-01
   4.1631700e-01   8.3981299e-02
   2.5174700e-01   3.2658500e-01
  -2.8353200e-02   4.1856500e-01
  -3.0978100e-01   3.1954000e-01
  -4.7639200e-01   6.6200299e-02
  -4.5710500e-01  -2.4171500e-01
  -2.5515300e-01  -4.8109900e-01
   5.2434700e-02  -5.5504000e-01
   3.4523400e-01  -4.3226900e-01
   5.0767900e-01  -1.6044900e-01
   4.7582800e-01   1.5234700e-01
   2.6368200e-01   3.8077900e-01
  -4.1774200e-02   4.3277500e-01
  -3.1511000e-01   2.8707300e-01
  -4.4286000e-01   2.4644200e-03
  -3.6954700e-01  -3.0526500e-01
  -1.2067100e-01  -5.0966000e-01
   2.0686000e-01  -5.2464600e-01
   4.8325200e-01  -3.3970000e-01
   5.9798300e-01  -2.4771100e-02
   5.0461200e-01   2.9728200e-01
   2.4005000e-01   4.9988200e-01
  -8.9696899e-02   5.0381500e-01
  -3.5183100e-01   3.0958800e-01
  -4.4022600e-01  -2.1912000e-03
  -3.1852700e-01  -3.0280600e-01
  -3.5374900e-02  -4.6711500e-01
   2.9460600e-01  -4.2418100e-01
   5.3663100e-01  -1.8637800e-01
   5.9006800e-01   1.5495100e-01
   4.2934600e-01   4.6578200e-01
   1.1483900e-01   6.2319499e-01
  -2.3089000e-01   5.6505600e-01
  -4.7213300e-01   3.1548600e-01
  -5.1470800e-01  -2.4325500e-02
  -3.4422900e-01  -3.1650700e-01
  -3.2390500e-02  -4.4195400e-01
   2.9147100e-01  -3.4856700e-01
   4.9228100e-01  -7.2720099e-02
   4.8377800e-01   2.7485900e-01
   2.6367900e-01   5.5333200e-01
  -8.4832599e-02   6.4841599e-01
  -4.2612700e-01   5.1868000e-01
  -6.2651099e-01   2.1269800e-01
  -6.0813999e-01  -1.5001500e-01
  -3.8069900e-01  -4.2682000e-01
  -3.7929600e-02  -5.0934800e-01
   2.7978900e-01  -3.6738800e-01
   4.4187500e-01  -6.1443899e-02
   3.8031900e-01   2.8124200e-01
   1.1747900e-01   5.1774200e-01
  -2.4246300e-01   5.4707400e-01
  -5.5510000e-01   3.5120900e-01
  -6.9384799e-01   2.8027300e-03
  -6.0108099e-01  -3.6361700e-01
  -3.1169700e-01  -6.0556199e-01
   6.0527999e-02  -6.2995299e-01
   3.6845900e-01  -4.3082200e-01
   4.9077400e-01  -9.2039899e-02
   3.8097600e-01   2.4617700e-01
   8.6426799e-02   4.4362700e-01
  -2.7040400e-01   4.1671300e-01
  -5.4105900e-01   1.7242700e-01
  -6.1090399e-01  -1.9406400e-01
  -4.4552900e-01  -5.3741100e-01
  -1.0498700e-01  -7.2045699e-01
   2.7999900e-01  -6.6953599e-01
   5.6041200e-01  -4.0438100e-01
   6.2887399e-01  -3.0492100e-02
   4.6300500e-01   3.0309300e-01
   1.3466300e-01   4.6372500e-01
  -2.1878200e-01   3.8864400e-01
  -4.4966300e-01   1.1048400e-01
  -4.5957300e-01  -2.5560500e-01
  -2.3923100e-01  -5.5815100e-01
   1.2744700e-01  -6.7032699e-01
   4.9684000e-01  -5.4118500e-01
   7.2327199e-01  -2.1644900e-01
   7.1765699e-01   1.7957500e-01
   4.8351200e-01   4.9381500e-01
   1.1574800e-01   6.0595299e-01
  -2.3736000e-01   4.7691500e-01
  -4.3379000e-01   1.6473200e-01
  -3.9501000e-01  -1.9867700e-01
  -1.3775700e-01  -4.6056200e-01
   2.3249900e-01  -5.0890000e-01
   5.6387399e-01  -3.1768400e-01
   7.1916899e-01   4.2350300e-02
   6.3120299e-01   4.3194600e-01
   3.3004100e-01   6.9921499e-01
  -6.8876299e-02   7.4071799e-01
  -4.1101600e-01   5.4315400e-01
  -5.6485099e-01   1.8882200e-01
  -4.7479400e-01  -1.7740700e-01
  -1.8363200e-01  -4.0636400e-01
   1.8463900e-01  -4.0466800e-01
   4.7469900e-01  -1.7242800e-01
   5.6248399e-01   1.9666600e-01
   4.0526000e-01   5.5293699e-01
   5.9015899e-02   7.5092599e-01
  -3.4388800e-01   7.0796799e-01
  -6.4783099e-01   4.3756900e-01
  -7.3648399e-01   4.4098700e-02
  -5.7959299e-01  -3.1908900e-01
  -2.4517000e-01  -5.1129300e-01
   1.2786600e-01  -4.6105000e-01
   3.8561000e-01  -1.9488700e-01
   4.2115600e-01   1.7335900e-01
   2.1769300e-01   4.8838400e-01
  -1.4464400e-01   6.1597399e-01
  -5.2095400e-01   4.9712100e-01
  -7.5983799e-01   1.7188100e-01
  -7.6432199e-01  -2.3661700e-01
  -5.3089199e-01  -5.7160699e-01
  -1.5094700e-01  -7.0566999e-01
   2.2593800e-01  -5.9192199e-01
   4.5215800e-01  -2.8280400e-01
   4.4142800e-01   9.1094499e-02
   2.0344100e-01   3.7365400e-01
  -1.6009200e-01   4.4610800e-01
  -4.9645000e-01   2.7488400e-01
  -6.6341899e-01  -7.4859499e-02
  -5.8658099e-01  -4.6542300e-01
  -2.8930900e-01  -7.4194599e-01
   1.1659100e-01  -7.9467999e-01
   4.7580500e-01  -6.0308699e-01
   6.5191099e-01  -2.4404900e-01
   5.8215099e-01   1.3912000e-01
   3.0252800e-01   3.9434400e-01
  -6.6834299e-02   4.2193900e-01
  -3.7015600e-01   2.1463300e-01
  -4.7876900e-01  -1.3963000e-01
  -3.4291600e-01  -4.9318900e-01
  -1.1754900e-02  -6.9816399e-01
   3.8644300e-01  -6.6598899e-01
   6.9589899e-01  -4.0302700e-01
   7.9594699e-01  -7.9832199e-03
   6.4946099e-01   3.6781600e-01
   3.1764600e-01   5.8124499e-01
  -6.4730499e-02   5.5482299e-01
  -3.4363700e-01   3.0768200e-01
  -4.0773900e-01  -5.2360899e-02
  -2.3309100e-01  -3.7237900e-01
   1.0739600e-01  -5.1597899e-01
   4.7344900e-01  -4.1819800e-01
   7.1396999e-01  -1.1158100e-01
   7.2784199e-01   2.8699200e-01
   5.0453499e-01   6.2336299e-01
   1.2822600e-01   7.6805799e-01
  -2.5614700e-01   6.6821299e-01
  -5.0118399e-01   3.6861800e-01
  -5.1619199e-01  -6.5426699e-03
  -3.0342900e-01  -3.0380100e-01
   4.3099600e-02  -4.0218100e-01
   3.7571600e-01  -2.6176200e-01
   5.5263599e-01   6.0454999e-02
   4.9502799e-01   4.3368700e-01
   2.1863100e-01   7.0611099e-01
  -1.7271500e-01   7.6594799e-01
  -5.2892699e-01   5.8630399e-01
  -7.1402099e-01   2.3579700e-01
  -6.6062799e-01  -1.4922000e-01
  -3.9680400e-01  -4.1956500e-01
  -3.4425100e-02  -4.7313899e-01
   2.7605700e-01  -2.9573500e-01
   4.0622400e-01   3.3580000e-02
   3.0125800e-01   3.7459600e-01
   1.7767300e-03   5.8255499e-01
  -3.7275800e-01   5.6640699e-01
  -6.7225799e-01   3.2530900e-01
  -7.7639499e-01  -5.1234999e-02
  -6.4284099e-01  -4.1952300e-01
  -3.2402700e-01  -6.3946699e-01
   5.4206999e-02  -6.3075599e-01
   3.4337200e-01  -4.0482200e-01
   4.3200200e-01  -5.9849199e-02
   2.9023600e-01   2.5904000e-01
  -1.8543400e-02   4.1831100e-01
  -3.6357400e-01   3.4965700e-01
  -5.9955299e-01   7.7247199e-02
  -6.2511999e-01  -2.9228900e-01
  -4.2347200e-01  -6.1295999e-01
  -6.8866799e-02  -7.5816099e-01
   3.0346600e-01  -6.7141399e-01
   5.5178099e-01  -3.8875600e-01
   5.8465999e-01  -2.3893200e-02
   3.9742700e-01   2.7776200e-01
   7.3568899e-02   3.9758300e-01
  -2.4924100e-01   2.9121400e-01
  -4.3472500e-01   6.0163999e-03
  -4.0278700e-01  -3.3839500e-01
  -1.6147700e-01  -5.9854699e-01
   1.9657000e-01  -6.6487199e-01
   5.3165099e-01  -5.0560299e-01
   7.1324799e-01  -1.7923600e-01
   6.7232799e-01   1.8929000e-01
   4.2873400e-01   4.5898199e-01
   8.2770799e-02   5.2936899e-01
  -2.2545400e-01   3.8055100e-01
  -3.7246200e-01   8.0701099e-02
  -3.0087200e-01  -2.4181600e-01
  -4.2076100e-02  -4.5035199e-01
   2.9683200e-01  -4.5493299e-01
   5.7646399e-01  -2.4820500e-01
   6.8127799e-01   9.1976999e-02
   5.6586999e-01   4.3417500e-01
   2.7286500e-01   6.4632999e-01
  -8.4595399e-02   6.4870599e-01
  -3.6857300e-01   4.4553999e-01
  -4.7173899e-01   1.2284400e-01
  -3.6019700e-01  -1.8659500e-01
  -8.6583299e-02  -3.5678100e-01
   2.3162000e-01  -3.1903200e-01
   4.5967499e-01  -8.9211399e-02
   4.9982199e-01   2.3913700e-01
   3.3035200e-01   5.3278199e-01
   1.3943400e-02   6.7251099e-01
  -3.2792500e-01   6.0088699e-01
  -5.6398499e-01   3.4495000e-01
  -6.0582899e-01   4.8894499e-03
  -4.4304299e-01  -2.8654800e-01
  -1.4683800e-01  -4.1744900e-01
   1.5907200e-01  -3.4142900e-01
   3.4847000e-01  -9.5752699e-02
   3.4330100e-01   2.1422400e-01
   1.4468600e-01   4.5782099e-01
  -1.6803500e-01   5.3167899e-01
  -4.6963199e-01   4.0109900e-01
  -6.3951399e-01   1.1356500e-01
  -6.1005299e-01  -2.2078300e-01
  -3.9335600e-01  -4.7367399e-01
  -7.5875899e-02  -5.5019499e-01
   2.1674200e-01  -4.2654299e-01
   3.7027900e-01  -1.5901200e-01
   3.2761100e-01   1.3921100e-01
   1.1115300e-01   3.4388000e-01
  -1.8675500e-01   3.6963300e-01
  -4.4144199e-01   2.0396100e-01
  -5.4617899e-01  -8.8283399e-02
  -4.5489099e-01  -3.9143700e-01
  -2.0023400e-01  -5.8575499e-01
   1.2003400e-01  -5.9542499e-01
   3.8266700e-01  -4.1861699e-01
   4.8845999e-01  -1.2764000e-01
   4.0176300e-01   1.6060300e-01
   1.6420000e-01   3.3180800e-01
  -1.2268400e-01   3.2003100e-01
  -3.3865500e-01   1.3370400e-01
  -3.9318200e-01  -1.4838600e-01
  -2.6151700e-01  -4.0928499e-01
   5.8908099e-03  -5.4109499e-01
   3.0419500e-01  -4.8818599e-01
   5.1659099e-01  -2.6909600e-01
   5.6119199e-01   3.1472600e-02
   4.2352199e-01   2.9709400e-01
   1.6171700e-01   4.2648499e-01
  -1.1739700e-01   3.7388900e-01
  -3.0153100e-01   1.6686900e-01
  -3.1795900e-01  -1.0544600e-01
  -1.6228600e-01  -3.2866300e-01
   1.0042000e-01  -4.0923599e-01
   3.6235000e-01  -3.1179400e-01
   5.1655799e-01  -7.2828399e-02
   4.9981699e-01   2.1454800e-01
   3.1757700e-01   4.3838099e-01
   4.1178799e-02   5.1285299e-01
  -2.2129800e-01   4.1237999e-01
  -3.6862300e-01   1.8125800e-01
  -3.4683600e-01  -8.4766599e-02
  -1.7035500e-01  -2.7735100e-01
   8.4517399e-02  -3.1907000e-01
   3.1081000e-01  -1.9412000e-01
   4.1406799e-01   4.5970599e-02
   3.5009500e-01   3.0365600e-01
   1.4218900e-01   4.7490899e-01
  -1.2883300e-01   4.9095199e-01
  -3.5753600e-01   3.4545300e-01
  -4.5629399e-01   9.6442699e-02
  -3.9014799e-01  -1.5756100e-01
  -1.9021400e-01  -3.1737800e-01
   5.9496199e-02  -3.2284100e-01
   2.5629400e-01  -1.7642200e-01
   3.2013400e-01   5.8472499e-02
   2.2541900e-01   2.8358300e-01
   1.0657200e-02   4.0554899e-01
  -2.3765600e-01   3.7326100e-01
  -4.2019099e-01   1.9788600e-01
  -4.6467799e-01  -5.2263699e-02
  -3.5453700e-01  -2.7967000e-01
  -1.3488300e-01  -3.9692999e-01
   1.0621300e-01  -3.6157200e-01
   2.7344000e-01  -1.9249900e-01
   3.0244200e-01   3.8321899e-02
   1.8517500e-01   2.3530800e-01
  -2.7574800e-02   3.1780100e-01
  -2.4724400e-01   2.5218000e-01
  -3.8341399e-01   6.4754299e-02
  -3.8003099e-01  -1.6947800e-01
  -2.3744300e-01  -3.5742100e-01
  -1.1597400e-02  -4.2533299e-01
   2.0900100e-01  -3.4808500e-01
   3.3905600e-01  -1.5859400e-01
   3.3052400e-01   6.6064299e-02
   1.9131600e-01   2.3603600e-01
  -1.8616500e-02   2.8477100e-01
  -2.1195700e-01   1.9532000e-01
  -3.0932500e-01   6.4350499e-03
  -2.7093500e-01  -2.0367700e-01
  -1.1198900e-01  -3.4917700e-01
   1.0411900e-01  -3.7103999e-01
   2.9178800e-01  -2.6031300e-01
   3.7772699e-01  -6.1033899e-02
   3.3006800e-01   1.4807000e-01
   1.7052900e-01   2.8551000e-01
  -3.5019700e-02   2.9961400e-01
  -2.0350600e-01   1.8873400e-01
  -2.6809800e-01   1.1647100e-03
  -2.0467000e-01  -1.8490300e-01
  -4.0817599e-02  -2.9308500e-01
   1.5594000e-01  -2.7932400e-01
   3.0574600e-01  -1.4903900e-01
   3.4851100e-01   4.5762599e-02
   2.6764300e-01   2.2794200e-01
   9.6037299e-02   3.2641800e-01
  -9.7801899e-02   3.0445600e-01
  -2.3765200e-01   1.7380900e-01
  -2.7011900e-01  -1.0741800e-02
  -1.8558500e-01  -1.7394100e-01
  -2.1336900e-02  -2.5044600e-01
   1.5409400e-01  -2.1076400e-01
   2.6882600e-01  -7.2452699e-02
   2.7641000e-01   1.0766500e-01
   1.7397400e-01   2.5683800e-01
   2.6689000e-03   3.1571200e-01
  -1.6947900e-01   2.6181400e-01
  -2.7516500e-01   1.1791300e-01
  -2.7465400e-01  -5.7819399e-02
  -1.7115300e-01  -1.9562600e-01
  -8.7858799e-03  -2.4219200e-01
   1.4574300e-01  -1.8162600e-01
   2.3017300e-01  -4.1126699e-02
   2.1146500e-01   1.2065700e-01
   9.8456799e-02   2.3760900e-01
  -6.2416299e-02   2.6268400e-01
  -2.0634500e-01   1.8634300e-01
  -2.7634400e-01   3.9686099e-02
  -2.4584900e-01  -1.1870500e-01
  -1.2874600e-01  -2.2663500e-01
   2.6928200e-02  -2.4316700e-01
   1.5879100e-01  -1.6452900e-01
   2.1526500e-01  -2.4891000e-02
   1.7592800e-01   1.1801200e-01
   5.9029099e-02   2.0637900e-01
  -8.6569599e-02   2.0540100e-01
  -2.0150800e-01   1.1667600e-01
  -2.3982100e-01  -2.3159900e-02
  -1.8699900e-01  -1.5776400e-01
  -6.5128299e-02  -2.3395700e-01
   7.6666799e-02  -2.2285100e-01
   1.8236900e-01  -1.3085700e-01
   2.1153100e-01   3.6290799e-03
   1.5504700e-01   1.2621100e-01
   3.8087799e-02   1.8851500e-01
  -9.0696199e-02   1.6732900e-01
  -1.7908900e-01   7.3274199e-02
  -1.9220100e-01  -5.4191799e-02
  -1.2597200e-01  -1.6316600e-01
  -8.0826899e-03  -2.1026800e-01
   1.1381100e-01  -1.7772600e-01
   1.9152800e-01  -7.9856099e-02
   1.9555900e-01   4.3396799e-02
   1.2636100e-01   1.4297600e-01
   1.3448900e-02   1.8046000e-01
  -9.7078299e-02   1.4308600e-01
  -1.6129600e-01   4.8179499e-02
  -1.5488100e-01  -6.4507599e-02
  -8.2284199e-02  -1.4920200e-01
   2.5791500e-02  -1.7248500e-01
   1.2530500e-01  -1.2627000e-01
   1.7675900e-01  -3.0347100e-02
   1.6079300e-01   7.6238299e-02
   8.5339999e-02   1.5123900e-01
  -1.8278200e-02   1.6609400e-01
  -1.0845800e-01   1.1690400e-01
  -1.5014200e-01   2.5278300e-02
  -1.2856500e-01  -7.0990799e-02
  -5.4525199e-02  -1.3342100e-01
   4.0666299e-02  -1.3816000e-01
   1.1825300e-01  -8.5022099e-02
   1.4766200e-01   3.1588200e-03
   1.1840800e-01   9.0314599e-02
   4.3628299e-02   1.4189000e-01
  -4.5880799e-02   1.3852400e-01
  -1.1446300e-01   8.3252999e-02
  -1.3591800e-01  -4.2697699e-04
  -1.0359200e-01  -7.8562899e-02
  -3.2353899e-02  -1.2057600e-01
   4.8039099e-02  -1.1128200e-01
   1.0527600e-01  -5.6378699e-02
   1.1740500e-01   2.0556600e-02
   8.1169099e-02   8.8069799e-02
   1.2618100e-02   1.1960000e-01
  -5.9981199e-02   1.0383700e-01
  -1.0781800e-01   4.8632099e-02
  -1.1298600e-01  -2.2851900e-02
  -7.5155599e-02  -8.1922299e-02
  -1.1004600e-02  -1.0595000e-01
   5.3080299e-02  -8.7092199e-02
   9.1863399e-02  -3.4785199e-02
   9.1208599e-02   2.8723200e-02
   5.3201399e-02   7.7742199e-02
  -5.3919599e-03   9.3467098e-02
  -6.0425399e-02   7.1119299e-02
  -9.0275099e-02   2.1196700e-02
  -8.4285099e-02  -3.5397699e-02
  -4.6463099e-02  -7.6128299e-02
   6.8207899e-03  -8.5826499e-02
   5.3929099e-02  -6.2326699e-02
   7.6786399e-02  -1.6658500e-02
   6.7843899e-02   3.2006999e-02
   3.2500399e-02   6.4376899e-02
  -1.3745800e-02   6.8674999e-02
  -5.1997699e-02   4.4875099e-02
  -6.7630899e-02   4.0301699e-03
  -5.5823899e-02  -3.6758799e-02
  -2.2865400e-02  -6.1475999e-02
   1.7031000e-02  -6.1456399e-02
   4.7860299e-02  -3.8336599e-02
   5.8274099e-02  -2.7203400e-03
   4.5747399e-02   3.0630899e-02
   1.6949800e-02   4.8931199e-02
  -1.5567700e-02   4.6281999e-02
  -3.8787099e-02   2.5482600e-02
  -4.4413099e-02  -3.7637499e-03
  -3.1772999e-02  -2.9257800e-02
  -7.4362999e-03  -4.1351299e-02
   1.8030300e-02  -3.6549199e-02
   3.4626199e-02  -1.8332000e-02
   3.6837299e-02   4.8970899e-03
   2.5381500e-02   2.3650300e-02
   6.2679099e-03   3.1252999e-02
  -1.2188200e-02   2.6201600e-02
  -2.2967300e-02   1.2167700e-02
  -2.3013700e-02  -4.1124299e-03
  -1.3961000e-02  -1.5959300e-02
  -8.2683999e-04  -1.9463400e-02
   1.0537600e-02  -1.4690700e-02
   1.6005200e-02  -5.0439499e-03
   1.4628000e-02   4.7150299e-03
   8.4895299e-03   1.0742900e-02
   1.2289100e-03   1.1631200e-02
  -3.9138099e-03   8.5664099e-03
  -5.5474199e-03   4.2346199e-03
  -4.4351299e-03   1.1602900e-03
  -2.6372500e-03   3.8055399e-04
  -2.0576800e-03   1.1103300e-03
  -3.2294899e-03   1.4979300e-03
  -5.0066299e-03  -1.1052300e-05
  -5.3210599e-03  -3.4992199e-03
  -2.5796000e-03  -7.2845699e-03
   3.0899999e-03  -8.7293998e-03
   9.4882698e-03  -5.7697799e-03
   1.3190100e-02   1.6400800e-03
   1.1260100e-02   1.0997400e-02
   3.0094799e-03   1.8052400e-02
  -9.1447198e-03   1.8699800e-02
  -2.0297600e-02   1.1124000e-02
  -2.5042200e-02  -2.8649199e-03
  -2.0017900e-02  -1.8084200e-02
  -5.8437099e-03  -2.7908900e-02
   1.2575600e-02  -2.7161600e-02
   2.7715100e-02  -1.4707200e-02
   3.2519699e-02   5.4995499e-03
   2.3646200e-02   2.5572500e-02
   3.3894399e-03   3.6764799e-02
  -2.0717800e-02   3.3255799e-02
  -3.8679799e-02   1.5019300e-02
  -4.2170799e-02  -1.1593000e-02
  -2.8317099e-02  -3.6017599e-02
  -1.4310300e-03  -4.7677799e-02
   2.8233599e-02  -4.0543799e-02
   4.8398299e-02  -1.6094800e-02
   4.9854899e-02   1.6724500e-02
   3.0623899e-02   4.4756799e-02
  -2.6817400e-03   5.5922599e-02
  -3.7064099e-02   4.4417599e-02
  -5.8212199e-02   1.3587900e-02
  -5.6458099e-02  -2.4892900e-02
  -3.1138599e-02  -5.5422499e-02
   8.5842898e-03  -6.4793399e-02
   4.6995699e-02  -4.7875399e-02
   6.8041699e-02  -1.0220500e-02
   6.2025899e-02   3.3674099e-02
   2.9996199e-02   6.5945699e-02
  -1.6139200e-02   7.2641699e-02
  -5.8027699e-02   4.9725599e-02
  -7.8194099e-02   5.2366199e-03
  -6.7341499e-02  -4.3481999e-02
  -2.8584299e-02  -7.6555299e-02
   2.3290700e-02  -7.9704899e-02
   6.7444899e-02  -5.0407199e-02
   8.5357298e-02   5.6549099e-04
   6.8580699e-02   5.3051299e-02
   2.2638900e-02   8.5452898e-02
  -3.4703799e-02   8.3598498e-02
  -8.0301598e-02   4.6875399e-02
  -9.4966298e-02  -1.1008200e-02
  -7.1517499e-02  -6.7145199e-02
  -1.8168100e-02  -9.8530498e-02
   4.4317699e-02  -9.1521698e-02
   9.0734098e-02  -4.7767799e-02
   1.0164500e-01   1.5959700e-02
   7.1557299e-02   7.4163699e-02
   1.1619800e-02   1.0281300e-01
  -5.4429199e-02   8.9251598e-02
  -9.9615198e-02   3.7742799e-02
  -1.0469100e-01  -3.1769199e-02
  -6.6254399e-02  -9.1367798e-02
   1.3965100e-03  -1.1636800e-01
   7.1614499e-02  -9.5516198e-02
   1.1596400e-01  -3.5966799e-02
   1.1580200e-01   3.9140499e-02
   7.0167799e-02   9.9719198e-02
  -3.3702499e-03   1.2085400e-01
  -7.5416099e-02   9.3117798e-02
  -1.1646300e-01   2.6812699e-02
  -1.0894800e-01  -5.1748599e-02
  -5.4713499e-02  -1.1060000e-01
   2.5271800e-02  -1.2503600e-01
   9.9021098e-02  -8.7872998e-02
   1.3632100e-01  -1.2782200e-02
   1.2109400e-01   7.0803699e-02
   5.8268099e-02   1.2933800e-01
  -2.7771099e-02   1.3874000e-01
  -1.0270000e-01   9.4410898e-02
  -1.3603000e-01   1.3514800e-02
  -1.1361000e-01  -7.1563299e-02
  -4.3720199e-02  -1.2610000e-01
   4.5846999e-02  -1.2712800e-01
   1.1871600e-01  -7.3026699e-02
   1.4456900e-01   1.5399400e-02
   1.1160200e-01   1.0295000e-01
   3.1684499e-02   1.5407400e-01
  -6.4026199e-02   1.4732100e-01
  -1.3739500e-01   8.4319998e-02
  -1.5868500e-01  -1.0469500e-02
  -1.1878900e-01  -9.9295598e-02
  -3.3282599e-02  -1.4622800e-01
   6.3482099e-02  -1.3179100e-01
   1.3202800e-01  -6.1155999e-02
   1.4370900e-01   3.7553299e-02
   9.2531698e-02   1.2430600e-01
  -2.0372700e-03   1.6323500e-01
  -1.0256600e-01   1.3726800e-01
  -1.6856500e-01   5.5364299e-02
  -1.7287100e-01  -5.0720199e-02
  -1.1287100e-01  -1.3896400e-01
  -1.1925500e-02  -1.7397600e-01
   8.9728798e-02  -1.4144200e-01
   1.5106100e-01  -5.4233299e-02
   1.4688000e-01   5.2432399e-02
   7.8277398e-02   1.3497100e-01
  -2.7451599e-02   1.5899800e-01
  -1.2751700e-01   1.1340900e-01
  -1.8077600e-01   1.5202800e-02
  -1.6443900e-01  -9.7024998e-02
  -8.3552598e-02  -1.7843500e-01
   3.0681299e-02  -1.9602800e-01
   1.3320800e-01  -1.4216200e-01
   1.8319700e-01  -3.7960699e-02
   1.6062700e-01   7.4896498e-02
   7.4639598e-02   1.5081300e-01
  -3.9817999e-02   1.5870200e-01
  -1.3585900e-01   9.4754498e-02
  -1.7351300e-01  -1.5700600e-02
  -1.3600800e-01  -1.2811600e-01
  -3.6831099e-02  -1.9654500e-01
   8.5377198e-02  -1.9223600e-01
   1.8218000e-01  -1.1545700e-01
   2.1483200e-01   4.2861399e-03
   1.7005500e-01   1.1987700e-01
   6.5667799e-02   1.8546200e-01
  -5.6308799e-02   1.7501300e-01
  -1.4641800e-01   9.3049298e-02
  -1.6770800e-01  -2.6891099e-02
  -1.1081800e-01  -1.3554600e-01
   1.9658800e-03  -1.8771400e-01
   1.2541200e-01  -1.6059400e-01
   2.0942000e-01  -6.3235599e-02
   2.1923400e-01   6.6811799e-02
   1.4964300e-01   1.7840200e-01
   2.7360599e-02   2.2733600e-01
  -9.9489398e-02   1.9428200e-01
  -1.8063100e-01   9.2796198e-02
  -1.8393600e-01  -3.5885399e-02
  -1.0855900e-01  -1.3929200e-01
   1.4469200e-02  -1.7484600e-01
   1.3453000e-01  -1.2716300e-01
   2.0172900e-01  -1.4506300e-02
   1.8708000e-01   1.1831900e-01
   9.4403198e-02   2.1785000e-01
  -4.0949799e-02   2.4349999e-01
  -1.6611500e-01   1.8405200e-01
  -2.3192399e-01   6.2410199e-02
  -2.1277800e-01  -7.3392398e-02
  -1.1714200e-01  -1.6941300e-01
   1.5643300e-02  -1.8754000e-01
   1.3105100e-01  -1.2099100e-01
   1.8130100e-01   2.7354299e-03
   1.4471800e-01   1.3274100e-01
   3.4677499e-02   2.1513500e-01
  -1.0554800e-01   2.1479300e-01
  -2.2005300e-01   1.2967800e-01
  -2.6277899e-01  -8.1081998e-03
  -2.1616500e-01  -1.4504400e-01
  -9.8410498e-02  -2.2764400e-01
   4.3657599e-02  -2.2403000e-01
   1.5331300e-01  -1.3690900e-01
   1.8677000e-01  -2.6628799e-03
   1.3092500e-01   1.2315900e-01
   8.8214998e-03   1.8817000e-01
  -1.2945900e-01   1.6432900e-01
  -2.2686299e-01   5.9408799e-02
  -2.4236599e-01  -8.5922798e-02
  -1.6762500e-01  -2.1432100e-01
  -3.0533299e-02  -2.7479899e-01
   1.1582600e-01  -2.4331299e-01
   2.1444900e-01  -1.3259200e-01
   2.2736399e-01   1.2825000e-02
   1.5102400e-01   1.3441100e-01
   1.7873800e-02   1.8319400e-01
  -1.1658900e-01   1.3956200e-01
  -1.9611600e-01   2.1303500e-02
  -1.8642100e-01  -1.2339400e-01
  -8.9123098e-02  -2.3525599e-01
   5.8720499e-02  -2.6777799e-01
   1.9938700e-01  -2.0605200e-01
   2.7765499e-01  -7.2918398e-02
   2.6305899e-01   8.0070998e-02
   1.6225600e-01   1.9330500e-01
   1.6468800e-02   2.2309699e-01
  -1.1501600e-01   1.5933200e-01
  -1.7869300e-01   2.9652499e-02
  -1.4843900e-01  -1.1157700e-01
  -3.6146699e-02  -2.0511400e-01
   1.1292800e-01  -2.1073000e-01
   2.3829699e-01  -1.2351700e-01
   2.8856899e-01   2.3985699e-02
   2.4219999e-01   1.7475900e-01
   1.1627600e-01   2.7017699e-01
  -4.0238299e-02   2.7359999e-01
  -1.6612300e-01   1.8518600e-01
  -2.1251800e-01   4.1908199e-02
  -1.6262700e-01  -9.7259898e-02
  -3.8552599e-02  -1.7506300e-01
   1.0752600e-01  -1.5905700e-01
   2.1432800e-01  -5.4760399e-02
   2.3615999e-01   9.6459298e-02
   1.6139600e-01   2.3395599e-01
   1.7273400e-02   3.0218299e-01
  -1.4096100e-01   2.7308099e-01
  -2.5220899e-01   1.5744100e-01
  -2.7408599e-01   6.5215498e-04
  -2.0000700e-01  -1.3550400e-01
  -6.1878999e-02  -1.9768900e-01
   8.2702198e-02  -1.6249300e-01
   1.7362400e-01  -4.5902799e-02
   1.7248900e-01   1.0308600e-01
   7.8136798e-02   2.2216599e-01
  -7.2806698e-02   2.6081299e-01
  -2.2059899e-01   2.0067900e-01
  -3.0638999e-01   6.3055499e-02
  -2.9590599e-01  -9.9605098e-02
  -1.9328100e-01  -2.2473599e-01
  -3.9432799e-02  -2.6479999e-01
   1.0435600e-01  -2.0641000e-01
   1.8108800e-01  -7.5731498e-02
   1.6099200e-01   7.2043798e-02
   5.3524999e-02   1.7491600e-01
  -9.6407798e-02   1.8906100e-01
  -2.2651799e-01   1.0651500e-01
  -2.8221099e-01  -4.1560499e-02
  -2.3858999e-01  -1.9736800e-01
  -1.1052600e-01  -2.9969299e-01
   5.3273799e-02  -3.0852499e-01
   1.8981900e-01  -2.2114799e-01
   2.4714399e-01  -7.3249598e-02
   2.0519400e-01   7.5439598e-02
   8.3869998e-02   1.6517500e-01
  -6.4998098e-02   1.6024400e-01
  -1.7853900e-01   6.3338298e-02
  -2.0816799e-01  -8.5527798e-02
  -1.3917600e-01  -2.2512299e-01
   3.3203099e-03  -2.9764799e-01
   1.6445400e-01  -2.7200999e-01
   2.8164999e-01  -1.5634900e-01
   3.0977899e-01   5.2209799e-03
   2.3928199e-01   1.5033300e-01
   9.9983898e-02   2.2343799e-01
  -5.0932299e-02   1.9811200e-01
  -1.5195500e-01   8.7645998e-02
  -1.6199800e-01  -6.0358799e-02
  -7.6928698e-02  -1.8318700e-01
   6.8794698e-02  -2.2828299e-01
   2.1600399e-01  -1.7441900e-01
   3.0464099e-01  -4.0245699e-02
   2.9792299e-01   1.2320200e-01
   1.9712700e-01   2.5302199e-01
   4.1058099e-02   2.9971899e-01
  -1.0956900e-01   2.4706199e-01
  -1.9654600e-01   1.1855300e-01
  -1.8754800e-01  -3.2097099e-02
  -8.9072698e-02  -1.4262000e-01
   5.6249299e-02  -1.6726100e-01
   1.8687500e-01  -9.5171498e-02
   2.4715299e-01   4.5264099e-02
   2.0972999e-01   1.9788400e-01
   8.6538298e-02   3.0136299e-01
  -7.6016698e-02   3.1387799e-01
  -2.1573299e-01   2.2988699e-01
  -2.7960499e-01   8.2311498e-02
  -2.4507799e-01  -7.0754598e-02
  -1.2903000e-01  -1.6942500e-01
   1.9119900e-02  -1.7607800e-01
   1.3736300e-01  -9.0417398e-02
   1.7607900e-01   5.0508699e-02
   1.1798400e-01   1.8729900e-01
  -1.4972800e-02   2.6214999e-01
  -1.7049200e-01   2.4211899e-01
  -2.8699299e-01   1.3234200e-01
  -3.1837499e-01  -2.6075799e-02
  -2.5249799e-01  -1.7262900e-01
  -1.1598000e-01  -2.5173099e-01
   3.6589699e-02  -2.3499999e-01
   1.4465100e-01  -1.3256300e-01
   1.6601500e-01   1.1145200e-02
   9.3750098e-02   1.3536600e-01
  -4.1136099e-02   1.8750200e-01
  -1.8228300e-01   1.4426100e-01
  -2.7071399e-01   2.0961599e-02
  -2.6856499e-01  -1.3470400e-01
  -1.7426500e-01  -2.6189999e-01
  -2.3089399e-02  -3.1110499e-01
   1.2708200e-01  -2.6395999e-01
   2.1905599e-01  -1.4052800e-01
   2.1925899e-01   8.8849298e-03
   1.3111100e-01   1.2404300e-01
  -6.5007398e-03   1.5900700e-01
  -1.3499900e-01   1.0053800e-01
  -1.9974499e-01  -2.6705399e-02
  -1.7200700e-01  -1.7020800e-01
  -6.0440898e-02  -2.7080399e-01
   9.2484298e-02  -2.8648099e-01
   2.2763599e-01  -2.0921199e-01
   2.9299699e-01  -6.8077798e-02
   2.6450799e-01   8.2516898e-02
   1.5559900e-01   1.8476000e-01
   1.1638300e-02   2.0062799e-01
  -1.0842200e-01   1.2704200e-01
  -1.5578400e-01  -3.0653399e-03
  -1.1136300e-01  -1.3415600e-01
   6.6715998e-03  -2.1050999e-01
   1.5034200e-01  -1.9863699e-01
   2.6125699e-01  -1.0066400e-01
   2.9411099e-01   4.6637199e-02
   2.3482299e-01   1.8672900e-01
   1.0607500e-01   2.6605699e-01
  -4.1940499e-02   2.5550999e-01
  -1.5176700e-01   1.6196700e-01
  -1.8175700e-01   2.5350599e-02
  -1.2269100e-01  -9.7572797e-02
  -1.2965700e-03  -1.5607500e-01
   1.3068200e-01  -1.2581500e-01
   2.1740199e-01  -1.8492400e-02
   2.2139299e-01   1.2301500e-01
   1.3853500e-01   2.4200799e-01
  -4.1795799e-04   2.9079299e-01
  -1.4232200e-01   2.4977799e-01
  -2.3304999e-01   1.3520000e-01
  -2.3918999e-01  -7.5639198e-03
  -1.6131100e-01  -1.2234500e-01
  -3.3528899e-02  -1.6476100e-01
   9.0388098e-02  -1.1994200e-01
   1.5872400e-01  -8.3177698e-03
   1.4257800e-01   1.2279900e-01
   4.7348999e-02   2.1836999e-01
  -8.9601598e-02   2.3778799e-01
  -2.1411299e-01   1.7111400e-01
  -2.7703799e-01   4.2923299e-02
  -2.5392699e-01  -9.7723397e-02
  -1.5469100e-01  -1.9707099e-01
  -1.9424399e-02  -2.1823099e-01
   9.7852997e-02  -1.5584800e-01
   1.5094000e-01  -3.8026899e-02
   1.1992700e-01   8.5169298e-02
   1.9008099e-02   1.6196600e-01
  -1.0944200e-01   1.5967800e-01
  -2.1206199e-01   7.7724598e-02
  -2.4599599e-01  -5.2323699e-02
  -1.9603999e-01  -1.7959100e-01
  -8.0581998e-02  -2.5441299e-01
   5.5958998e-02  -2.4822899e-01
   1.6109300e-01  -1.6489200e-01
   1.9533299e-01  -3.8897799e-02
   1.4791000e-01   7.8653698e-02
   4.0871999e-02   1.4066300e-01
  -8.0013298e-02   1.2288500e-01
  -1.6380000e-01   3.3487599e-02
  -1.7485600e-01  -9.0458997e-02
  -1.0706500e-01  -1.9806299e-01
   1.3909000e-02  -2.4512799e-01
   1.4111300e-01  -2.1183699e-01
   2.2526899e-01  -1.1054500e-01
   2.3452199e-01   1.9395599e-02
   1.6707100e-01   1.2757900e-01
   5.1652299e-02   1.7281700e-01
  -6.4216698e-02   1.3955000e-01
  -1.3343600e-01   4.3868699e-02
  -1.2820000e-01  -7.3208198e-02
  -5.0996599e-02  -1.6239100e-01
   6.6628498e-02  -1.8596499e-01
   1.7694999e-01  -1.3284300e-01
   2.3532499e-01  -2.2815799e-02
   2.1806699e-01   1.0159800e-01
   1.3178400e-01   1.9235599e-01
   1.0494400e-02   2.1516599e-01
  -9.8210697e-02   1.6310100e-01
  -1.5233400e-01   5.9126298e-02
  -1.3223400e-01  -5.3364598e-02
  -4.8283299e-02  -1.2812000e-01
   6.3560798e-02  -1.3459600e-01
   1.5640800e-01  -7.0069298e-02
   1.9133799e-01   3.9513599e-02
   1.5294500e-01   1.5017600e-01
   5.5326798e-02   2.1768999e-01
  -6.3804198e-02   2.1529799e-01
  -1.5841700e-01   1.4428100e-01
  -1.9265699e-01   3.3199999e-02
  -1.5509000e-01  -7.3784798e-02
  -6.3046398e-02  -1.3473100e-01
   4.4607399e-02  -1.2668100e-01
   1.2325100e-01  -5.4663498e-02
   1.4044600e-01   5.0598999e-02
   8.8827597e-02   1.4525800e-01
  -1.1183600e-02   1.9004199e-01
  -1.1981700e-01   1.6596000e-01
  -1.9406299e-01   8.1725398e-02
  -2.0492399e-01  -2.9984499e-02
  -1.4888600e-01  -1.2583000e-01
  -4.9074999e-02  -1.6924800e-01
   5.4270298e-02  -1.4500700e-01
   1.2007300e-01  -6.5070198e-02
   1.2286500e-01   3.6492399e-02
   6.2814998e-02   1.1738300e-01
  -3.4619399e-02   1.4411400e-01
  -1.2915900e-01   1.0533000e-01
  -1.8199799e-01   1.6134100e-02
  -1.7133399e-01  -8.8230897e-02
  -1.0093000e-01  -1.6669800e-01
   1.6563100e-03  -1.8886799e-01
   9.6342197e-02  -1.4705500e-01
   1.4668500e-01  -5.9112098e-02
   1.3440800e-01   3.9002199e-02
   6.6495898e-02   1.0781100e-01
  -2.7900999e-02   1.2015800e-01
  -1.0940000e-01   7.1925298e-02
  -1.4427600e-01  -1.6584900e-02
  -1.1790300e-01  -1.0906600e-01
  -4.0399099e-02  -1.6792799e-01
   5.7705698e-02  -1.6936299e-01
   1.3791300e-01  -1.1271400e-01
   1.6924199e-01  -2.0477499e-02
   1.4053000e-01   7.0966398e-02
   6.4644598e-02   1.2605900e-01
  -2.6956199e-02   1.2426500e-01
  -9.7041297e-02   6.8085898e-02
  -1.1757100e-01  -1.8239199e-02
  -8.0794098e-02  -9.8715097e-02
  -2.0932199e-03  -1.4014800e-01
   8.6469197e-02  -1.2539900e-01
   1.4919000e-01  -6.0039698e-02
   1.6105400e-01   3.0156099e-02
   1.1760600e-01   1.0977300e-01
   3.6464599e-02   1.4803200e-01
  -5.0002098e-02   1.3102500e-01
  -1.0780900e-01   6.7043198e-02
  -1.1495000e-01  -1.7042799e-02
  -7.0025198e-02  -8.6785197e-02
   7.4965398e-03  -1.1403600e-01
   8.5358097e-02  -8.8115997e-02
   1.3159800e-01  -1.9836599e-02
   1.2733200e-01   6.3120098e-02
   7.4122898e-02   1.2750800e-01
  -6.9231198e-03   1.4788700e-01
  -8.3867597e-02   1.1667500e-01
  -1.2684900e-01   4.6926199e-02
  -1.1997700e-01  -3.3184299e-02
  -6.7464498e-02  -9.1837697e-02
   8.3582997e-03  -1.0633200e-01
   7.6248998e-02  -7.2005598e-02
   1.0867300e-01  -3.8215999e-03
   9.2751297e-02   6.9922798e-02
   3.5181099e-02   1.1911300e-01
  -4.0743099e-02   1.2388200e-01
  -1.0469400e-01   8.2395997e-02
  -1.3153400e-01   1.1302500e-02
  -1.1127400e-01  -6.1200898e-02
  -5.2817398e-02  -1.0680800e-01
   1.9901299e-02  -1.0840100e-01
   7.7716398e-02  -6.6695698e-02
   9.7960297e-02   3.4930299e-04
   7.3400298e-02   6.4995298e-02
   1.4860300e-02   1.0096900e-01
  -5.3413698e-02   9.3933297e-02
  -1.0367000e-01   4.7004199e-02
  -1.1579300e-01  -2.0789399e-02
  -8.5208797e-02  -8.2379097e-02
  -2.4435499e-02  -1.1360000e-01
   4.2206899e-02  -1.0278200e-01
   8.8509597e-02  -5.5180698e-02
   9.6861097e-02   9.4286797e-03
   6.5110098e-02   6.4904898e-02
   7.1319198e-03   8.9288397e-02
  -5.3012898e-02   7.3481598e-02
  -9.0874397e-02   2.4631899e-02
  -9.1378297e-02  -3.7032899e-02
  -5.4661298e-02  -8.6528797e-02
   4.2760299e-03  -1.0417600e-01
   6.1841598e-02  -8.3348497e-02
   9.5427197e-02  -3.2858599e-02
   9.2401997e-02   2.6859699e-02
   5.4944698e-02   7.2130298e-02
  -1.1284100e-03   8.5535097e-02
  -5.2951298e-02   6.2724798e-02
  -7.9869897e-02   1.3874900e-02
  -7.1628098e-02  -4.0680799e-02
  -3.2231899e-02  -7.8775897e-02
   2.1956199e-02  -8.5288297e-02
   6.9008598e-02  -5.8016198e-02
   9.0295097e-02  -8.2736197e-03
   7.7833997e-02   4.3915199e-02
   3.7234999e-02   7.7987197e-02
  -1.4841700e-02   8.1041297e-02
  -5.7572498e-02   5.2799698e-02
  -7.4357998e-02   5.4234998e-03
  -5.9331298e-02  -4.1623699e-02
  -1.9435899e-02  -6.9500998e-02
   2.8650299e-02  -6.7477998e-02
   6.5395498e-02  -3.7008599e-02
   7.6262997e-02   9.1480197e-03
   5.7375398e-02   5.2289198e-02
   1.6791199e-02   7.5363798e-02
  -2.9004199e-02   6.9716898e-02
  -6.1874598e-02   3.8318499e-02
  -6.9290498e-02  -5.7207798e-03
  -4.9163398e-02  -4.4632399e-02
  -1.0396200e-02  -6.3181298e-02
   3.0958099e-02  -5.4655398e-02
   5.8278498e-02  -2.3299099e-02
   6.1002898e-02   1.7682599e-02
   3.8656699e-02   5.1629298e-02
   7.5319797e-04   6.5151098e-02
  -3.7278499e-02   5.3357398e-02
  -6.0400398e-02   2.1553799e-02
  -5.9930998e-02  -1.7169899e-02
  -3.6803799e-02  -4.7374098e-02
  -9.0249597e-04  -5.7475198e-02
   3.3142799e-02  -4.4226399e-02
   5.1916198e-02  -1.3743600e-02
   4.8504598e-02   2.1224299e-02
   2.5031399e-02   4.6575098e-02
  -8.4862997e-03   5.2498398e-02
  -3.8380599e-02   3.7227699e-02
  -5.2883798e-02   7.4677797e-03
  -4.6734898e-02  -2.4558799e-02
  -2.3039599e-02  -4.6156298e-02
   8.2591297e-03  -4.9209898e-02
   3.4573199e-02  -3.3239399e-02
   4.5759198e-02  -5.3081698e-03
   3.8048799e-02   2.3060899e-02
   1.5299399e-02   4.0624999e-02
  -1.2832600e-02   4.0867799e-02
  -3.4950299e-02   2.4395799e-02
  -4.2504899e-02  -1.5903999e-03
  -3.3066699e-02  -2.6420799e-02
  -1.1032700e-02  -4.0330299e-02
   1.4407300e-02  -3.8289199e-02
   3.3118699e-02  -2.1790099e-02
   3.8077799e-02   2.0325499e-03
   2.8012099e-02   2.3482299e-02
   7.6380797e-03   3.4257999e-02
  -1.4488999e-02   3.0673499e-02
  -2.9546999e-02   1.4893399e-02
  -3.1951099e-02  -6.2133598e-03
  -2.1400399e-02  -2.4029599e-02
  -2.7229999e-03  -3.1690399e-02
   1.6306299e-02  -2.6706099e-02
   2.8201399e-02  -1.1709300e-02
   2.8709399e-02   6.8713998e-03
   1.8307699e-02   2.1570399e-02
   1.7374499e-03   2.6897499e-02
  -1.4127600e-02   2.1388799e-02
  -2.3130899e-02   7.9360997e-03
  -2.2220799e-02  -7.6351997e-03
  -1.2452900e-02  -1.9061799e-02
   1.7064699e-03  -2.2148899e-02
   1.4384999e-02  -1.6284099e-02
   2.0728799e-02  -4.4203198e-03
   1.8746299e-02   8.3588197e-03
   9.8744397e-03   1.7015599e-02
  -1.8655099e-03   1.8547999e-02
  -1.1675300e-02   1.3008800e-02
  -1.5947999e-02   3.2198699e-03
  -1.3591100e-02  -6.5967698e-03
  -6.2233498e-03  -1.2626700e-02
   2.7352299e-03  -1.2939600e-02
   9.6105797e-03  -8.0642997e-03
   1.1968700e-02  -5.1296098e-04
   9.4496697e-03   6.4492198e-03
   3.6647599e-03   1.0204900e-02
  -2.7008199e-03   9.7586597e-03
  -7.1196897e-03   5.9249998e-03
  -8.2317997e-03   7.4045997e-04
  -6.2298598e-03  -3.5585599e-03
  -2.5311199e-03  -5.5001998e-03
   1.0313100e-03  -4.8706398e-03
   3.0769899e-03  -2.5785299e-03
   3.2052699e-03  -3.4406299e-05
   1.9810699e-03   1.6031299e-03
   4.5637798e-04   1.9367299e-03
  -4.7902398e-04   1.3738700e-03
  -5.6556498e-04   7.3479297e-04
  -2.2897299e-04   6.7482798e-04
  -2.2103399e-04   1.2532500e-03
  -1.0669400e-03   1.8888499e-03
  -2.6423299e-03   1.7274499e-03
  -4.1348399e-03   2.1898999e-04
  -4.4401798e-03  -2.4221999e-03
  -2.8047399e-03  -5.1545798e-03
   6.2394398e-04  -6.5284798e-03
   4.6597798e-03  -5.4174198e-03
   7.4872997e-03  -1.7070999e-03
   7.4793797e-03   3.4302999e-03
   4.0582299e-03   7.8784297e-03
  -1.8304199e-03   9.4492497e-03
  -7.9180497e-03   6.9250897e-03
  -1.1480000e-02   7.8517597e-04
  -1.0537000e-02  -6.7711398e-03
  -4.8647798e-03  -1.2600200e-02
   3.6806199e-03  -1.3919899e-02
   1.1746400e-02  -9.6019696e-03
   1.5806099e-02  -8.6202497e-04
   1.3698599e-02   9.0267397e-03
   5.7149498e-03   1.5960699e-02
  -5.2920398e-03   1.6715999e-02
  -1.4911199e-02   1.0427800e-02
  -1.8941799e-02  -8.2919297e-04
  -1.5218899e-02  -1.2688100e-02
  -4.7037298e-03  -2.0178199e-02
   8.6868097e-03  -1.9801799e-02
   1.9530099e-02  -1.1132600e-02
   2.3093799e-02   2.7852799e-03
   1.7387399e-02   1.6489299e-02
   4.1834998e-03   2.4246999e-02
  -1.1489800e-02   2.2455399e-02
  -2.3264399e-02   1.1286600e-02
  -2.6026199e-02  -5.1601698e-03
  -1.8130299e-02  -2.0351899e-02
  -2.2815399e-03  -2.7920399e-02
   1.5361899e-02  -2.4332299e-02
   2.7578799e-02  -1.0510800e-02
   2.9040099e-02   8.3237397e-03
   1.8620499e-02   2.4615299e-02
   6.7163197e-05   3.1502399e-02
  -1.9329399e-02   2.5699599e-02
  -3.1599399e-02   9.0228997e-03
  -3.1366199e-02  -1.2137700e-02
  -1.8183899e-02  -2.9266999e-02
   3.0720199e-03  -3.5157499e-02
   2.4002499e-02  -2.6941299e-02
   3.6013399e-02  -7.4463397e-03
   3.3853999e-02   1.5749799e-02
   1.7908399e-02   3.3265399e-02
  -5.7542898e-03   3.7714599e-02
  -2.7675199e-02   2.6821399e-02
  -3.8779199e-02   4.5373498e-03
  -3.4121899e-02  -2.0368699e-02
  -1.5062399e-02  -3.7752399e-02
   1.1085400e-02  -4.0216398e-02
   3.3862799e-02  -2.6237199e-02
   4.3858998e-02  -9.7741996e-04
   3.6602999e-02   2.5624699e-02
   1.4546999e-02   4.2784698e-02
  -1.3733399e-02   4.3266098e-02
  -3.6874299e-02   2.6448799e-02
  -4.5298598e-02  -1.2293200e-03
  -3.5186699e-02  -2.8710199e-02
  -1.0198700e-02  -4.4714998e-02
   1.9820799e-02  -4.2352698e-02
   4.2704498e-02  -2.2055799e-02
   4.8875598e-02   8.4050497e-03
   3.5327999e-02   3.6907899e-02
   7.0192197e-03   5.1820798e-02
  -2.4957299e-02   4.6763598e-02
  -4.7752198e-02   2.3337799e-02
  -5.1961998e-02  -9.3380596e-03
  -3.5545099e-02  -3.8174999e-02
  -4.8219298e-03  -5.1362298e-02
   2.7915299e-02  -4.3213798e-02
   4.9283798e-02  -1.6621999e-02
   5.0242598e-02   1.7933799e-02
   2.9871199e-02   4.6495198e-02
  -4.0823898e-03   5.7238198e-02
  -3.8176799e-02   4.5333398e-02
  -5.8632498e-02   1.5055399e-02
  -5.6933698e-02  -2.1774199e-02
  -3.3395899e-02  -5.0449298e-02
   2.7924799e-03  -5.9306798e-02
   3.7141499e-02  -4.4528498e-02
   5.5655598e-02  -1.1839500e-02
   5.0536198e-02   2.5645299e-02
   2.3466499e-02   5.2622498e-02
  -1.4902599e-02   5.7784598e-02
  -4.9123198e-02   3.8489098e-02
  -6.5145497e-02   1.9850099e-03
  -5.6050498e-02  -3.7361299e-02
  -2.4980899e-02  -6.3780797e-02
   1.5968099e-02  -6.6480997e-02
   5.0514198e-02  -4.4108498e-02
   6.4731897e-02  -5.4467098e-03
   5.2741898e-02   3.3991799e-02
   1.9221099e-02   5.8160698e-02
  -2.2335999e-02   5.6986798e-02
  -5.4963098e-02   3.0549999e-02
  -6.5057797e-02  -1.0796300e-02
  -4.7952998e-02  -5.0474098e-02
  -9.9417896e-03  -7.2315197e-02
   3.4115499e-02  -6.7124497e-02
   6.6694697e-02  -3.6506699e-02
   7.4673697e-02   7.6352897e-03
   5.4709398e-02   4.7785298e-02
   1.4720599e-02   6.7839197e-02
  -2.9176499e-02   5.9650098e-02
  -5.9097298e-02   2.6432099e-02
  -6.2617097e-02  -1.8398799e-02
  -3.7877998e-02  -5.6534998e-02
   5.5242498e-03  -7.2136897e-02
   5.0284498e-02  -5.8284298e-02
   7.8303397e-02  -1.9890699e-02
   7.8007197e-02   2.8141499e-02
   4.9110698e-02   6.6834597e-02
   2.8628999e-03   8.0769697e-02
  -4.2376398e-02   6.4365897e-02
  -6.8489697e-02   2.4246099e-02
  -6.4938597e-02  -2.3313599e-02
  -3.3110899e-02  -5.8871598e-02
   1.4114599e-02  -6.7660397e-02
   5.7461098e-02  -4.5617498e-02
   7.8991197e-02  -1.1452700e-03
   6.9382397e-02   4.8156798e-02
   3.1790899e-02   8.2516697e-02
  -1.9296299e-02   8.7963896e-02
  -6.3805297e-02   6.2036597e-02
  -8.4135997e-02   1.4886799e-02
  -7.2299397e-02  -3.4706199e-02
  -3.3233599e-02  -6.6850297e-02
   1.7078599e-02  -6.8575397e-02
   5.7977598e-02  -3.9141098e-02
   7.2444397e-02   9.5549296e-03
   5.4019698e-02   5.7676598e-02
   9.5136196e-03   8.5401896e-02
  -4.3627698e-02   8.0939497e-02
  -8.4278596e-02   4.5366898e-02
  -9.6137496e-02  -7.6929097e-03
  -7.4350797e-02  -5.7468698e-02
  -2.7563599e-02  -8.4372196e-02
   2.5468599e-02  -7.7916997e-02
   6.3381397e-02  -4.1021598e-02
   7.0815897e-02   1.1072300e-02
   4.4670498e-02   5.6871098e-02
  -4.5534898e-03   7.7272197e-02
