   1.0513064e+01   0.0000000e+00
   3.6182550e+01   1.9233771e+01
   2.1613099e+01   3.2168090e+01
   3.3949965e+00   3.5375465e+01
  -1.2536017e+01   2.8950232e+01
  -2.1623581e+01   1.6225547e+01
  -2.2200070e+01   2.2912820e+00
  -1.5774837e+01  -8.1085807e+00
  -6.0447498e+00  -1.2242531e+01
   2.7723883e+00  -1.0139918e+01
   7.6484376e+00  -4.0867834e+00
   7.6756898e+00   2.6245975e+00
   4.0176047e+00   7.1977280e+00
  -9.9543938e-01   8.3433689e+00
  -5.0762482e+00   6.4723999e+00
  -6.9388320e+00   3.1256189e+00
  -6.6118054e+00   1.1949046e-02
  -5.0804409e+00  -1.8101757e+00
  -3.5501245e+00  -2.2692706e+00
  -2.7650512e+00  -2.0491566e+00
  -2.7084504e+00  -2.0030374e+00
  -2.7807736e+00  -2.5889600e+00
  -2.2986191e+00  -3.6234958e+00
  -9.7678210e-01  -4.4504955e+00
   8.5854944e-01  -4.3938948e+00
   2.4464099e+00  -3.2063273e+00
   3.0260435e+00  -1.2661796e+00
   2.2776559e+00   5.9514634e-01
   5.2753990e-01   1.5124977e+00
  -1.3951035e+00   1.0386237e+00
  -2.5617078e+00  -6.3151756e-01
  -2.3929537e+00  -2.7577140e+00
  -9.1169125e-01  -4.4211470e+00
   1.3028653e+00  -4.9546614e+00
   3.4337785e+00  -4.2198999e+00
   4.8194485e+00  -2.5931526e+00
   5.2240391e+00  -7.1285493e-01
   4.8519416e+00   8.7573929e-01
   4.1339506e+00   1.9590146e+00
   3.4232969e+00   2.6728129e+00
   2.7891589e+00   3.3027582e+00
   2.0250488e+00   4.0134120e+00
   8.5645311e-01   4.6758504e+00
  -7.9020928e-01   4.9022533e+00
  -2.6266938e+00   4.2922231e+00
  -4.0679164e+00   2.7210284e+00
  -4.5050000e+00   5.2303280e-01
  -3.6549406e+00  -1.5827245e+00
  -1.7692973e+00  -2.7902071e+00
   3.9599558e-01  -2.6036342e+00
   1.8982213e+00  -1.1183888e+00
   2.0418194e+00   9.6745346e-01
   7.2910144e-01   2.6424162e+00
  -1.4579932e+00   3.0449104e+00
  -3.5029572e+00   1.8720172e+00
  -4.4085691e+00  -4.5322522e-01
  -3.6696149e+00  -2.9631538e+00
  -1.5072569e+00  -4.5783713e+00
   1.2263495e+00  -4.5982864e+00
   3.4337785e+00  -3.0124174e+00
   4.2618264e+00  -4.9305537e-01
   3.4757050e+00   1.9254735e+00
   1.5229793e+00   3.3216252e+00
  -7.0373592e-01   3.2776023e+00
  -2.3028118e+00   2.0219044e+00
  -2.7587622e+00   2.6109714e-01
  -2.1309132e+00  -1.1980491e+00
  -9.4586132e-01  -1.8321871e+00
   1.2001454e-01  -1.6078804e+00
   5.9902454e-01  -9.2657514e-01
   4.4672661e-01  -3.4725605e-01
   9.9281898e-03  -2.5837192e-01
  -2.1592136e-01  -6.6526838e-01
   1.0027765e-01  -1.2085307e+00
   9.1672242e-01  -1.3919590e+00
   1.8269462e+00  -8.8779315e-01
   2.2787040e+00   2.4652769e-01
   1.8898360e+00   1.5617613e+00
   6.7973301e-01   2.4296393e+00
  -8.9628326e-01   2.3709423e+00
  -2.1497801e+00   1.3133469e+00
  -2.4883364e+00  -3.3488774e-01
  -1.7147929e+00  -1.8615356e+00
  -1.4181631e-01  -2.5784783e+00
   1.5439425e+00  -2.1508283e+00
   2.5921044e+00  -7.6180409e-01
   2.5417927e+00   9.7196056e-01
   1.4275965e+00   2.2818485e+00
  -2.4013390e-01   2.6015379e+00
  -1.7147929e+00   1.8196091e+00
  -2.3604607e+00   3.1350523e-01
  -1.9296661e+00  -1.2347348e+00
  -6.5143264e-01  -2.1581654e+00
   8.9376768e-01  -2.0973720e+00
   2.0564937e+00  -1.1320149e+00
   2.4034353e+00   2.9233236e-01
   1.8793543e+00   1.5932061e+00
   7.8329141e-01   2.3195823e+00
  -4.1496731e-01   2.3216787e+00
  -1.3060098e+00   1.7640565e+00
  -1.7116484e+00   9.8799743e-01
  -1.7106003e+00   3.0899814e-01
  -1.5313646e+00  -1.3154432e-01
  -1.3846219e+00  -3.9693892e-01
  -1.3280212e+00  -6.6201907e-01
  -1.2504572e+00  -1.0607399e+00
  -9.5864890e-01  -1.5690984e+00
  -3.3279141e-01  -1.9936040e+00
   5.6380630e-01  -2.0732643e+00
   1.4726675e+00  -1.6340844e+00
   2.0481084e+00  -7.1736202e-01
   2.0271452e+00   4.0176047e-01
   1.3762366e+00   1.3206840e+00
   3.3153362e-01   1.6875407e+00
  -6.9482654e-01   1.3730921e+00
  -1.2923837e+00   5.3162773e-01
  -1.2389274e+00  -4.5616007e-01
  -6.0017752e-01  -1.1603153e+00
   3.0805479e-01  -1.2923837e+00
   1.0680770e+00  -8.3234539e-01
   1.3563215e+00  -2.1214797e-02
   1.0785586e+00   7.6012703e-01
   4.0438087e-01   1.1749895e+00
  -3.3656480e-01   1.0796068e+00
  -8.1651814e-01   5.7586016e-01
  -8.6284690e-01  -6.1694811e-02
  -5.2324243e-01  -5.3131328e-01
  -1.9149918e-02  -6.5101337e-01
   3.8226466e-01  -4.3435830e-01
   5.0752001e-01  -6.0405572e-02
   3.5606061e-01   2.3730386e-01
   8.3727175e-02   3.0260435e-01
  -9.7573394e-02   1.3804293e-01
  -4.5249150e-02  -1.0348503e-01
   2.2944265e-01  -2.1078536e-01
   5.6244369e-01  -3.7932980e-02
   7.2270765e-01   4.0563867e-01
   5.3613483e-01   9.4617577e-01
  -1.3888146e-02   1.3227804e+00
  -7.6400523e-01   1.3154432e+00
  -1.4359818e+00   8.5226046e-01
  -1.7588157e+00   5.4106119e-02
  -1.5921580e+00  -8.1274476e-01
  -9.8558666e-01  -1.4496079e+00
  -1.5596649e-01  -1.6529514e+00
   6.0678094e-01  -1.3898627e+00
   1.0628362e+00  -8.0331130e-01
   1.1110516e+00  -1.4013925e-01
   8.1861447e-01   3.6077734e-01
   3.6706631e-01   5.6139553e-01
  -3.4243450e-02   4.6433573e-01
  -2.3866647e-01   1.8877396e-01
  -2.0994683e-01  -9.9805979e-02
  -1.5282201e-02  -2.6644276e-01
   2.2420184e-01  -2.5585633e-01
   3.9547150e-01  -9.6640530e-02
   4.3739797e-01   1.3154432e-01
   3.4966682e-01   3.4369230e-01
   1.7242264e-01   4.8393636e-01
  -4.4997592e-02   5.3288552e-01
  -2.6623313e-01   4.9420835e-01
  -4.6905246e-01   3.7398418e-01
  -6.3109830e-01   1.7200337e-01
  -7.1641868e-01  -1.0942811e-01
  -6.7658852e-01  -4.4536400e-01
  -4.7031026e-01  -7.7406758e-01
  -9.5131177e-02  -1.0020428e+00
   3.9169811e-01  -1.0343262e+00
   8.7573929e-01  -8.1609888e-01
   1.2179642e+00  -3.6654223e-01
   1.3081061e+00   2.1455875e-01
   1.1058108e+00   7.7658317e-01
   6.6516356e-01   1.1707969e+00
   1.1141961e-01   1.3039134e+00
  -4.0417124e-01   1.1707969e+00
  -7.6274744e-01   8.5110749e-01
  -9.1703687e-01   4.6360202e-01
  -8.9659771e-01   1.1938564e-01
  -7.7909876e-01  -1.2242531e-01
  -6.4461959e-01  -2.6549942e-01
  -5.3707817e-01  -3.5616542e-01
  -4.5070963e-01  -4.4442066e-01
  -3.4641752e-01  -5.4913203e-01
  -1.8699209e-01  -6.4629664e-01
   3.1308597e-02  -6.8444974e-01
   2.6749092e-01  -6.1904443e-01
   4.5280595e-01  -4.4431584e-01
   5.2544357e-01  -2.0512529e-01
   4.6569834e-01   1.9883632e-02
   3.0941740e-01   1.5439425e-01
   1.3447918e-01   1.6173139e-01
   2.4663250e-02   6.4388587e-02
   2.8908306e-02  -6.6883213e-02
   1.3814774e-01  -1.4674267e-01
   2.9002641e-01  -1.1718450e-01
   3.9966414e-01   2.4967217e-02
   4.0092194e-01   2.2692706e-01
   2.7744846e-01   4.0637238e-01
   6.9000500e-02   4.9053978e-01
  -1.4967752e-01   4.4924220e-01
  -3.0459586e-01   3.0543439e-01
  -3.5553653e-01   1.1970009e-01
  -3.0910295e-01  -4.1287098e-02
  -2.0847941e-01  -1.3605142e-01
  -1.0523546e-01  -1.6236028e-01
  -3.1843159e-02  -1.4915344e-01
   1.1833748e-02  -1.3185877e-01
   5.0793927e-02  -1.2787576e-01
   1.1162925e-01  -1.2420719e-01
   1.9841705e-01  -8.7280444e-02
   2.8206037e-01   1.3238285e-02
   3.1140891e-01   1.7850198e-01
   2.4002908e-01   3.6947708e-01
   5.5112354e-02   5.1747754e-01
  -2.0722161e-01   5.5363913e-01
  -4.7083434e-01   4.4274360e-01
  -6.4881223e-01   2.0313378e-01
  -6.8099080e-01  -9.5980188e-02
  -5.6045218e-01  -3.6245439e-01
  -3.3687924e-01  -5.1925942e-01
  -9.4062051e-02  -5.3634446e-01
   8.7290925e-02  -4.4064727e-01
   1.6361808e-01  -2.9966950e-01
   1.4433190e-01  -1.8824988e-01
   8.1987226e-02  -1.5366054e-01
   4.3184271e-02  -1.9558702e-01
   7.4901651e-02  -2.7126431e-01
   1.8248499e-01  -3.1885086e-01
   3.2912285e-01  -2.8981677e-01
   4.5595044e-01  -1.7168892e-01
   5.1035004e-01   7.2344136e-03
   4.7010062e-01   1.9338588e-01
   3.5061017e-01   3.3342031e-01
   1.9380514e-01   3.9662447e-01
   4.6632724e-02   3.8478024e-01
  -5.9336447e-02   3.2430130e-01
  -1.1760377e-01   2.4893846e-01
  -1.4139704e-01   1.8217054e-01
  -1.5009679e-01   1.2965763e-01
  -1.5418462e-01   8.2867682e-02
  -1.4999197e-01   3.2608318e-02
  -1.2567462e-01  -1.9705444e-02
  -7.3539041e-02  -5.8665623e-02
  -1.5911098e-03  -6.2837308e-02
   6.5185190e-02  -1.9191845e-02
   9.4586132e-02   6.4933631e-02
   6.3969322e-02   1.6005433e-01
  -2.5585633e-02   2.2587890e-01
  -1.4621859e-01   2.2954746e-01
  -2.5396964e-01   1.6309400e-01
  -3.0910295e-01   4.8351710e-02
  -2.9495277e-01  -7.2417508e-02
  -2.2587890e-01  -1.5680502e-01
  -1.4003443e-01  -1.8311389e-01
  -7.8664553e-02  -1.6057841e-01
  -6.4860260e-02  -1.2378792e-01
  -9.0928047e-02  -1.1288704e-01
  -1.2232050e-01  -1.5145940e-01
  -1.1655561e-01  -2.3174860e-01
  -4.6831875e-02  -3.1664972e-01
   8.1400255e-02  -3.5805211e-01
   2.2996673e-01  -3.2147126e-01
   3.4495009e-01  -2.0512529e-01
   3.8247429e-01  -4.3519683e-02
   3.3006619e-01   1.0775105e-01
   2.1382503e-01   1.9789297e-01
   8.5550977e-02   2.0460121e-01
  -2.0334341e-03   1.4401745e-01
  -2.0512529e-02   6.1359399e-02
   2.1277687e-02   7.7920358e-03
   8.3412726e-02   1.3856701e-02
   1.1676524e-01   7.4440460e-02
   8.9554955e-02   1.5208830e-01
   4.5804676e-03   1.9694963e-01
  -1.0114763e-01   1.7399488e-01
  -1.7483341e-01   8.2123487e-02
  -1.7493823e-01  -4.3236680e-02
  -9.2804257e-02  -1.4611377e-01
   4.1046021e-02  -1.7713937e-01
   1.7064076e-01  -1.1697487e-01
   2.4002908e-01   1.3259248e-02
   2.1896103e-01   1.6246510e-01
   1.1571708e-01   2.7273173e-01
  -2.7954479e-02   3.0543439e-01
  -1.5816763e-01   2.5669486e-01
  -2.3321603e-01   1.5607131e-01
  -2.4128688e-01   4.9001570e-02
  -2.0103746e-01  -2.5858155e-02
  -1.4841973e-01  -5.4305270e-02
  -1.1540263e-01  -4.9305537e-02
  -1.1320149e-01  -3.9494741e-02
  -1.2965763e-01  -5.0238401e-02
  -1.3856701e-01  -8.8244753e-02
  -1.1844230e-01  -1.3814774e-01
  -6.6317205e-02  -1.7273709e-01
  -1.5879653e-03  -1.7064076e-01
   4.5144334e-02  -1.3112506e-01
   5.0406107e-02  -7.7155200e-02
   1.3814774e-02  -4.4232433e-02
  -3.8153094e-02  -6.0185458e-02
  -6.3602466e-02  -1.2724686e-01
  -2.7053059e-02  -2.1634062e-01
   7.9576454e-02  -2.7786773e-01
   2.2808004e-01  -2.6528978e-01
   3.6276884e-01  -1.5890135e-01
   4.2461040e-01   2.0229525e-02
   3.7775756e-01   2.1634062e-01
   2.2891857e-01   3.6077734e-01
   2.5889600e-02   4.0176047e-01
  -1.6120730e-01   3.2723615e-01
  -2.6948243e-01   1.6980223e-01
  -2.6937762e-01  -7.6788343e-03
  -1.7567194e-01  -1.3971999e-01
  -3.7702385e-02  -1.8552466e-01
   8.4335109e-02  -1.4433190e-01
   1.4663785e-01  -5.0814890e-02
   1.3888146e-01   4.4756514e-02
   8.4460888e-02   1.0186038e-01
   2.3677978e-02   1.0785586e-01
  -9.0288669e-03   8.0184388e-02
  -3.2681689e-03   5.3288552e-02
   2.3531235e-02   5.6768450e-02
   3.7849127e-02   9.7793508e-02
   1.0502583e-02   1.5628094e-01
  -6.5195672e-02   1.9537738e-01
  -1.6749628e-01   1.8175128e-01
  -2.5554188e-01   1.0462752e-01
  -2.8971196e-01  -1.6445661e-02
  -2.5145405e-01  -1.3940554e-01
  -1.5407980e-01  -2.1906584e-01
  -3.7000116e-02  -2.2902338e-01
   5.2533876e-02  -1.7430933e-01
   8.2092042e-02  -8.9282433e-02
   4.9305537e-02  -2.0240007e-02
  -1.7409970e-02  -3.5176314e-03
  -7.3077850e-02  -4.7617996e-02
  -7.8308178e-02  -1.2934318e-01
  -1.8489576e-02  -2.0512529e-01
   8.9135690e-02  -2.3216787e-01
   2.0355305e-01  -1.8835470e-01
   2.7891589e-01  -8.2951535e-02
   2.8572894e-01   4.8739530e-02
   2.2273441e-01   1.6131212e-01
   1.1634597e-01   2.1969474e-01
   6.8235342e-03   2.1309132e-01
  -6.9912401e-02   1.5711947e-01
  -9.7196056e-02   8.3737656e-02
  -8.1861447e-02   2.4914809e-02
  -4.7083434e-02  -1.7808271e-03
  -1.8489576e-02   1.4737157e-03
  -1.0942811e-02   1.7651047e-02
  -2.2787040e-02   2.6749092e-02
  -3.9494741e-02   1.7640565e-02
  -4.4064727e-02  -6.2889716e-03
  -2.7902071e-02  -3.0197545e-02
   3.7639495e-03  -3.7366973e-02
   3.4704641e-02  -1.9632073e-02
   4.6789948e-02   1.7284190e-02
   3.0344288e-02   5.6097626e-02
  -1.0049777e-02   7.6861714e-02
  -5.7355421e-02   6.7333922e-02
  -9.0372521e-02   2.9484795e-02
  -9.4229757e-02  -2.1403467e-02
  -6.7480665e-02  -6.4210400e-02
  -2.2357294e-02  -8.2207340e-02
   2.1665507e-02  -7.0593706e-02
   4.7397882e-02  -3.7849127e-02
   4.7617996e-02  -5.0793927e-04
   2.7157876e-02   2.5407445e-02
  -1.1162925e-03   3.1696417e-02
  -2.3772313e-02   2.0439158e-02
  -3.3352513e-02   7.6777861e-04
  -3.0564402e-02  -1.7462378e-02
  -2.1487320e-02  -2.9191310e-02
  -1.1990972e-02  -3.5668950e-02
  -3.2210016e-03  -4.1360470e-02
   8.8066565e-03  -4.8529897e-02
   2.9191310e-02  -5.3529630e-02
   5.8204432e-02  -4.7471254e-02
   8.7615856e-02  -2.1770323e-02
   1.0232157e-01   2.4663250e-02
   8.7448150e-02   8.0834248e-02
   3.7691903e-02   1.2556980e-01
  -3.6455072e-02   1.3615623e-01
  -1.0974255e-01   9.9711644e-02
  -1.5135458e-01   2.2640298e-02
  -1.3940554e-01  -6.8937610e-02
  -7.2532805e-02  -1.3814774e-01
   2.5889600e-02  -1.5303164e-01
   1.1540263e-01  -1.0259409e-01
   1.5512797e-01  -3.9232701e-03
   1.2263495e-01   1.0211194e-01
   2.5816228e-02   1.6728664e-01
  -9.7709655e-02   1.5701466e-01
  -1.9485330e-01   6.6904176e-02
  -2.1906584e-01  -7.2826291e-02
  -1.5114495e-01  -2.0816496e-01
  -8.9460621e-03  -2.8289890e-01
   1.5837727e-01  -2.6183085e-01
   2.8950232e-01  -1.4611377e-01
   3.3520218e-01   2.6853909e-02
   2.7797254e-01   1.9747371e-01
   1.3825256e-01   3.0815961e-01
  -3.4390193e-02   3.2472057e-01
  -1.8164646e-01   2.4872883e-01
  -2.5889600e-01   1.1383039e-01
  -2.5103478e-01  -2.9096975e-02
  -1.7430933e-01  -1.3301175e-01
  -6.6705025e-02  -1.7210819e-01
   2.9652501e-02  -1.4779083e-01
   8.5393752e-02  -8.4083550e-02
   9.2688959e-02  -1.3720440e-02
   6.3822580e-02   3.6496998e-02
   2.1497801e-02   5.5259097e-02
  -1.3395509e-02   4.7638960e-02
  -3.0711144e-02   2.8342299e-02
  -3.2912285e-02   1.1886156e-02
  -3.0176582e-02   4.8487971e-03
  -3.2377722e-02   3.9389925e-03
  -4.2419113e-02  -2.8195556e-05
  -5.4598755e-02  -1.5083050e-02
  -5.8256840e-02  -4.2167554e-02
  -4.4452547e-02  -7.3601931e-02
  -1.1687006e-02  -9.6514750e-02
   3.2251943e-02  -9.9449604e-02
   7.3402780e-02  -7.8276733e-02
   9.7940251e-02  -3.8593322e-02
   9.8411923e-02   6.6432503e-03
   7.6777861e-02   4.2922231e-02
   4.3027047e-02   6.0321719e-02
   1.0298191e-02   5.7219160e-02
  -1.0911366e-02   3.9809190e-02
  -1.6602885e-02   1.8353315e-02
  -9.6326081e-03   2.1015647e-03
   3.1266670e-03  -4.3037529e-03
   1.4852455e-02  -1.5124977e-03
   2.1791286e-02   6.6128536e-03
   2.3824721e-02   1.6194102e-02
   2.2692706e-02   2.5596114e-02
   1.9338588e-02   3.5459318e-02
   1.2462645e-02   4.6706096e-02
  -8.8485830e-04   5.8110097e-02
  -2.2671743e-02   6.5164227e-02
  -5.1066449e-02   6.1453734e-02
  -7.9272487e-02   4.1999848e-02
  -9.7185574e-02   6.9639879e-03
  -9.5571405e-02  -3.6601815e-02
  -7.0729967e-02  -7.6222335e-02
  -2.7409434e-02  -9.8537703e-02
   2.1958992e-02  -9.4963471e-02
   6.1579513e-02  -6.5856014e-02
   7.8496847e-02  -2.1026128e-02
   6.7994264e-02   2.3751349e-02
   3.5553653e-02   5.3036994e-02
  -5.4441531e-03   5.7774685e-02
  -3.9295591e-02   3.8666694e-02
  -5.4357678e-02   5.3309516e-03
  -4.7303548e-02  -2.8258446e-02
  -2.3677978e-02  -4.9798173e-02
   5.4588273e-03  -5.3414332e-02
   2.8813971e-02  -4.1192764e-02
   3.9599558e-02  -2.0973720e-02
   3.7629013e-02  -2.0543974e-03
   2.8080258e-02   9.2772812e-03
   1.7955014e-02   1.1949046e-02
   1.2242531e-02   9.4680467e-03
   1.1749895e-02   7.0006735e-03
   1.3552734e-02   8.0624616e-03
   1.3500326e-02   1.2588425e-02
   9.1944764e-03   1.7357562e-02
   1.7064076e-03   1.8426687e-02
  -4.9923953e-03   1.3951035e-02
  -6.4797370e-03   5.7931910e-03
  -8.4597149e-04  -1.0806549e-03
   9.5906816e-03  -1.2598906e-03
   1.8877396e-02   7.9031409e-03
   2.0177117e-02   2.4243985e-02
   9.3454118e-03   4.1098429e-02
  -1.2483609e-02   5.0091659e-02
  -3.8781991e-02   4.4955665e-02
  -6.0049197e-02   2.4747103e-02
  -6.7858003e-02  -5.3194218e-03
  -5.8529362e-02  -3.5784248e-02
  -3.4778013e-02  -5.6799895e-02
  -4.6318276e-03  -6.2135039e-02
   2.2042845e-02  -5.1548604e-02
   3.7482271e-02  -3.0543439e-02
   3.8970660e-02  -7.6306188e-03
   2.9264681e-02   9.3349301e-03
   1.4747638e-02   1.6236028e-02
   2.2504037e-03   1.3741403e-02
  -3.9442333e-03   6.1548068e-03
  -3.3960446e-03  -1.2389274e-03
   1.1246777e-03  -4.7502699e-03
   5.7072417e-03  -3.6916263e-03
   7.5488622e-03  -1.7305153e-05
   6.2208410e-03   3.3509737e-03
   3.4044299e-03   4.4358213e-03
   1.4412227e-03   3.2859876e-03
   1.6508550e-03   1.6697220e-03
   3.4243450e-03   1.7011668e-03
   4.6223941e-03   4.2450558e-03
   3.0124174e-03   8.1169660e-03
  -2.1099500e-03   1.0575954e-02
  -9.0990937e-03   8.8716426e-03
  -1.4485598e-02   2.0449639e-03
  -1.4684749e-02  -8.1368810e-03
  -7.9387784e-03  -1.7609120e-02
   4.3876058e-03  -2.1770323e-02
   1.8070312e-02  -1.7692973e-02
   2.7702920e-02  -5.7009527e-03
   2.9044567e-02   1.0473234e-02
   2.0984202e-02   2.5176850e-02
   6.0845800e-03   3.3195288e-02
  -1.0513064e-02   3.1937494e-02
  -2.3279676e-02   2.2441147e-02
  -2.8614821e-02   8.7154664e-03
  -2.6130677e-02  -4.1800698e-03
  -1.8489576e-02  -1.2336866e-02
  -9.7929769e-03  -1.4527524e-02
  -3.5763285e-03  -1.2294939e-02
  -1.2640833e-03  -8.7552966e-03
  -1.8479095e-03  -6.7837040e-03
  -2.8415670e-03  -7.5268508e-03
  -1.9107992e-03  -9.9931758e-03
   1.7263227e-03  -1.1854711e-02
   6.8465937e-03  -1.0942811e-02
   1.0942811e-02  -6.6547801e-03
   1.1697487e-02  -3.8624767e-04
   8.3507061e-03   5.0846335e-03
   2.3111971e-03   7.0782375e-03
  -3.4505491e-03   4.4913739e-03
  -5.8497917e-03  -1.4852455e-03
  -3.2859876e-03  -7.8067100e-03
   3.4432119e-03  -1.1005700e-02
   1.1383039e-02  -8.8611609e-03
   1.6718183e-02  -1.5994951e-03
   1.6581922e-02   8.1305921e-03
   1.0392526e-02   1.6361808e-02
   1.9757852e-04   1.9569183e-02
  -1.0162978e-02   1.6225547e-02
  -1.6718183e-02   7.5006468e-03
  -1.7022150e-02  -3.2985656e-03
  -1.1152443e-02  -1.2116752e-02
  -1.5366054e-03  -1.5827245e-02
   8.1421219e-03  -1.3426954e-02
   1.4485598e-02  -6.2501896e-03
   1.5670021e-02   2.8048813e-03
   1.1928083e-02   1.0544509e-02
   5.1663901e-03   1.4737157e-02
  -2.0470602e-03   1.4779083e-02
  -7.5551512e-03   1.1592671e-02
  -1.0327539e-02   6.9293985e-03
  -1.0544509e-02   2.4893846e-03
  -9.1839948e-03  -6.9178687e-04
  -7.3423743e-03  -2.4348802e-03
  -5.7669869e-03  -3.1528711e-03
  -4.6821393e-03  -3.4117671e-03
  -3.9557631e-03  -3.5847138e-03
  -3.3970928e-03  -3.7660458e-03
  -2.9589611e-03  -3.9159330e-03
  -2.7273173e-03  -4.0846870e-03
  -2.7304618e-03  -4.5018555e-03
  -2.7409434e-03  -5.4609236e-03
  -2.2525000e-03  -7.0562261e-03
  -6.7847522e-04  -8.9502547e-03
   2.2839448e-03  -1.0361081e-02
   6.3518613e-03  -1.0327539e-02
   1.0596917e-02  -8.1536516e-03
   1.3709958e-02  -3.8163576e-03
   1.4527524e-02   1.8772580e-03
   1.2515053e-02   7.5100802e-03
   8.0383538e-03   1.1561226e-02
   2.3028118e-03   1.2965763e-02
  -3.1361005e-03   1.1519300e-02
  -6.9262540e-03   7.9251523e-03
  -8.3748138e-03   3.4107189e-03
  -7.5918368e-03  -7.2941589e-04
  -5.2942659e-03  -3.6035807e-03
  -2.4023871e-03  -4.9232166e-03
   3.4536936e-04  -4.9043497e-03
   2.5816228e-03  -3.9683411e-03
   4.2492485e-03  -2.4537471e-03
   5.3665891e-03  -4.8624232e-04
   5.8183469e-03   1.9233771e-03
   5.3036994e-03   4.6569834e-03
   3.4998127e-03   7.2931107e-03
   3.5270649e-04   9.1148161e-03
  -3.7042043e-03   9.3433154e-03
  -7.7375314e-03   7.5037912e-03
  -1.0586435e-02   3.7450826e-03
  -1.1288704e-02  -1.0900884e-03
  -9.5309364e-03  -5.7009527e-03
  -5.7795649e-03  -8.7877896e-03
  -1.1802303e-03  -9.5466588e-03
   2.8897824e-03  -7.9670788e-03
   5.3288552e-03  -4.8047743e-03
   5.6936156e-03  -1.2452164e-03
   4.2838378e-03   1.5711947e-03
   1.9212808e-03   2.9568648e-03
  -4.4442066e-04   2.8405188e-03
  -2.1141426e-03   1.6477106e-03
  -2.8216519e-03   2.7514251e-06
  -2.6822464e-03  -1.5774837e-03
  -1.9757852e-03  -2.8394707e-03
  -9.1735132e-04  -3.7534679e-03
   4.3855095e-04  -4.3331014e-03
   2.1130944e-03  -4.4651698e-03
   4.0165565e-03  -3.8897289e-03
   5.7963355e-03  -2.3415937e-03
   6.8507864e-03   1.9894113e-04
   6.5489157e-03   3.3174325e-03
   4.5595044e-03   6.1768182e-03
   1.1267741e-03   7.7710725e-03
  -2.8813971e-03   7.3402780e-03
  -6.2166484e-03   4.7513180e-03
  -7.7060865e-03   6.5185190e-04
  -6.7333922e-03  -3.6926745e-03
  -3.5270649e-03  -6.8528827e-03
   8.8747870e-04  -7.7731689e-03
   5.0689111e-03  -6.1768182e-03
   7.6977012e-03  -2.6570905e-03
   8.0593171e-03   1.5816763e-03
   6.2554304e-03   5.2125093e-03
   3.0794997e-03   7.2721475e-03
  -3.6727594e-04   7.4629129e-03
  -3.1256189e-03   6.1411807e-03
  -4.7010062e-03   4.0480014e-03
  -5.1338971e-03   1.9307143e-03
  -4.8131596e-03   2.4705177e-04
  -4.1926477e-03  -9.2395474e-04
  -3.5364983e-03  -1.7640565e-03
  -2.8489041e-03  -2.4820474e-03
  -1.9757852e-03  -3.1193299e-03
  -8.1190623e-04  -3.5081980e-03
   5.4200453e-04  -3.3866112e-03
   1.7577676e-03  -2.6088750e-03
   2.4243985e-03  -1.2986726e-03
   2.2755595e-03   1.4076815e-04
   1.3605142e-03   1.1833748e-03
   7.3926861e-05   1.4338855e-03
  -1.0111618e-03   8.3129723e-04
  -1.4024407e-03  -2.9830688e-04
  -9.2982445e-04  -1.3835737e-03
   1.6969742e-04  -1.8730654e-03
   1.3584179e-03  -1.4988716e-03
   2.0512529e-03  -4.0092194e-04
   1.8929804e-03   9.4219276e-04
   9.1179606e-04   1.9411959e-03
  -5.0563331e-04   2.1655025e-03
  -1.8091275e-03   1.5261238e-03
  -2.5365519e-03   2.8132666e-04
  -2.5019625e-03  -1.1183888e-03
  -1.8258981e-03  -2.2535481e-03
  -8.1263994e-04  -2.9107457e-03
   2.4243985e-04  -3.1203781e-03
   1.2032899e-03  -3.0480549e-03
   2.1172871e-03  -2.8279409e-03
   3.1025593e-03  -2.4317357e-03
   4.1769253e-03  -1.6686738e-03
   5.1433306e-03  -3.2849395e-04
   5.6003292e-03   1.6309400e-03
   5.1202710e-03   3.9400407e-03
   3.4788494e-03   6.0342682e-03
   8.4722929e-04   7.2427989e-03
  -2.1958992e-03   7.0677559e-03
  -4.8341228e-03   5.4305270e-03
  -6.3267054e-03   2.7524732e-03
  -6.3015495e-03  -1.7923569e-04
  -4.9148313e-03  -2.5113960e-03
  -2.7744846e-03  -3.6570370e-03
  -6.8581235e-04  -3.5081980e-03
   6.8203897e-04  -2.4390728e-03
   1.0523546e-03  -1.1058108e-03
   6.0101605e-04  -1.3867182e-04
  -1.8164646e-04   1.2598906e-04
  -7.6002221e-04  -2.5449372e-04
  -8.0760877e-04  -9.1682724e-04
  -3.3048546e-04  -1.4160668e-03
   3.8624767e-04  -1.4600896e-03
   9.6598603e-04  -1.0360032e-03
   1.1498336e-03  -3.7985388e-04
   9.2122952e-04   1.8625837e-04
   4.7712331e-04   4.4064727e-04
   8.9995183e-05   3.7398418e-04
  -6.7134772e-05   1.6487587e-04
  -1.8720172e-05   4.3184271e-05
   4.4117136e-05   1.2672278e-04
  -9.5361772e-05   3.3090472e-04
  -5.1380898e-04   4.1087948e-04
  -1.0596917e-03   1.1508818e-04
  -1.4024407e-03  -6.3445242e-04
  -1.2064344e-03  -1.6435179e-03
  -3.3142880e-04  -2.4967217e-03
   1.0389381e-03  -2.7409434e-03
   2.4380246e-03  -2.1267206e-03
   3.3079990e-03  -7.6096556e-04
   3.2639762e-03   8.9796032e-04
   2.2923301e-03   2.2273441e-03
   7.8612145e-04   2.7220765e-03
  -6.1988296e-04   2.2367776e-03
  -1.3374546e-03   1.0659807e-03
  -1.1016182e-03  -1.8646801e-04
  -1.0005754e-04  -8.8349569e-04
   1.1141961e-03  -6.5950349e-04
   1.8783062e-03   4.0605793e-04
   1.7389006e-03   1.8238018e-03
   6.6180944e-04   2.9264681e-03
  -9.5173103e-04   3.1780270e-03
  -2.4558434e-03   2.4264949e-03
  -3.2618799e-03   9.5990669e-04
  -3.1067520e-03  -6.4157992e-04
  -2.1529246e-03  -1.7829234e-03
  -8.8035120e-04  -2.1277687e-03
   1.5879653e-04  -1.7326117e-03
   6.1432771e-04  -9.7615320e-04
   4.8571824e-04  -3.3677443e-04
   8.3811028e-05  -1.3426954e-04
  -1.7043113e-04  -3.6832410e-04
   1.6194102e-06  -7.3926861e-04
   5.6778932e-04  -8.3486098e-04
   1.1907120e-03  -3.8331282e-04
   1.4076815e-03   5.6380630e-04
   8.9156654e-04   1.6194102e-03
  -3.4012855e-04   2.2325849e-03
  -1.8866915e-03   1.9632073e-03
  -3.1172336e-03   7.1945835e-04
  -3.4505491e-03  -1.1561226e-03
  -2.6298383e-03  -3.0082247e-03
  -8.5970241e-04  -4.1433841e-03
   1.2682759e-03  -4.1276617e-03
   3.0197545e-03  -2.9746836e-03
   3.8278874e-03  -1.1362075e-03
   3.5186796e-03   7.0729967e-04
   2.3625570e-03   1.9317624e-03
   9.2426919e-04   2.2304886e-03
  -2.0103746e-04   1.7064076e-03
  -6.4189436e-04   7.8266251e-04
  -3.8425616e-04  -1.8877396e-05
   2.7105467e-04  -3.2377722e-04
   8.8926058e-04  -5.3016030e-05
   1.1225814e-03   5.8214913e-04
   8.6347580e-04   1.2221568e-03
   2.6298383e-04   1.5565205e-03
  -3.8069241e-04   1.4684749e-03
  -7.9471637e-04   1.0701733e-03
  -8.7007922e-04   6.1149767e-04
  -6.9943845e-04   3.2744579e-04
  -5.0091659e-04   3.0753071e-04
  -4.7869555e-04   4.5762750e-04
  -6.9975290e-04   5.6789413e-04
  -1.0534027e-03   4.4483992e-04
  -1.3164914e-03   3.3362994e-05
  -1.2798057e-03  -5.4032747e-04
  -8.7752117e-04  -1.0268842e-03
  -2.3531235e-04  -1.1833748e-03
   3.7702385e-04  -9.0634562e-04
   6.7480665e-04  -2.9746836e-04
   4.9882026e-04   3.7220230e-04
  -1.0045584e-04   7.8287214e-04
  -8.7867414e-04   7.1170195e-04
  -1.5020160e-03   1.3437436e-04
  -1.6906852e-03  -7.6473894e-04
  -1.3332620e-03  -1.6739146e-03
  -5.2313762e-04  -2.2849930e-03
   4.9599022e-04  -2.4097243e-03
   1.4359818e-03  -2.0355305e-03
   2.0722161e-03  -1.3018171e-03
   2.3059562e-03  -4.2146591e-04
   2.1634062e-03   4.0637238e-04
   1.7451896e-03   1.0502583e-03
   1.1666042e-03   1.4517043e-03
   5.2764471e-04   1.5984469e-03
  -8.8360051e-05   1.4946789e-03
  -5.9315484e-04   1.1550744e-03
  -8.8381014e-04   6.2648638e-04
  -8.6546730e-04   1.9317624e-05
  -5.0416589e-04  -4.8865309e-04
   1.1917601e-04  -6.9681805e-04
   7.9545009e-04  -4.6569834e-04
   1.2389274e-03   1.9632073e-04
   1.1970009e-03   1.0932329e-03
   5.7313494e-04   1.8877396e-03
  -4.9640949e-04   2.2200070e-03
  -1.6634330e-03   1.8688727e-03
  -2.4904327e-03   8.6965995e-04
  -2.6287901e-03  -4.7272103e-04
  -1.9831224e-03  -1.6843962e-03
  -7.6809306e-04  -2.3122452e-03
   5.5751733e-04  -2.1246242e-03
   1.4789565e-03  -1.2169160e-03
   1.6424697e-03   1.6435179e-05
   1.0146207e-03   1.0395670e-03
  -1.0073884e-04   1.4097778e-03
  -1.1875675e-03   9.6797754e-04
  -1.7430933e-03  -8.8643054e-05
  -1.4957271e-03  -1.2923837e-03
  -5.2638692e-04  -2.1089018e-03
   7.7197126e-04  -2.1707434e-03
   1.8646801e-03  -1.4338855e-03
   2.3101489e-03  -1.9590146e-04
   1.9453885e-03   1.0456463e-03
   9.4764320e-04   1.8059830e-03
  -2.5187331e-04   1.8185609e-03
  -1.1655561e-03   1.1393520e-03
  -1.4538006e-03   1.0438645e-04
  -1.0617880e-03  -8.3286947e-04
  -2.1707434e-04  -1.2976245e-03
   6.8916647e-04  -1.1445928e-03
   1.2819020e-03  -4.9777210e-04
   1.3573697e-03   3.3121917e-04
   9.5225511e-04   9.9785016e-04
   2.9296126e-04   1.2756131e-03
  -3.2723615e-04   1.1351594e-03
  -6.8780386e-04   7.3098813e-04
  -7.2826291e-04   2.9725872e-04
  -5.4955130e-04   2.8247964e-05
  -3.3824185e-04  -1.0133630e-05
  -2.5837192e-04   1.0649325e-04
  -3.6842892e-04   2.2000919e-04
  -6.0017752e-04   1.8353315e-04
  -8.0456910e-04  -5.8068171e-05
  -8.3569951e-04  -4.4253397e-04
  -6.2669602e-04  -8.2511307e-04
  -2.2179106e-04  -1.0523546e-03
   2.4914809e-04  -1.0375755e-03
   6.3497650e-04  -7.9199115e-04
   8.3056351e-04  -4.1454804e-04
   8.1620369e-04  -3.6193031e-05
   6.5059411e-04   2.3960982e-04
   4.2922231e-04   3.7503234e-04
   2.3311121e-04   3.9610039e-04
   9.6357526e-05   3.6056770e-04
   6.4912668e-06   3.1602082e-04
  -6.7795114e-05   2.7472324e-04
  -1.4265484e-04   2.1780805e-04
  -2.0124709e-04   1.2242531e-04
  -2.0439158e-04  -7.2019206e-06
  -1.2179642e-04  -1.2756131e-04
   3.5459318e-05  -1.7294672e-04
   2.0449639e-04  -9.3978198e-05
   2.9201791e-04   1.0445982e-04
   2.2095253e-04   3.4903792e-04
  -2.2766077e-05   5.2125093e-04
  -3.6769520e-04   5.0961633e-04
  -6.7669334e-04   2.6811982e-04
  -8.0268240e-04  -1.5041124e-04
  -6.5583492e-04  -6.0510388e-04
  -2.5134923e-04  -9.1976209e-04
   2.8709155e-04  -9.5728629e-04
   7.7270497e-04  -6.8088599e-04
   1.0303432e-03  -1.7368043e-04
   9.6766309e-04   3.9274627e-04
   6.1139285e-04   8.2689495e-04
   9.3202559e-05   9.9281898e-04
  -4.0721091e-04   8.5970241e-04
  -7.3497114e-04   5.0427070e-04
  -8.1588924e-04   7.0142996e-05
  -6.7365367e-04  -2.9673464e-04
  -4.0406642e-04  -5.0458515e-04
  -1.2232050e-04  -5.4032747e-04
   8.7668264e-05  -4.5616007e-04
   2.0030374e-04  -3.2975174e-04
   2.4191577e-04  -2.1990437e-04
   2.5931526e-04  -1.4307410e-04
   2.8384225e-04  -7.7616391e-05
   3.1119928e-04   9.4649022e-06
   3.0774034e-04   1.3081061e-04
   2.3719904e-04   2.6225011e-04
   9.0896602e-05   3.5176314e-04
  -9.6525232e-05   3.4809458e-04
  -2.5721894e-04   2.3353048e-04
  -3.2168090e-04   4.1779734e-05
  -2.5533225e-04  -1.5135458e-04
  -8.1473627e-05  -2.6025861e-04
   1.2431200e-04  -2.3122452e-04
   2.6560423e-04  -7.0352629e-05
   2.6895835e-04   1.5428944e-04
   1.1938564e-04   3.4107189e-04
  -1.3018171e-04   3.9914006e-04
  -3.8058760e-04   2.8908306e-04
  -5.2837843e-04   4.0731573e-05
  -5.0940670e-04  -2.5942008e-04
  -3.2461575e-04  -5.0500442e-04
  -3.6528443e-05  -6.1296510e-04
   2.5900081e-04  -5.5479211e-04
   4.7303548e-04  -3.6193031e-04
   5.5552582e-04  -1.0617880e-04
   5.0793927e-04   1.3322138e-04
   3.7157340e-04   3.0019358e-04
   2.0313378e-04   3.7670940e-04
   4.8163041e-05   3.7775756e-04
  -7.2144986e-05   3.3310586e-04
  -1.5869172e-04   2.6738611e-04
  -2.2074290e-04   1.9024139e-04
  -2.6120195e-04   9.9491530e-05
  -2.7074023e-04  -6.3581503e-06
  -2.3426419e-04  -1.1603153e-04
  -1.4517043e-04  -2.0281933e-04
  -1.7514786e-05  -2.3436901e-04
   1.1215333e-04  -1.9045102e-04
   1.9684481e-04  -7.7721207e-05
   1.9998930e-04   6.6694543e-05
   1.1466891e-04   1.8730654e-04
  -2.9191310e-05   2.3363529e-04
  -1.7504304e-04   1.8311389e-04
  -2.6319346e-04   5.3319997e-05
  -2.5669486e-04  -1.0470090e-04
  -1.5837727e-04  -2.2776559e-04
  -9.0603117e-06  -2.6811982e-04
   1.3049616e-04  -2.1392985e-04
   2.0648790e-04  -9.3213040e-05
   1.9527257e-04   4.0679164e-05
   1.1100035e-04   1.3343101e-04
  -3.2000384e-06   1.5334609e-04
  -9.7342798e-05   1.0300287e-04
  -1.3709958e-04   1.3867182e-05
  -1.1687006e-04  -7.1799092e-05
  -5.7889983e-05  -1.2190123e-04
   6.7554036e-06  -1.2777094e-04
   5.0961633e-05  -1.0414537e-04
   6.8340158e-05  -7.6222335e-05
   7.2386063e-05  -6.2763936e-05
   8.4869671e-05  -6.4147510e-05
   1.1938564e-04  -6.2376116e-05
   1.6969742e-04  -3.2943729e-05
   2.1005165e-04   3.8184539e-05
   2.0743125e-04   1.4192113e-04
   1.4024407e-04   2.4558434e-04
   1.3605142e-05   3.0532957e-04
  -1.3846219e-04   2.8698674e-04
  -2.6392717e-04   1.8395242e-04
  -3.1486784e-04   2.3908574e-05
  -2.6874872e-04  -1.3992962e-04
  -1.3951035e-04  -2.4967217e-04
   2.6329828e-05  -2.6686203e-04
   1.6833481e-04  -1.8824988e-04
   2.3657015e-04  -4.7020544e-05
   2.1120463e-04   1.0157737e-04
   1.0879921e-04   2.0292415e-04
  -2.6319346e-05   2.2483073e-04
  -1.4192113e-04   1.6781072e-04
  -1.9904595e-04   6.2334190e-05
  -1.8583911e-04  -4.6957654e-05
  -1.1907120e-04  -1.2053862e-04
  -3.2880840e-05  -1.3888146e-04
   3.7136377e-05  -1.0712215e-04
   6.8549790e-05  -4.8896754e-05
   5.8707550e-05   6.9231095e-06
   2.1759842e-05   3.8844881e-05
  -2.0910830e-05   4.0029304e-05
  -5.1370416e-05   1.7514786e-05
  -6.1789146e-05  -1.4506561e-05
  -5.4797906e-05  -4.3121382e-05
  -3.8687657e-05  -6.2197929e-05
  -2.0952757e-05  -7.2836772e-05
  -4.1549139e-06  -7.9628862e-05
   1.4097778e-05  -8.5582421e-05
   3.7566124e-05  -8.9083282e-05
   6.7019474e-05  -8.4618112e-05
   9.7845916e-05  -6.6568764e-05
   1.2137715e-04  -3.3593590e-05
   1.2881910e-04   9.1955246e-06
   1.1645079e-04   5.1632457e-05
   8.7469113e-05   8.2867682e-05
   5.1108376e-05   9.6336563e-05
   1.8405723e-05   9.2647033e-05
  -2.9778280e-06   7.8874185e-05
  -1.1970009e-05   6.4577256e-05
  -1.3825256e-05   5.6820858e-05
  -1.6602885e-05   5.6778932e-05
  -2.6319346e-05   5.9588006e-05
  -4.3498720e-05   5.7565053e-05
  -6.2774418e-05   4.4777478e-05
  -7.5687773e-05   2.0680235e-05
  -7.5205618e-05  -9.1766577e-06
  -5.9462226e-05  -3.5689914e-05
  -3.2776023e-05  -5.0406107e-05
  -3.6790484e-06  -4.9368427e-05
   1.8982213e-05  -3.4505491e-05
   2.9725872e-05  -1.2221568e-05
   2.8101221e-05   1.0014139e-05
   1.7619602e-05   2.6948243e-05
   2.9338052e-06   3.7104932e-05
  -1.2923837e-05   4.1863587e-05
  -2.9725872e-05   4.2964157e-05
  -4.8886272e-05   4.0113157e-05
  -7.0834783e-05   3.0302361e-05
  -9.2699441e-05   9.4523243e-06
  -1.0785586e-04  -2.4453618e-05
  -1.0785586e-04  -6.8591717e-05
  -8.6620102e-05  -1.1456410e-04
  -4.3414867e-05  -1.5041124e-04
   1.5051605e-05  -1.6498069e-04
   7.6358596e-05  -1.5219311e-04
   1.2640833e-04  -1.1372557e-04
   1.5449907e-04  -5.8529362e-05
   1.5617613e-04   2.6895835e-07
   1.3479362e-04   5.0259364e-05
   9.8757817e-05   8.3381281e-05
   5.8225395e-05   9.7552431e-05
   2.1267206e-05   9.5592368e-05
  -7.6107038e-06   8.2637086e-05
  -2.7126431e-05   6.3518613e-05
  -3.7482271e-05   4.1601547e-05
  -3.8792473e-05   1.9254735e-05
  -3.0784516e-05  -7.9807049e-07
  -1.3930072e-05  -1.4475116e-05
   8.7028885e-06  -1.7032631e-05
   3.0700663e-05  -5.1936424e-06
   4.3372941e-05   2.0135191e-05
   3.8907771e-05   5.2408096e-05
   1.4275965e-05   8.0509318e-05
  -2.6225011e-05   9.2364029e-05
  -7.1180677e-05   7.9932829e-05
  -1.0554991e-04   4.3257643e-05
  -1.1655561e-04  -8.5351826e-06
  -9.8611074e-05  -5.9891973e-05
  -5.6265332e-05  -9.4491798e-05
  -2.8405188e-06  -1.0150400e-04
   4.4588808e-05  -7.9670788e-05
   7.1516088e-05  -3.7660458e-05
   7.1275011e-05   9.5781037e-06
   4.6852838e-05   4.6674651e-05
   8.8098010e-06   6.3434760e-05
  -2.9495277e-05   5.7774685e-05
  -5.7145788e-05   3.5050535e-05
  -6.9042426e-05   4.5773231e-06
  -6.6233352e-05  -2.4768066e-05
  -5.3508666e-05  -4.7733294e-05
  -3.5951954e-05  -6.3319462e-05
  -1.6424697e-05  -7.3056886e-05
   4.8865309e-06  -7.8297696e-05
   2.8834935e-05  -7.8297696e-05
   5.4818869e-05  -7.0247812e-05
   7.9230560e-05  -5.1307526e-05
   9.5833445e-05  -2.1288169e-05
   9.8296626e-05   1.5565205e-05
   8.3433689e-05   5.1066449e-05
   5.3550593e-05   7.5771626e-05
   1.6445661e-05   8.2846719e-05
  -1.7210819e-05   7.1149232e-05
  -3.7922499e-05   4.6045754e-05
  -4.1140356e-05   1.7347080e-05
  -2.8992159e-05  -4.5626489e-06
  -9.0645044e-06  -1.2902873e-05
   8.9900849e-06  -6.8864239e-06
   1.7493823e-05   8.5550977e-06
   1.3615623e-05   2.5376000e-05
  -1.4234039e-07   3.6130142e-05
  -1.7766345e-05   3.6832410e-05
  -3.2828432e-05   2.8038332e-05
  -4.1150837e-05   1.3552734e-05
  -4.1936959e-05  -1.8793543e-06
  -3.7031561e-05  -1.4883899e-05
  -2.9013122e-05  -2.4390728e-05
  -1.9495812e-05  -3.0952222e-05
  -8.5236528e-06  -3.5207759e-05
   4.5291077e-06  -3.6476035e-05
   1.9317624e-05  -3.2629281e-05
   3.3279141e-05  -2.1466356e-05
   4.1779734e-05  -2.6361272e-06
   3.9861598e-05   2.0743125e-05
   2.4862401e-05   4.2219962e-05
  -1.4307410e-06   5.4001303e-05
  -3.2430130e-05   5.0133585e-05
  -5.8581770e-05   2.9379979e-05
  -7.0803338e-05  -3.5700395e-06
  -6.4074139e-05  -3.9327036e-05
  -3.9610039e-05  -6.7113808e-05
  -4.5112889e-06  -7.8675034e-05
   3.0868369e-05  -7.1222603e-05
   5.6737005e-05  -4.8204967e-05
   6.7218624e-05  -1.7504304e-05
   6.1904443e-05   1.1718450e-05
   4.5175779e-05   3.2346277e-05
   2.3751349e-05   4.1287098e-05
   3.9505223e-06   3.9568113e-05
  -1.0288757e-05   3.0742589e-05
  -1.7839716e-05   1.8898360e-05
  -1.9527257e-05   7.0646114e-06
  -1.6718183e-05  -3.1350523e-06
  -1.0434452e-05  -1.0900884e-05
  -1.3395509e-06  -1.5334609e-05
   9.5141658e-06  -1.5104013e-05
   1.9936040e-05  -9.0194334e-06
   2.6581387e-05   2.8593857e-06
   2.6036342e-05   1.8196091e-05
   1.6560958e-05   3.2440612e-05
  -4.9169276e-07   4.0217973e-05
  -2.0428676e-05   3.7566124e-05
  -3.6591333e-05   2.4044835e-05
  -4.3016566e-05   3.4484527e-06
  -3.7073487e-05  -1.7294672e-05
  -2.0879386e-05  -3.0857887e-05
  -6.6956584e-07  -3.2597836e-05
   1.5732911e-05  -2.2640298e-05
   2.2273441e-05  -5.8497917e-06
   1.7221300e-05   1.0278276e-05
   3.8278874e-06   1.8971731e-05
  -1.1299186e-05   1.7116484e-05
  -2.1319614e-05   6.4325698e-06
  -2.2273441e-05  -7.5949813e-06
  -1.4663785e-05  -1.8531503e-05
  -2.8782527e-06  -2.2074290e-05
   7.2805328e-06  -1.7955014e-05
   1.1592671e-05  -9.6850162e-06
   9.4439390e-06  -2.4610842e-06
   3.8991624e-06  -2.3300640e-07
  -2.1655025e-07  -3.6035807e-06
   8.7773080e-07  -9.5665739e-06
   7.6977012e-06  -1.3248767e-05
   1.7053595e-05  -1.0691252e-05
   2.3688460e-05  -1.2693241e-06
   2.3059562e-05   1.1728932e-05
   1.4013925e-05   2.2525000e-05
  -3.3792741e-07   2.5753339e-05
  -1.3846219e-05   1.9349069e-05
  -2.0292415e-05   5.8780921e-06
  -1.6477106e-05  -8.4429443e-06
  -4.0993613e-06  -1.6602885e-05
   1.0848476e-05  -1.4223557e-05
   2.0722161e-05  -1.8521021e-06
   1.9894113e-05   1.5041124e-05
   7.4933096e-06   2.8415670e-05
  -1.1949046e-05   3.1329560e-05
  -3.0354769e-05   2.1204316e-05
  -3.9651966e-05   1.1058108e-06
  -3.5375465e-05  -2.1466356e-05
  -1.8594393e-05  -3.7828164e-05
   4.5626489e-06  -4.1790216e-05
   2.5606596e-05  -3.2168090e-05
   3.7272638e-05  -1.3081061e-05
   3.6381701e-05   8.1400255e-06
   2.4768066e-05   2.4118206e-05
   7.9429711e-06   3.0438622e-05
  -7.6117519e-06   2.6979688e-05
  -1.7242264e-05   1.7252745e-05
  -1.9694963e-05   6.2407561e-06
  -1.6917334e-05  -2.0847941e-06
  -1.2347348e-05  -6.3288017e-06
  -8.7867414e-06  -7.6725453e-06
  -7.0352629e-06  -8.5226046e-06
  -5.7858538e-06  -1.0659807e-05
  -2.8656747e-06  -1.3992962e-05
   3.0511994e-06  -1.6529514e-05
   1.1257259e-05  -1.5596649e-05
   1.9024139e-05  -9.6126930e-06
   2.2849930e-05   7.4304199e-07
   2.0313378e-05   1.2399756e-05
   1.1435447e-05   2.1151908e-05
  -9.7730618e-07   2.3573162e-05
  -1.2473127e-05   1.8678246e-05
  -1.8866915e-05   8.4628594e-06
  -1.8133201e-05  -2.8918788e-06
  -1.1236296e-05  -1.0890402e-05
  -1.6854444e-06  -1.2682759e-05
   6.0992543e-06  -8.2364564e-06
   8.7532003e-06  -2.1571172e-07
   5.3582038e-06   7.3046405e-06
  -2.3080526e-06   1.0691252e-05
  -1.0712215e-05   8.2563715e-06
  -1.6173139e-05   8.1442182e-07
  -1.6351326e-05  -8.8747870e-06
  -1.1016182e-05  -1.7389006e-05
  -1.8856433e-06  -2.2000919e-05
   8.3496579e-06  -2.1529246e-05
   1.7064076e-05  -1.6414216e-05
   2.2504037e-05  -8.1704222e-06
   2.3960982e-05   1.3290693e-06
   2.1550209e-05   1.0418730e-05
   1.5858690e-05   1.7787308e-05
   7.6924604e-06   2.2378257e-05
  -1.8038867e-06   2.3311121e-05
  -1.1026663e-05   2.0051338e-05
  -1.7965495e-05   1.2819020e-05
  -2.0669753e-05   2.9956468e-06
  -1.8028385e-05  -6.9293985e-06
  -1.0534027e-05  -1.3909109e-05
  -4.8750011e-07  -1.5491833e-05
   8.5068822e-06  -1.0942811e-05
   1.2902873e-05  -1.8772580e-06
   1.0691252e-05   8.0834248e-06
   2.5092997e-06   1.4663785e-05
  -8.4471370e-06   1.4716193e-05
  -1.7546231e-05   7.6893159e-06
  -2.0680235e-05  -3.9347999e-06
  -1.6078804e-05  -1.5554723e-05
  -5.2355688e-06  -2.2378257e-05
   7.6599674e-06  -2.1487320e-05
   1.7462378e-05  -1.3196359e-05
   2.0323860e-05  -9.7458096e-07
   1.5366054e-05   1.0092751e-05
   5.0940670e-06   1.5502315e-05
  -5.7764204e-06   1.3332620e-05
  -1.2431200e-05   5.0605258e-06
  -1.2116752e-05  -5.1936424e-06
  -5.3393369e-06  -1.2577943e-05
   4.4746033e-06  -1.3730921e-05
   1.2619870e-05  -8.2951535e-06
   1.5313646e-05   1.0164026e-06
   1.1456410e-05   9.7636284e-06
   3.0354769e-06   1.3888146e-05
  -5.8518880e-06   1.1592671e-05
  -1.0953292e-05   4.1632992e-06
  -9.8453850e-06  -4.7156805e-06
  -3.0564402e-06  -1.0680770e-05
   6.2449488e-06  -1.0733178e-05
   1.3709958e-05  -4.5521673e-06
   1.5795800e-05   5.3728780e-06
   1.1299186e-05   1.4915344e-05
   1.8196091e-06   2.0166635e-05
  -9.0498301e-06   1.9055584e-05
  -1.7315635e-05   1.2158678e-05
  -2.0292415e-05   2.2378257e-06
  -1.7535749e-05  -7.0436482e-06
  -1.0827513e-05  -1.2714204e-05
  -3.1748825e-06  -1.3605142e-05
   2.5973453e-06  -1.0554991e-05
   4.9420835e-06  -5.7638424e-06
   4.0050267e-06  -1.6393253e-06
   1.2431200e-06   2.3436901e-07
  -1.4600896e-06  -4.0207492e-07
  -2.6927280e-06  -2.6665239e-06
  -2.0082783e-06  -5.1831607e-06
   1.2892392e-07  -6.8109562e-06
   2.8111703e-06  -7.0667077e-06
   5.2397615e-06  -6.1181212e-06
   7.0405037e-06  -4.4379176e-06
   8.2333119e-06  -2.3992427e-06
   8.9387249e-06  -8.9125209e-08
   9.0707933e-06   2.5868636e-06
   8.2731421e-06   5.5856549e-06
   6.1296510e-06   8.4660039e-06
   2.5648522e-06   1.0394622e-05
  -1.8636319e-06   1.0471138e-05
  -5.9839564e-06   8.2427454e-06
  -8.4156921e-06   4.0909760e-06
  -8.1955781e-06  -7.2595695e-07
  -5.3078920e-06  -4.5018555e-06
  -8.3528024e-07  -5.7879502e-06
   3.4075744e-06  -4.0721091e-06
   5.6191961e-06  -8.1830002e-08
   4.8037261e-06   4.4704106e-06
   1.2368311e-06   7.5970777e-06
  -3.6276884e-06   7.8999965e-06
  -7.7878431e-06   5.1800162e-06
  -9.5613331e-06   5.1810644e-07
  -8.3119241e-06  -4.2230444e-06
  -4.6873801e-06  -7.2270765e-06
  -2.8247964e-07  -7.5069357e-06
   3.1046556e-06  -5.2879769e-06
   4.2681154e-06  -1.8206573e-06
   3.0732108e-06   1.2441682e-06
   4.1433841e-07   2.6172603e-06
  -2.2818485e-06   1.9034621e-06
  -3.7555642e-06  -3.2189053e-07
  -3.4589344e-06  -2.8897824e-06
  -1.7147929e-06  -4.6538390e-06
   5.6191961e-07  -5.0185993e-06
   2.3950500e-06  -4.1412878e-06
   3.2419648e-06  -2.7262692e-06
   3.2031829e-06  -1.5638576e-06
   2.8656747e-06  -1.0764623e-06
   2.8845416e-06  -1.1079072e-06
   3.5564134e-06  -1.0617880e-06
   4.6098162e-06  -3.0323325e-07
   5.3382887e-06   1.4202594e-06
   4.9934434e-06   3.7566124e-06
   3.2314832e-06   5.8634178e-06
   3.6874337e-07   6.8057154e-06
  -2.6937762e-06   6.0321719e-06
  -4.8571824e-06   3.6853373e-06
  -5.3236144e-06   5.9210667e-07
  -3.9767264e-06  -2.0868904e-06
  -1.4433190e-06  -3.3604071e-06
   1.1760377e-06  -2.8384225e-06
   2.7964960e-06  -8.8988948e-07
   2.8122185e-06   1.5491833e-06
   1.3238285e-06   3.4054781e-06
  -9.5099732e-07   3.9337517e-06
  -3.0354769e-06   3.0050802e-06
  -4.1339506e-06   1.0995219e-06
  -3.9431852e-06  -9.6598603e-07
  -2.7199802e-06  -2.4254467e-06
  -1.0837994e-06  -2.8793008e-06
   3.0082247e-07  -2.3960982e-06
   1.0168219e-06  -1.3982480e-06
   1.0153545e-06  -3.9610039e-07
   5.4242380e-07   2.5134923e-07
  -5.9640414e-08   4.5437820e-07
  -5.5007538e-07   3.4044299e-07
  -8.7710190e-07   9.5665739e-08
  -1.1246777e-06  -1.8866915e-07
  -1.3678513e-06  -5.6810377e-07
  -1.5523278e-06  -1.1687006e-06
  -1.4695230e-06  -2.0365786e-06
  -8.6620102e-07  -3.0166100e-06
   3.7325046e-07  -3.7471789e-06
   2.0879386e-06  -3.7995870e-06
   3.8278874e-06  -2.8929269e-06
   4.9986842e-06  -1.0775105e-06
   5.1150302e-06   1.2211086e-06
   4.0238936e-06   3.3289623e-06
   2.0093264e-06   4.5940937e-06
  -3.0679700e-07   4.6433573e-06
  -2.2063809e-06   3.5427873e-06
  -3.1623045e-06   1.7598639e-06
  -3.0354769e-06  -5.1569567e-08
  -2.0879386e-06  -1.3185877e-06
  -8.3307910e-07  -1.7745381e-06
   2.2063809e-07  -1.5177385e-06
   7.8371067e-07  -8.9837959e-07
   8.6955514e-07  -3.0952222e-07
   7.1788610e-07   1.7692973e-08
   6.1118322e-07   1.0027765e-07
   6.9346393e-07   1.4181631e-07
   8.8894613e-07   3.6748557e-07
   9.6284155e-07   8.5498568e-07
   6.8277268e-07   1.4600896e-06
  -1.2085307e-08   1.8824988e-06
  -9.3506526e-07   1.8321871e-06
  -1.7189856e-06   1.2169160e-06
  -1.9977966e-06   2.2420184e-07
  -1.6099767e-06  -7.3245556e-07
  -7.1012971e-07  -1.2085307e-06
   2.6728129e-07  -9.5235993e-07
   8.0320649e-07  -5.9787156e-08
   5.4210935e-07   1.0405103e-06
  -5.1559085e-07   1.7619602e-06
  -1.9799779e-06   1.6256992e-06
  -3.2199534e-06   4.9578059e-07
  -3.6297848e-06  -1.3353583e-06
  -2.8960714e-06  -3.2440612e-06
  -1.1466891e-06  -4.5322522e-06
   1.0900884e-06  -4.7062471e-06
   3.0994148e-06  -3.6790484e-06
   4.2607782e-06  -1.7996940e-06
   4.2796452e-06   3.0637773e-07
   3.2828432e-06   1.9862669e-06
   1.7252745e-06   2.8090740e-06
   1.8531503e-07   2.7032096e-06
  -8.7186109e-07   1.9244253e-06
  -1.2483609e-06   9.1106235e-07
  -1.0396718e-06   7.4534795e-08
  -5.3026512e-07  -3.5270649e-07
  -3.3908038e-08  -3.6958190e-07
   2.4778548e-07  -1.4506561e-07
   2.8426151e-07   1.0607399e-07
   1.7965495e-07   2.4118206e-07
   7.7039902e-08   2.4359283e-07
   6.2344671e-08   1.9715926e-07
   1.2011936e-07   2.0732643e-07
   1.5806282e-07   3.2063273e-07
   7.8937075e-08   4.8949162e-07
  -1.4674267e-07   5.9912936e-07
  -4.4945183e-07   5.3896486e-07
  -6.9000500e-07   2.7451361e-07
  -7.3140739e-07  -1.2001454e-07
  -5.1496196e-07  -4.8875791e-07
  -9.8936004e-08  -6.6589727e-07
   3.6130142e-07  -5.5594509e-07
   6.8036191e-07  -1.8112238e-07
   7.2480397e-07   3.2639762e-07
   4.6873801e-07   7.8276733e-07
  -1.0659807e-09   1.0301335e-06
  -5.2942659e-07   9.9711644e-07
  -9.6137412e-07   7.1442717e-07
  -1.2011936e-06   2.8593857e-07
  -1.2326384e-06  -1.6822999e-07
  -1.1037145e-06  -5.6129071e-07
  -8.7909341e-07  -8.6190355e-07
  -6.0478943e-07  -1.0806549e-06
  -2.8960714e-07  -1.2326384e-06
   7.7909876e-08  -1.3122987e-06
   4.9609504e-07  -1.2787576e-06
   9.2332584e-07  -1.0837994e-06
   1.2756131e-06  -7.0750930e-07
   1.4538006e-06  -1.8541985e-07
   1.3867182e-06   3.8352245e-07
   1.0712215e-06   8.6756363e-07
   5.8099616e-07   1.1498336e-06
   4.2880304e-08   1.1739414e-06
  -4.0899278e-07   9.6441379e-07
  -6.8245823e-07   6.1003024e-07
  -7.5488622e-07   2.2682224e-07
  -6.6841286e-07  -9.0299150e-08
  -4.9923953e-07  -2.9799244e-07
  -3.1644009e-07  -4.0584830e-07
  -1.5407980e-07  -4.5343485e-07
  -7.2396544e-09  -4.7638960e-07
   1.4862936e-07  -4.8215449e-07
   3.2859876e-07  -4.4840367e-07
   5.1810644e-07  -3.4117671e-07
   6.7239588e-07  -1.4265484e-07
   7.3664820e-07   1.2934318e-07
   6.7354886e-07   4.2136110e-07
   4.8446044e-07   6.6463948e-07
   2.1047092e-07   8.0268240e-07
  -8.4974488e-08   8.1326884e-07
  -3.4232969e-07   7.1243566e-07
  -5.2680619e-07   5.4022266e-07
  -6.3329944e-07   3.3803222e-07
  -6.7396812e-07   1.3133469e-07
  -6.5960830e-07  -7.1914390e-08
  -5.8770439e-07  -2.6874872e-07
  -4.4588808e-07  -4.4358213e-07
  -2.2965228e-07  -5.5961365e-07
   3.6570370e-08  -5.6904711e-07
   2.9117938e-07  -4.3876058e-07
   4.4966147e-07  -1.7902606e-07
   4.3823650e-07   1.4328374e-07
   2.3353048e-07   4.1790216e-07
  -1.1404002e-07   5.3068438e-07
  -4.8750011e-07   4.1381433e-07
  -7.4335644e-07   8.2385528e-08
  -7.6882677e-07  -3.6203513e-07
  -5.3183736e-07  -7.6484376e-07
  -9.9198045e-08  -9.7877361e-07
   3.8635249e-07  -9.2332584e-07
   7.6211854e-07  -6.1789146e-07
   9.0990937e-07  -1.7294672e-07
   8.0111016e-07   2.5648522e-07
   5.0206956e-07   5.3487703e-07
   1.3982480e-07   5.9713785e-07
  -1.5512797e-07   4.6664169e-07
  -3.0145137e-07   2.3300640e-07
  -2.9222755e-07   3.9851117e-09
  -1.8269462e-07  -1.4380782e-07
  -5.1401861e-08  -1.9244253e-07
   4.4368694e-08  -1.7651047e-07
   9.4397463e-08  -1.5051605e-07
   1.3122987e-07  -1.4883899e-07
   2.0019893e-07  -1.6256992e-07
   3.2115681e-07  -1.4433190e-07
   4.6643206e-07  -3.9243183e-08
   5.6548336e-07   1.7567194e-07
   5.3875523e-07   4.6590798e-07
   3.4128152e-07   7.4346126e-07
  -6.2952605e-09   9.0047591e-07
  -4.1559620e-07   8.5771091e-07
  -7.6138482e-07   6.0342682e-07
  -9.3234004e-07   2.0460121e-07
  -8.7699709e-07  -2.1738878e-07
  -6.2480933e-07  -5.3477222e-07
  -2.7252210e-07  -6.6359132e-07
   5.7365902e-08  -5.9388855e-07
   2.6686203e-07  -3.8645730e-07
   3.1685935e-07  -1.4045370e-07
   2.3394974e-07   5.1097894e-08
   8.7196591e-08   1.3772848e-07
  -4.9232166e-08   1.2284458e-07
  -1.2923837e-07   4.8729048e-08
  -1.4768602e-07  -3.3572627e-08
  -1.3039134e-07  -9.2772812e-08
  -1.0837994e-07  -1.2871428e-07
  -9.4303129e-08  -1.6267473e-07
  -7.4566240e-08  -2.1434911e-07
  -2.0229525e-08  -2.8101221e-07
   8.8842205e-08  -3.3132399e-07
   2.4254467e-07  -3.1989902e-07
   3.9515705e-07  -2.1403467e-07
   4.8142077e-07  -1.9149918e-08
   4.4756514e-07   2.1403467e-07
   2.8122185e-07   4.0459050e-07
   2.5208294e-08   4.7460772e-07
  -2.3405456e-07   3.8530432e-07
  -3.9966414e-07   1.5848208e-07
  -4.0427606e-07  -1.2829502e-07
  -2.3887610e-07  -3.7031561e-07
   4.1737808e-08  -4.7670404e-07
   3.4075744e-07  -4.0532422e-07
   5.5625954e-07  -1.7724418e-07
   6.1872999e-07   1.3468881e-07
   5.1223673e-07   4.3551128e-07
   2.7336063e-07   6.4262808e-07
  -2.8289890e-08   7.1054897e-07
  -3.1811715e-07   6.3728245e-07
  -5.3886005e-07   4.5406375e-07
  -6.5981793e-07   2.0743125e-07
  -6.7396812e-07  -5.6820858e-08
  -5.8875256e-07  -3.0061284e-07
  -4.1863587e-07  -4.9242647e-07
  -1.8531503e-07  -6.0416054e-07
   7.8706479e-08  -6.1139285e-07
   3.2629281e-07  -5.0217438e-07
   5.0185993e-07  -2.8803490e-07
   5.5604990e-07  -1.1823267e-08
   4.6643206e-07   2.5732375e-07
   2.5250221e-07   4.4305805e-07
  -2.3761831e-08   4.8875791e-07
  -2.7608585e-07   3.8174057e-07
  -4.2429595e-07   1.6152175e-07
  -4.2586819e-07  -9.2699441e-08
  -2.9233236e-07  -2.9264681e-07
  -8.4156921e-08  -3.7534679e-07
   1.1529781e-07  -3.2755060e-07
   2.3531235e-07  -1.8783062e-07
   2.4610842e-07  -2.6329828e-08
   1.6739146e-07   8.8496312e-08
   5.3896486e-08   1.1959528e-07
  -3.3698406e-08   7.4283236e-08
  -5.8581770e-08  -5.2858806e-09
  -2.2629816e-08  -6.7889448e-08
   3.9893043e-08  -8.1284958e-08
   8.5435679e-08  -4.7754257e-08
   8.7909341e-08   6.7092845e-10
   5.4315751e-08   2.4170614e-08
   2.0271452e-08   1.6802036e-09
   2.7849662e-08  -5.2995067e-08
   9.7531467e-08  -9.5435144e-08
   2.1026128e-07  -7.4052640e-08
   3.1057038e-07   3.9002105e-08
   3.3100954e-07   2.2587890e-07
   2.2713669e-07   4.2345742e-07
   4.6936691e-09   5.4682608e-07
  -2.7451361e-07   5.2837843e-07
  -5.1433306e-07   3.5134388e-07
  -6.2418043e-07   6.3088866e-08
  -5.5898476e-07  -2.4044835e-07
  -3.4138634e-07  -4.5364448e-07
  -5.4189972e-08  -5.0552850e-07
   1.9422441e-07  -3.8991624e-07
   3.1507748e-07  -1.6728664e-07
   2.7629548e-07   6.1904443e-08
   1.1362075e-07   2.0166635e-07
  -8.7815006e-08   2.0051338e-07
  -2.3290158e-07   7.1159713e-08
  -2.5784783e-07  -1.1949046e-07
  -1.5554723e-07  -2.8300372e-07
   2.5952489e-08  -3.4903792e-07
   2.0910830e-07  -2.9463832e-07
   3.2304351e-07  -1.4894381e-07
   3.3362994e-07   2.4883364e-08
   2.5313111e-07   1.6162657e-07
   1.2808539e-07   2.2252478e-07
   1.2693241e-08   2.0785051e-07
  -5.7082899e-08   1.4904863e-07
  -7.7081828e-08   8.7070811e-08
  -6.9566507e-08   4.8949162e-08
  -6.4399069e-08   3.5281131e-08
  -7.8025174e-08   2.4830956e-08
  -1.0231109e-07  -7.9597417e-09
  -1.0921847e-07  -7.2805328e-08
  -6.8623161e-08  -1.5261238e-07
   3.0386214e-08  -2.0858422e-07
   1.6749628e-07  -1.9883632e-07
   2.9474313e-07  -1.0183941e-07
   3.5616542e-07   6.8224860e-08
   3.1319078e-07   2.6225011e-07
   1.6414216e-07   4.1423359e-07
  -5.1496196e-08   4.6800430e-07
  -2.6738611e-07   4.0081712e-07
  -4.1643473e-07   2.3332085e-07
  -4.5668415e-07   2.0659272e-08
  -3.8656212e-07  -1.6990705e-07
  -2.4223022e-07  -2.8541449e-07
  -8.0477873e-08  -3.0585365e-07
   4.5217706e-08  -2.4715658e-07
   1.0453319e-07  -1.5009679e-07
   9.7741100e-08  -6.0426535e-08
   4.9703839e-08  -1.0306576e-08
  -4.9934434e-09  -8.6347580e-09
  -3.7932980e-08  -4.3006084e-08
  -3.6434109e-08  -8.9995183e-08
  -4.1035539e-09  -1.2735167e-07
   4.5668415e-08  -1.4213076e-07
   9.8244218e-08  -1.3196359e-07
   1.4338855e-07  -1.0118955e-07
   1.7556712e-07  -5.5196207e-08
   1.9149918e-07   1.7504304e-09
   1.8667764e-07   6.5342415e-08
   1.5617613e-07   1.2787576e-07
   9.8212773e-08   1.7630084e-07
   1.9883632e-08   1.9527257e-07
  -6.1359399e-08   1.7357562e-07
  -1.2137715e-07   1.1225814e-07
  -1.3856701e-07   2.8415670e-08
  -1.0502583e-07  -4.9106386e-08
  -3.2639762e-08  -9.0068554e-08
   4.8928199e-08  -7.6788343e-08
   1.0389381e-07  -1.3699476e-08
   1.0596917e-07   7.2522324e-08
   5.1055968e-08   1.4349337e-07
  -3.9180293e-08   1.6613367e-07
  -1.2651314e-07   1.2829502e-07
  -1.7305153e-07   4.5133853e-08
  -1.5942543e-07  -4.7010062e-08
  -9.4376500e-08  -1.0754141e-07
  -1.0963774e-08  -1.1110516e-07
   4.8666158e-08  -6.0112087e-08
   5.3969858e-08   1.5690984e-08
   1.3940554e-09   7.3046405e-08
  -8.2794311e-08   7.6211854e-08
  -1.5418462e-07   1.5041124e-08
  -1.7137448e-07  -8.8747870e-08
  -1.1603153e-07  -1.9055584e-07
  -2.9642019e-09  -2.4285912e-07
   1.2515053e-07  -2.1801768e-07
   2.1686470e-07  -1.2127234e-07
   2.3468346e-07   1.0221675e-08
   1.7284190e-07   1.2389274e-07
   5.9661377e-08   1.7472859e-07
  -5.4609236e-08   1.4569451e-07
  -1.2043381e-07   5.4913203e-08
  -1.1100035e-07  -5.2953141e-08
  -3.3415402e-08  -1.2661796e-07
   7.4880688e-08  -1.3091542e-07
   1.6319881e-07  -6.2386598e-08
   1.9024139e-07   5.0710074e-08
   1.4139704e-07   1.6089286e-07
   3.4149116e-08   2.2262959e-07
  -9.0571672e-08   2.1099500e-07
  -1.8625837e-07   1.3091542e-07
  -2.2011400e-07   1.3364065e-08
  -1.8447650e-07  -9.9019857e-08
  -9.7479059e-08  -1.6948778e-07
   6.6799360e-09  -1.8038867e-07
   9.2971963e-08  -1.3678513e-07
   1.3814774e-07  -6.1097359e-08
   1.3688995e-07   1.8447650e-08
   9.9281898e-08   7.8842740e-08
   4.3540646e-08   1.0879921e-07
  -1.2682759e-08   1.0858958e-07
  -5.7586016e-08   8.5750127e-08
  -8.6043613e-08   4.9515169e-08
  -9.6965460e-08   7.2595695e-09
  -9.0330595e-08  -3.5396428e-08
  -6.6128536e-08  -7.2616658e-08
  -2.6036342e-08  -9.6892089e-08
   2.3919055e-08  -1.0001561e-07
   7.2082096e-08  -7.6819788e-08
   1.0347455e-07  -2.9505758e-08
   1.0523546e-07   3.0239472e-08
   7.2952070e-08   8.3517542e-08
   1.4810528e-08   1.1079072e-07
  -5.0028769e-08   1.0042439e-07
  -9.7898324e-08   5.4210935e-08
  -1.1026663e-07  -1.1550744e-08
  -8.1934818e-08  -7.2113541e-08
  -2.3719904e-08  -1.0414537e-07
   4.1465286e-08  -9.5539960e-08
   8.8087528e-08  -5.0500442e-08
   9.8569148e-08   1.2315903e-08
   7.0363110e-08   6.7868485e-08
   1.6330363e-08   9.5319846e-08
  -4.1412878e-08   8.6347580e-08
  -8.1379292e-08   4.7617996e-08
  -9.1473091e-08  -3.4778013e-09
  -7.2889180e-08  -4.7272103e-08
  -3.7817682e-08  -7.0467926e-08
  -2.3300640e-09  -7.0803338e-08
   2.1487320e-08  -5.6129071e-08
   3.0501512e-08  -3.8624767e-08
   3.0281398e-08  -2.7744846e-08
   3.0375733e-08  -2.5417927e-08
   3.7838646e-08  -2.5921044e-08
   5.2628210e-08  -2.0177117e-08
   6.7365367e-08  -1.9118474e-09
   7.1474162e-08   2.7755328e-08
   5.7344939e-08   5.9829083e-08
   2.5323592e-08   8.1431700e-08
  -1.5324127e-08   8.2207340e-08
  -5.0039250e-08   5.9975826e-08
  -6.5635900e-08   2.2483073e-08
  -5.6495928e-08  -1.5575686e-08
  -2.7440879e-08  -3.9002105e-08
   8.1756630e-09  -3.8855363e-08
   3.4432119e-08  -1.6508550e-08
   3.9851117e-08   1.7168892e-08
   2.2273441e-08   4.6758504e-08
  -1.0513064e-08   5.9158259e-08
  -4.4651698e-08   4.9085423e-08
  -6.6474429e-08   2.0900349e-08
  -6.8277268e-08  -1.4024407e-08
  -5.1014041e-08  -4.2649709e-08
  -2.2954746e-08  -5.5898476e-08
   4.6328757e-09  -5.1915460e-08
   2.2650779e-08  -3.5805211e-08
   2.7577140e-08  -1.6246510e-08
   2.1875139e-08  -1.2011936e-09
   1.1645079e-08   5.4640681e-09
   2.9872615e-09   4.7114879e-09
  -9.5078769e-10   6.2868752e-10
  -7.8339623e-10  -2.5386482e-09
   4.5228187e-10  -2.8698674e-09
  -1.9852187e-10  -1.4758120e-09
  -3.4998127e-09  -1.2766612e-09
  -7.4995986e-09  -4.7293066e-09
  -8.7794043e-09  -1.1938564e-08
  -4.6685132e-09  -2.0250488e-08
   4.9190239e-09  -2.5585633e-08
   1.7116484e-08  -2.4684213e-08
   2.7430398e-08  -1.6948778e-08
   3.2000384e-08  -4.9840100e-09
   2.9631538e-08   6.7302477e-09
   2.2399220e-08   1.4087296e-08
   1.4485598e-08   1.5491833e-08
   9.9575383e-09   1.2588425e-08
   1.0575954e-08   9.3517007e-09
   1.4810528e-08   9.8307107e-09
   1.8678246e-08   1.5932061e-08
   1.7839716e-08   2.6266938e-08
   9.8873115e-09   3.6727594e-08
  -4.2681154e-09   4.2502966e-08
  -2.0785051e-08   4.0396161e-08
  -3.4641752e-08   3.0333806e-08
  -4.1978885e-08   1.5313646e-08
  -4.1685400e-08  -1.4810528e-10
  -3.5564134e-08  -1.2190123e-08
  -2.7042578e-08  -1.9202327e-08
  -1.9202327e-08  -2.2126698e-08
  -1.3227804e-08  -2.3332085e-08
  -8.1840483e-09  -2.4789030e-08
  -2.0365786e-09  -2.6654758e-08
   6.5143264e-09  -2.7074023e-08
   1.6644811e-08  -2.3384493e-08
   2.5292147e-08  -1.4003443e-08
   2.8426151e-08   7.6494858e-12
   2.3290158e-08   1.4726675e-08
   1.0194423e-08   2.4778548e-08
  -6.9398801e-09   2.5732375e-08
  -2.1906584e-08   1.6414216e-08
  -2.8782527e-08  -1.6917334e-10
  -2.4589879e-08  -1.7797790e-08
  -1.0848476e-08  -2.9579130e-08
   6.9870474e-09  -3.0952222e-08
   2.1749360e-08  -2.1696952e-08
   2.7723883e-08  -6.0720021e-09
   2.3101489e-08   9.1064308e-09
   1.0701733e-08   1.7472859e-08
  -3.3541182e-09   1.5890135e-08
  -1.2473127e-08   5.7743241e-09
  -1.2515053e-08  -7.7239052e-09
  -3.4851384e-09  -1.8112238e-08
   1.0586435e-08  -2.0449639e-08
   2.3646533e-08  -1.3447918e-08
   3.0281398e-08   2.2158143e-10
   2.8038332e-08   1.5292683e-08
   1.8154165e-08   2.6361272e-08
   4.7104397e-09   3.0166100e-08
  -7.4262273e-09   2.6665239e-08
  -1.4747638e-08   1.8615356e-08
  -1.6372289e-08   9.9449604e-09
  -1.3951035e-08   3.8352245e-09
  -1.0413489e-08   1.4265484e-09
  -8.3182131e-09   1.6980223e-09
  -8.6106502e-09   2.4306875e-09
  -1.0417681e-08   1.6435179e-09
  -1.1812785e-08  -1.2850465e-09
  -1.1110516e-08  -5.3634446e-09
  -7.8811295e-09  -8.6599139e-09
  -3.2314832e-09  -9.4732875e-09
   7.8580700e-10  -7.3486633e-09
   2.3059562e-09  -3.3866112e-09
   6.7197661e-10   2.9180828e-10
  -3.1811715e-09   1.6194102e-09
  -7.1589460e-09  -3.6014844e-10
  -9.0257224e-09  -5.0070695e-09
  -7.4807317e-09  -1.0384140e-08
  -2.7535214e-09  -1.4181631e-08
   3.5385947e-09  -1.4768602e-08
   9.1787540e-09  -1.1907120e-08
   1.2347348e-08  -6.7197661e-09
   1.2347348e-08  -1.1309667e-09
   9.7866879e-09   3.0742589e-09
   6.0919171e-09   4.9546614e-09
   2.7755328e-09   4.6433573e-09
   7.7563983e-10   3.0501512e-09
   2.0795533e-10   1.2525535e-09
   5.7669869e-10  -5.7407829e-11
   1.2651314e-09  -7.7815542e-10
   1.9736889e-09  -1.2095789e-09
   2.8614821e-09  -1.6225547e-09
   4.3027047e-09  -1.8929804e-09
   6.4556293e-09  -1.4464635e-09
   8.9072801e-09   4.4001838e-10
   1.0649325e-08   4.1318543e-09
   1.0429211e-08   9.2196323e-09
   7.3759155e-09   1.4454153e-08
   1.5020160e-09   1.8112238e-08
  -6.1013506e-09   1.8667764e-08
  -1.3552734e-08   1.5418462e-08
  -1.8824988e-08   8.8611609e-09
  -2.0481084e-08   5.5426803e-10
  -1.8175128e-08  -7.4262273e-09
  -1.2703723e-08  -1.3196359e-08
  -5.6789413e-09  -1.5670021e-08
   1.0869439e-09  -1.4779083e-08
   6.1726256e-09  -1.1341112e-08
   8.8716426e-09  -6.6013238e-09
   9.2060062e-09  -1.8185609e-09
   7.6924604e-09   2.1130944e-09
   5.0322254e-09   4.7345474e-09
   1.8751617e-09   5.9305002e-09
  -1.2598906e-09   5.7774685e-09
  -3.9526186e-09   4.4337250e-09
  -5.8277803e-09   2.1445393e-09
  -6.5719753e-09  -7.1631386e-10
  -6.0258829e-09  -3.6297848e-09
  -4.2911749e-09  -6.0143531e-09
  -1.7661528e-09  -7.4000232e-09
   9.6357526e-10  -7.5991740e-09
   3.3362994e-09  -6.7753187e-09
   5.0301291e-09  -5.3498185e-09
   6.0604723e-09  -3.7754793e-09
   6.6967066e-09  -2.3007154e-09
   7.2291728e-09  -8.5792054e-10
   7.7176163e-09   8.4429443e-10
   7.8779851e-09   3.0627292e-09
   7.1945835e-09   5.7407829e-09
   5.2187982e-09   8.3695730e-09
   1.9149918e-09   1.0121052e-08
  -2.1550209e-09   1.0194423e-08
  -5.9420300e-09   8.2458899e-09
  -8.2930572e-09   4.6548871e-09
  -8.4618112e-09   4.8351710e-10
  -6.4881223e-09  -2.9096975e-09
  -3.2482538e-09  -4.4379176e-09
  -1.1938564e-10  -3.7702385e-09
   1.6047359e-09  -1.4999197e-09
   1.2892392e-09   1.0995219e-09
  -7.5446696e-10   2.6518497e-09
  -3.4159597e-09   2.2944265e-09
  -5.2953141e-09   7.9303931e-11
  -5.3582038e-09  -3.0637773e-09
  -3.4033818e-09  -5.7627943e-09
  -1.4705712e-10  -6.8465937e-09
   3.1319078e-09  -5.8728513e-09
   5.1925942e-09  -3.3059027e-09
   5.3980339e-09  -2.6057306e-10
   3.9693892e-09   2.0533492e-09
   1.8154165e-09   2.8981677e-09
   3.7733829e-11   2.3206305e-09
  -6.2659120e-10   1.0554991e-09
  -1.5460388e-10   8.8611609e-11
   8.0142461e-10   1.0869439e-10
   1.3060098e-09   1.1351594e-09
   6.7774150e-10   2.5082515e-09
  -1.1068590e-09   3.2440612e-09
  -3.3551663e-09   2.5700930e-09
  -4.9777210e-09   3.7021079e-10
  -5.0238401e-09  -2.7000651e-09
  -3.1654490e-09  -5.4776942e-09
   1.0575954e-10  -6.8203897e-09
   3.6769520e-09  -6.1254583e-09
   6.3025977e-09  -3.6035807e-09
   7.1432235e-09  -1.7095521e-10
   6.1023987e-09   2.9809725e-09
   3.8069241e-09   4.9074941e-09
   1.2567462e-09   5.2932177e-09
  -6.6139018e-10   4.4987110e-09
  -1.5659539e-09   3.2870358e-09
  -1.6739146e-09   2.3877129e-09
  -1.5869172e-09   2.1120463e-09
  -1.8877396e-09   2.2399220e-09
  -2.7807736e-09   2.1979956e-09
  -3.9599558e-09   1.4380782e-09
  -4.7691368e-09  -2.0313378e-10
  -4.5741787e-09  -2.3583643e-09
  -3.1287634e-09  -4.2691635e-09
  -7.6452931e-10  -5.1517159e-09
   1.7263227e-09  -4.5909492e-09
   3.4390193e-09  -2.7734365e-09
   3.7744311e-09  -4.2314297e-10
   2.7199802e-09   1.5166903e-09
   8.5226046e-10   2.3101489e-09
  -9.2971963e-10   1.7514786e-09
  -1.8185609e-09   2.4055316e-10
  -1.4517043e-09  -1.4223557e-09
  -5.0479478e-11  -2.4107724e-09
   1.7126966e-09  -2.2378257e-09
   3.0344288e-09  -9.4680467e-10
   3.3310586e-09   9.5005397e-10
   2.4652769e-09   2.7231247e-09
   7.4576721e-10   3.7408899e-09
  -1.2462645e-09   3.7031561e-09
  -2.9201791e-09   2.6874872e-09
  -3.8823918e-09   1.0462752e-09
  -4.0102675e-09  -7.8979001e-10
  -3.3855630e-09  -2.4663250e-09
  -2.1791286e-09  -3.7597568e-09
  -5.5646917e-10  -4.5395893e-09
   1.3311656e-09  -4.6905246e-09
   3.2817950e-09  -4.0836389e-09
   4.9819136e-09  -2.6350791e-09
   6.0143531e-09  -4.2356224e-10
   5.9797638e-09   2.2168625e-09
   4.6789948e-09   4.7093915e-09
   2.2703187e-09   6.3833061e-09
  -7.0142996e-10   6.7218624e-09
  -3.4547417e-09   5.5898476e-09
  -5.2418578e-09   3.3258178e-09
  -5.6412075e-09   6.3948359e-10
  -4.7188250e-09  -1.6581922e-09
  -2.9851652e-09  -2.9715391e-09
  -1.1645079e-09  -3.1455339e-09
   1.2640833e-10  -2.4778548e-09
   6.2784900e-10  -1.5313646e-09
   4.9850581e-10  -8.4345590e-10
   1.6854444e-10  -6.5971312e-10
   6.6317205e-11  -8.5603385e-10
   3.6738076e-10  -1.0575954e-09
   9.0141926e-10  -8.9984702e-10
   1.2661796e-09  -2.7409434e-10
   1.0879921e-09   5.7208678e-10
   2.8059295e-10   1.1519300e-09
  -8.4293182e-10   1.0146207e-09
  -1.6875407e-09   3.3226733e-11
  -1.6718183e-09  -1.4558969e-09
  -5.5919439e-10  -2.7545695e-09
   1.3531770e-09  -3.1182817e-09
   3.3038064e-09  -2.1340577e-09
   4.3802687e-09   2.1948511e-11
   3.9452815e-09   2.5962971e-09
   1.9673999e-09   4.5469264e-09
  -9.0624080e-10   5.0018287e-09
  -3.5899546e-09   3.6601815e-09
  -5.0144067e-09   9.5990669e-10
  -4.5930456e-09  -2.0806014e-09
  -2.4820474e-09  -4.2890786e-09
   4.7754257e-10  -4.8309783e-09
   3.1256189e-09  -3.5595579e-09
   4.4714588e-09  -1.0596917e-09
   4.1004095e-09   1.6330363e-09
   2.3143415e-09   3.4809458e-09
  -5.2837843e-11   3.8855363e-09
  -2.0260970e-09   2.8918788e-09
  -2.9212273e-09   1.1047627e-09
  -2.5973453e-09  -6.3812098e-10
  -1.4506561e-09  -1.6634330e-09
  -1.5324127e-10  -1.7347080e-09
   6.9828548e-10  -1.0932329e-09
   8.5351826e-10  -2.6445125e-10
   4.7670404e-10   2.5774302e-10
  -8.5026896e-12   2.6392717e-10
  -1.9443404e-10  -9.1190088e-11
   6.7585481e-11  -4.2073220e-10
   5.8759958e-10  -3.6119660e-10
   9.5760074e-10   1.9149918e-10
   8.0184388e-10   9.9837424e-10
   1.8562948e-11   1.5921580e-09
  -1.1225814e-09   1.5313646e-09
  -2.0858422e-09   6.6128536e-10
  -2.3279676e-09  -7.6494858e-10
  -1.5816763e-09  -2.1634062e-09
  -2.5753339e-11  -2.8803490e-09
   1.7630084e-09  -2.4977699e-09
   3.0459586e-09  -1.0513064e-09
   3.2419648e-09   9.6064041e-10
   2.1958992e-09   2.7755328e-09
   2.4914809e-10   3.6832410e-09
  -1.8992694e-09   3.3226733e-09
  -3.4830421e-09   1.8196091e-09
  -3.9714855e-09  -2.8111703e-10
  -3.2618799e-09  -2.2556445e-09
  -1.6822999e-09  -3.4903792e-09
   1.8552466e-10  -3.6989634e-09
   1.7535749e-09  -2.9820207e-09
   2.6434644e-09  -1.7189856e-09
   2.7797254e-09  -3.7587087e-10
   2.3415937e-09   6.8570753e-10
   1.6225547e-09   1.3102024e-09
   8.7961749e-10   1.5303164e-09
   2.5229258e-10   1.4747638e-09
  -2.3384493e-10   1.2630351e-09
  -5.9912936e-10   9.4848173e-10
  -8.3800546e-10   5.3414332e-10
  -8.9450139e-10   3.5826175e-11
  -6.9954327e-10  -4.6538390e-10
  -2.4191577e-10  -8.2081561e-10
   3.7880572e-10  -8.7427186e-10
   9.6105967e-10  -5.5143799e-10
   1.2777094e-09   7.6662563e-11
   1.1833748e-09   8.0006200e-10
   6.9482654e-10   1.3531770e-09
  -2.6539460e-12   1.5355572e-09
  -6.4011249e-10   1.3112506e-09
  -9.9177082e-10   8.2490344e-10
  -9.8621556e-10   3.2817950e-10
  -7.3811563e-10   4.7261621e-11
  -4.8037261e-10   6.3686319e-11
  -4.3268124e-10   2.7136912e-10
  -6.7250069e-10   4.3718834e-10
  -1.0837994e-09   3.3635516e-10
  -1.4097778e-09  -1.1026663e-10
  -1.3992962e-09  -7.7218089e-10
  -9.5110213e-10  -1.3594660e-09
  -1.9768334e-10  -1.5701466e-09
   5.3603001e-10  -1.2588425e-09
   8.8632573e-10  -5.4158527e-10
   6.4126547e-10   2.3091007e-10
  -1.2441682e-10   6.2501896e-10
  -1.0492101e-09   3.3845149e-10
  -1.6256992e-09  -6.2847789e-10
  -1.4391263e-09  -1.9338588e-09
  -3.6811447e-10  -3.0134655e-09
   1.3164914e-09  -3.3237215e-09
   3.0417659e-09  -2.5837192e-09
   4.1570102e-09  -9.2395474e-10
   4.2052257e-09   1.1477373e-09
   3.1266670e-09   2.9369497e-09
   1.2871428e-09   3.8478024e-09
  -6.6558282e-10   3.6203513e-09
  -2.0669753e-09   2.4275430e-09
  -2.4988180e-09   7.9670788e-10
  -1.9422441e-09  -6.2281782e-10
  -7.6327152e-10  -1.3227804e-09
   4.6674651e-10  -1.1288704e-09
   1.2158678e-09  -2.4390728e-10
   1.2022417e-09   8.7154664e-10
   4.8372673e-10   1.7085039e-09
  -5.9986307e-10   1.9223290e-09
  -1.5973988e-09   1.4517043e-09
  -2.1392985e-09   5.0930188e-10
  -2.0711680e-09  -5.3917450e-10
  -1.4800046e-09  -1.3374546e-09
  -6.2742973e-10  -1.6728664e-09
   1.8814507e-10  -1.5271719e-09
   7.4167938e-10  -1.0435500e-09
   9.4376500e-10  -4.3079455e-10
   8.2972498e-10   1.2305421e-10
   5.0364181e-10   5.0479478e-10
   7.7207608e-11   6.7658852e-10
  -3.6329292e-10   6.4388587e-10
  -7.5436214e-10   4.2230444e-10
  -1.0325443e-09   2.9296126e-11
  -1.1215333e-09  -4.9693357e-10
  -9.4617577e-10  -1.0701733e-09
  -4.7649441e-10  -1.5512797e-09
   2.3122452e-10  -1.7745381e-09
   1.0195471e-09  -1.6183620e-09
   1.6655293e-09  -1.0670288e-09
   1.9590146e-09  -2.4369765e-10
   1.7923569e-09   6.1600477e-10
   1.2190123e-09   1.2473127e-09
   4.3938948e-10   1.4600896e-09
  -2.6738611e-10   1.2221568e-09
  -6.6023720e-10   6.7585481e-10
  -6.3434760e-10   7.5258026e-11
  -2.6256456e-10  -3.1864123e-10
   2.4191577e-10  -3.5061017e-10
   6.2302745e-10  -3.2388204e-11
   6.9514099e-10   4.7072952e-10
   4.2041775e-10   9.2185842e-10
  -8.5215565e-11   1.1215333e-09
  -6.1464215e-10   9.9187563e-10
  -9.6986423e-10   6.0216903e-10
