   5.0053000e+00   8.3163800e-02
   4.4713100e+00   2.1009100e+00
   3.0812000e+00   3.6388200e+00
   1.1624500e+00   4.3563500e+00
  -8.3774200e-01   4.1090400e+00
  -2.4602400e+00   2.9807700e+00
  -3.3436900e+00   1.2605200e+00
  -3.3091000e+00  -6.3017200e-01
  -2.3990000e+00  -2.2407100e+00
  -8.6220900e-01  -3.2001600e+00
   9.1120300e-01  -3.3045200e+00
   2.4880200e+00  -2.5613600e+00
   3.4981800e+00  -1.1817200e+00
   3.7229300e+00   4.7770500e-01
   3.1434200e+00   2.0066900e+00
   1.9383900e+00   3.0444000e+00
   4.3293100e-01   3.3670000e+00
  -9.8791000e-01   2.9385300e+00
  -1.9780400e+00   1.9131000e+00
  -2.3164600e+00   5.8893800e-01
  -1.9591100e+00  -6.7277300e-01
  -1.0440500e+00  -1.5429000e+00
   1.5038500e-01  -1.8085000e+00
   1.2825200e+00  -1.4247100e+00
   2.0389500e+00  -5.2172800e-01
   2.2166600e+00   6.3414100e-01
   1.7745700e+00   1.7143800e+00
   8.4141300e-01   2.4172700e+00
  -3.2134800e-01   2.5484300e+00
  -1.3914500e+00   2.0720100e+00
  -2.0732000e+00   1.1191200e+00
  -2.1772800e+00  -4.8164100e-02
  -1.6718200e+00  -1.1076200e+00
  -6.9149500e-01  -1.7636100e+00
   4.9770100e-01  -1.8268900e+00
   1.5687800e+00  -1.2664100e+00
   2.2206600e+00  -2.1929700e-01
   2.2588000e+00   1.0434800e+00
   1.6484200e+00   2.1872300e+00
   5.2611300e-01   2.9010500e+00
  -8.3331800e-01   2.9800400e+00
  -2.0866600e+00   2.3806500e+00
  -2.9106100e+00   1.2346800e+00
  -3.0860100e+00  -1.8222800e-01
  -2.5559700e+00  -1.5196100e+00
  -1.4428100e+00  -2.4412900e+00
  -1.9041200e-02  -2.7116900e+00
   1.3604300e+00  -2.2572100e+00
   2.3478100e+00  -1.1866400e+00
   2.6907500e+00   2.3469000e-01
   2.2970600e+00   1.6509400e+00
   1.2590900e+00   2.7050600e+00
  -1.6861600e-01   3.1289100e+00
  -1.6327500e+00   2.8112200e+00
  -2.7699600e+00   1.8260300e+00
  -3.2981800e+00   4.1437200e-01
  -3.0876200e+00  -1.0762200e+00
  -2.1932900e+00  -2.2791500e+00
  -8.4084900e-01  -2.9009000e+00
   6.3056400e-01  -2.7946400e+00
   1.8539900e+00  -1.9966400e+00
   2.5271200e+00  -7.1634000e-01
   2.4881000e+00   7.1722800e-01
   1.7555500e+00   1.9390200e+00
   5.2279400e-01   2.6402800e+00
  -8.9203700e-01   2.6461900e+00
  -2.1272600e+00   1.9591400e+00
  -2.8694600e+00   7.5697000e-01
  -2.9324900e+00  -6.5328200e-01
  -2.3038500e+00  -1.9141200e+00
  -1.1466000e+00  -2.7086200e+00
   2.4324500e-01  -2.8406500e+00
   1.5128700e+00  -2.2838500e+00
   2.3427500e+00  -1.1871500e+00
   2.5277600e+00   1.6430000e-01
   2.0286100e+00   1.4227000e+00
   9.8072600e-01   2.2666300e+00
  -3.4140100e-01   2.4828000e+00
  -1.5951700e+00   2.0197700e+00
  -2.4577100e+00   1.0000400e+00
  -2.7082300e+00  -3.1231200e-01
  -2.2837400e+00  -1.5799800e+00
  -1.2942500e+00  -2.4790100e+00
   6.4608400e-03  -2.7815900e+00
   1.2864900e+00  -2.4136600e+00
   2.2212300e+00  -1.4730200e+00
   2.5763100e+00  -2.0326200e-01
   2.2671600e+00   1.0693700e+00
   1.3797300e+00   2.0200100e+00
   1.4759700e-01   2.4084000e+00
  -1.1087400e+00   2.1400400e+00
  -2.0645300e+00   1.2896300e+00
  -2.4741400e+00   8.1099200e-02
  -2.2337400e+00  -1.1706400e+00
  -1.4073900e+00  -2.1410000e+00
  -2.0987300e-01  -2.5791900e+00
   1.0491000e+00  -2.3724600e+00
   2.0448700e+00  -1.5746300e+00
   2.5214400e+00  -3.9178700e-01
   2.3571800e+00   8.7117000e-01
   1.5958400e+00   1.8891900e+00
   4.3501600e-01   2.4007900e+00
  -8.2489400e-01   2.2752300e+00
  -1.8580900e+00   1.5461000e+00
  -2.3972100e+00   4.0251700e-01
  -2.3020100e+00  -8.5949600e-01
  -1.5955000e+00  -1.9130800e+00
  -4.5802900e-01  -2.4844900e+00
   8.1885700e-01  -2.4233600e+00
   1.9071100e+00  -1.7414000e+00
   2.5261700e+00  -6.0950600e-01
   2.5148300e+00   6.8581500e-01
   1.8725100e+00   1.8155800e+00
   7.5958700e-01   2.4923200e+00
  -5.4351700e-01   2.5434200e+00
  -1.7077000e+00   1.9550900e+00
  -2.4390000e+00   8.7591100e-01
  -2.5532800e+00  -4.2112000e-01
  -2.0229700e+00  -1.6080600e+00
  -9.8374500e-01  -2.3853700e+00
   3.0021300e-01  -2.5579300e+00
   1.5035900e+00  -2.0841700e+00
   2.3226400e+00  -1.0862000e+00
   2.5521200e+00   1.8182400e-01
   2.1368800e+00   1.3987100e+00
   1.1851600e+00   2.2579700e+00
  -5.9746700e-02   2.5455400e+00
  -1.2820500e+00   2.1935300e+00
  -2.1740900e+00   1.2965600e+00
  -2.5144600e+00   8.6667100e-02
  -2.2237400e+00  -1.1266900e+00
  -1.3837300e+00  -2.0359600e+00
  -2.1545100e-01  -2.4139000e+00
   9.7830700e-01  -2.1710300e+00
   1.8909200e+00  -1.3775100e+00
   2.2904700e+00  -2.4411100e-01
   2.0786700e+00   9.3269100e-01
   1.3153300e+00   1.8473400e+00
   2.0209000e-01   2.2637300e+00
  -9.7008900e-01   2.0756300e+00
  -1.8962200e+00   1.3334200e+00
  -2.3358700e+00   2.3065400e-01
  -2.1749700e+00  -9.4625800e-01
  -1.4549500e+00  -1.8920400e+00
  -3.6186200e-01  -2.3612500e+00
   8.2160300e-01  -2.2315200e+00
   1.7889500e+00  -1.5350700e+00
   2.2887400e+00  -4.5057100e-01
   2.1893300e+00   7.4263900e-01
   1.5129000e+00   1.7361100e+00
   4.3008600e-01   2.2713600e+00
  -7.8333900e-01   2.2061700e+00
  -1.8167400e+00   1.5512800e+00
  -2.4038200e+00   4.6797700e-01
  -2.3905200e+00  -7.7259400e-01
  -1.7744200e+00  -1.8581800e+00
  -7.0558400e-01  -2.5145500e+00
   5.5131200e-01  -2.5749800e+00
   1.6838700e+00  -2.0224000e+00
   2.4108100e+00  -9.9355800e-01
   2.5527600e+00   2.5566900e-01
   2.0770800e+00   1.4149900e+00
   1.1055000e+00   2.1978700e+00
  -1.1726500e-01   2.4133300e+00
  -1.2856800e+00   2.0132300e+00
  -2.1104600e+00   1.1032700e+00
  -2.3910100e+00  -8.4918700e-02
  -2.0647900e+00  -1.2531700e+00
  -1.2214300e+00  -2.1123500e+00
  -7.8338500e-02  -2.4549300e+00
   1.0758500e+00  -2.2060400e+00
   1.9550100e+00  -1.4404000e+00
   2.3477900e+00  -3.6103600e-01
   2.1698900e+00   7.5420600e-01
   1.4832900e+00   1.6245500e+00
   4.7784700e-01   2.0378600e+00
  -5.7946100e-01   1.9036900e+00
  -1.4145000e+00   1.2743300e+00
  -1.8167200e+00   3.2887800e-01
  -1.6926300e+00  -6.7526600e-01
  -1.0882300e+00  -1.4705200e+00
  -1.7499100e-01  -1.8491200e+00
   7.9673000e-01  -1.7168000e+00
   1.5644200e+00  -1.1163400e+00
   1.9228700e+00  -2.1497800e-01
   1.7780800e+00   7.4070300e-01
   1.1717900e+00   1.4906300e+00
   2.7009200e-01   1.8304800e+00
  -6.8075700e-01   1.6661600e+00
  -1.4197100e+00   1.0393200e+00
  -1.7404700e+00   1.1705700e-01
  -1.5470200e+00  -8.5152500e-01
  -8.8034900e-01  -1.6007400e+00
   9.0560200e-02  -1.9186600e+00
   1.1115600e+00  -1.7041600e+00
   1.9090200e+00  -9.9543100e-01
   2.2614600e+00   3.7434300e-02
   2.0586000e+00   1.1344800e+00
   1.3323500e+00   2.0118800e+00
   2.5147600e-01   2.4351100e+00
  -9.1922400e-01   2.2805600e+00
  -1.8850000e+00   1.5695500e+00
  -2.3959500e+00   4.6574100e-01
  -2.3114600e+00  -7.6381400e-01
  -1.6378300e+00  -1.8144400e+00
  -5.2905800e-01  -2.4200400e+00
   7.4943700e-01  -2.4204300e+00
   1.8856800e+00  -1.8029200e+00
   2.5982100e+00  -7.0716800e-01
   2.7062200e+00   6.0779800e-01
   2.1751100e+00   1.8266600e+00
   1.1259100e+00   2.6551300e+00
  -1.9373700e-01   2.8924000e+00
  -1.4700400e+00   2.4805400e+00
  -2.3998700e+00   1.5187200e+00
  -2.7647500e+00   2.3864200e-01
  -2.4838400e+00  -1.0526300e+00
  -1.6327400e+00  -2.0479900e+00
  -4.2367500e-01  -2.5151500e+00
   8.4770700e-01  -2.3524700e+00
   1.8754900e+00  -1.6120100e+00
   2.4182900e+00  -4.8454700e-01
   2.3571600e+00   7.4936200e-01
   1.7223400e+00   1.7897400e+00
   6.8285700e-01   2.3910900e+00
  -4.9816000e-01   2.4215500e+00
  -1.5304900e+00   1.8926300e+00
  -2.1692200e+00   9.5280600e-01
  -2.2743400e+00  -1.5292300e-01
  -1.8426200e+00  -1.1466700e+00
  -1.0046500e+00  -1.7880300e+00
   1.1894600e-02  -1.9334100e+00
   9.4249500e-01  -1.5693600e+00
   1.5539800e+00  -8.1220100e-01
   1.7030400e+00   1.2546300e-01
   1.3703500e+00   9.9199100e-01
   6.6210700e-01   1.5626600e+00
  -2.2093700e-01   1.6971700e+00
  -1.0381600e+00   1.3740100e+00
  -1.5730600e+00   6.9326000e-01
  -1.6897000e+00  -1.5246400e-01
  -1.3670600e+00  -9.3078100e-01
  -7.0256000e-01  -1.4319600e+00
   1.1563500e-01  -1.5244800e+00
   8.6009500e-01  -1.1892800e+00
   1.3254800e+00  -5.2378300e-01
   1.3835900e+00   2.8500800e-01
   1.0176100e+00   1.0111900e+00
   3.2658100e-01   1.4508400e+00
  -5.0104900e-01   1.4770000e+00
  -1.2377200e+00   1.0742600e+00
  -1.6776900e+00   3.4370200e-01
  -1.6925000e+00  -5.2307200e-01
  -1.2662900e+00  -1.2942700e+00
  -5.0157200e-01  -1.7592700e+00
   4.0634200e-01  -1.7851000e+00
   1.2196800e+00  -1.3529500e+00
   1.7204200e+00  -5.6514600e-01
   1.7681000e+00   3.7968000e-01
   1.3381600e+00   1.2369900e+00
   5.3051600e-01   1.7794700e+00
  -4.5414700e-01   1.8566000e+00
  -1.3646000e+00   1.4351800e+00
  -1.9631300e+00   6.1008200e-01
  -2.0870700e+00  -4.1791200e-01
  -1.6918300e+00  -1.3918000e+00
  -8.6437100e-01  -2.0631700e+00
   1.9693100e-01  -2.2557300e+00
   1.2309800e+00  -1.9111600e+00
   1.9792600e+00  -1.1056300e+00
   2.2511700e+00  -3.2253900e-02
   1.9728800e+00   1.0461200e+00
   1.2071500e+00   1.8622100e+00
   1.3893400e-01   2.2113200e+00
  -9.6989400e-01   2.0030300e+00
  -1.8453500e+00   1.2846200e+00
  -2.2695700e+00   2.3009100e-01
  -2.1352500e+00  -9.0254900e-01
  -1.4726700e+00  -1.8351000e+00
  -4.4247700e-01  -2.3381700e+00
   7.0410800e-01  -2.2880200e+00
   1.6875100e+00  -1.6971000e+00
   2.2690100e+00  -7.1071900e-01
   2.3096400e+00   4.2940900e-01
   1.8039800e+00   1.4453300e+00
   8.8066900e-01   2.0917300e+00
  -2.3040900e-01   2.2163400e+00
  -1.2558400e+00   1.7966300e+00
  -1.9467300e+00   9.4411000e-01
  -2.1399600e+00  -1.2486900e-01
  -1.7975100e+00  -1.1439900e+00
  -1.0140900e+00  -1.8636900e+00
   8.3279000e-03  -2.1128600e+00
   1.0124800e+00  -1.8401300e+00
   1.7507900e+00  -1.1245800e+00
   2.0470200e+00  -1.5374800e-01
   1.8389900e+00   8.2537700e-01
   1.1919800e+00   1.5693700e+00
   2.7979900e-01   1.8995300e+00
  -6.6123400e-01   1.7456100e+00
  -1.3933400e+00   1.1613800e+00
  -1.7376200e+00   3.0842000e-01
  -1.6184200e+00  -5.8720700e-01
  -1.0805500e+00  -1.2940000e+00
  -2.7546200e-01  -1.6344800e+00
   5.7979000e-01  -1.5298400e+00
   1.2597300e+00  -1.0184500e+00
   1.5890400e+00  -2.4399000e-01
   1.4873000e+00   5.8363100e-01
   9.8859500e-01   1.2438900e+00
   2.3111500e-01   1.5634700e+00
  -5.8022500e-01   1.4610800e+00
  -1.2282200e+00   9.6796800e-01
  -1.5406000e+00   2.1881400e-01
  -1.4351500e+00  -5.8436600e-01
  -9.4098500e-01  -1.2257300e+00
  -1.9064400e-01  -1.5325900e+00
   6.1491200e-01  -1.4209000e+00
   1.2592100e+00  -9.1759200e-01
   1.5672600e+00  -1.5374700e-01
   1.4517500e+00   6.6942200e-01
   9.3654500e-01   1.3330400e+00
   1.5111100e-01   1.6578600e+00
  -7.0249300e-01   1.5514500e+00
  -1.4017600e+00   1.0330500e+00
  -1.7614700e+00   2.2958600e-01
  -1.6821100e+00  -6.5628500e-01
  -1.1764700e+00  -1.3979400e+00
  -3.6734700e-01  -1.8030300e+00
   5.4300900e-01  -1.7633300e+00
   1.3241500e+00  -1.2832400e+00
   1.7761500e+00  -4.7960200e-01
   1.7809400e+00   4.4730200e-01
   1.3328900e+00   1.2641600e+00
   5.4097500e-01   1.7637400e+00
  -3.9831300e-01   1.8175900e+00
  -1.2503000e+00   1.4088500e+00
  -1.8013200e+00   6.3692200e-01
  -1.9126800e+00  -3.0740000e-01
  -1.5556900e+00  -1.1899100e+00
  -8.1887900e-01  -1.7919400e+00
   1.1443600e-01  -1.9654000e+00
   1.0124400e+00  -1.6697900e+00
   1.6532700e+00  -9.8207000e-01
   1.8807600e+00  -7.6755800e-02
   1.6433400e+00   8.1846700e-01
   1.0063800e+00   1.4803800e+00
   1.3487800e-01   1.7464100e+00
  -7.4890900e-01   1.5551300e+00
  -1.4220200e+00   9.6087800e-01
  -1.7171500e+00   1.1901900e-01
  -1.5644300e+00  -7.5435500e-01
  -1.0081700e+00  -1.4377700e+00
  -1.9449400e-01  -1.7606500e+00
   6.6689800e-01  -1.6461400e+00
   1.3567800e+00  -1.1297800e+00
   1.7024700e+00  -3.4919500e-01
   1.6215000e+00   4.9202400e-01
   1.1418600e+00   1.1771900e+00
   3.9382200e-01   1.5322400e+00
  -4.2448200e-01   1.4701300e+00
  -1.0986600e+00   1.0125600e+00
  -1.4534800e+00   2.8355700e-01
  -1.3979400e+00  -5.2320200e-01
  -9.4830200e-01  -1.1949500e+00
  -2.2342200e-01  -1.5550200e+00
   5.8648800e-01  -1.5085000e+00
   1.2693800e+00  -1.0666800e+00
   1.6464700e+00  -3.4388800e-01
   1.6186100e+00   4.7222500e-01
   1.1920500e+00   1.1694300e+00
   4.7693600e-01   1.5659800e+00
  -3.4108500e-01   1.5577800e+00
  -1.0487800e+00   1.1456700e+00
  -1.4605100e+00   4.3549600e-01
  -1.4663600e+00  -3.8879500e-01
  -1.0609500e+00  -1.1123600e+00
  -3.4538900e-01  -1.5447600e+00
   4.9821800e-01  -1.5692200e+00
   1.2531000e+00  -1.1730800e+00
   1.7233200e+00  -4.5176800e-01
   1.7841500e+00   4.1500700e-01
   1.4144300e+00   1.2087000e+00
   7.0266600e-01   1.7275100e+00
  -1.7488300e-01   1.8379200e+00
  -9.9853300e-01   1.5090400e+00
  -1.5607100e+00   8.2105700e-01
  -1.7186200e+00  -5.4586500e-02
  -1.4306300e+00  -8.9811900e-01
  -7.6718700e-01  -1.4967500e+00
   1.0660900e-01  -1.6983200e+00
   9.7229700e-01  -1.4496900e+00
   1.6128400e+00  -8.1027900e-01
   1.8670600e+00   6.2793200e-02
   1.6699400e+00   9.5406300e-01
   1.0687600e+00   1.6436700e+00
   2.1102900e-01   1.9622600e+00
  -6.9268200e-01   1.8330500e+00
  -1.4215100e+00   1.2904900e+00
  -1.7993400e+00   4.7106400e-01
  -1.7383600e+00  -4.2146500e-01
  -1.2600700e+00  -1.1673000e+00
  -4.8895700e-01  -1.5854800e+00
   3.7968600e-01  -1.5784300e+00
   1.1292200e+00  -1.1552800e+00
   1.5759400e+00  -4.2813600e-01
   1.6143500e+00   4.1741000e-01
   1.2423400e+00   1.1697600e+00
   5.5987300e-01   1.6446400e+00
  -2.5782100e-01   1.7308100e+00
  -1.0056900e+00   1.4165400e+00
  -1.5010300e+00   7.9061600e-01
  -1.6291200e+00   1.7872100e-02
  -1.3707800e+00  -7.0415300e-01
  -8.0521200e-01  -1.1960700e+00
  -8.7618200e-02  -1.3419600e+00
   5.9216600e-01  -1.1176200e+00
   1.0592000e+00  -5.9480900e-01
   1.1982600e+00   7.9338300e-02
   9.8249100e-01   7.2200100e-01
   4.7863400e-01   1.1629700e+00
  -1.7211000e-01   1.2889200e+00
  -7.9243600e-01   1.0722700e+00
  -1.2162400e+00   5.7710700e-01
  -1.3324500e+00  -5.8879800e-02
  -1.1140100e+00  -6.6182000e-01
  -6.2434900e-01  -1.0682800e+00
  -2.2533700e-05  -1.1689200e+00
   5.8609800e-01  -9.3759200e-01
   9.7116200e-01  -4.3845000e-01
   1.0460900e+00   1.9102000e-01
   7.8516500e-01   7.7644200e-01
   2.5370100e-01   1.1529900e+00
  -4.0845200e-01   1.2096600e+00
  -1.0232300e+00   9.1961700e-01
  -1.4212100e+00   3.4873200e-01
  -1.4867300e+00  -3.6033300e-01
  -1.1895000e+00  -1.0243800e+00
  -5.9428400e-01  -1.4671300e+00
   1.5412300e-01  -1.5655200e+00
   8.6697600e-01  -1.2830000e+00
   1.3596400e+00  -6.8074600e-01
   1.4993600e+00   9.6022700e-02
   1.2404300e+00   8.5369300e-01
   6.3755900e-01   1.3988000e+00
  -1.6612800e-01   1.5872800e+00
  -9.7385700e-01   1.3617900e+00
  -1.5839400e+00   7.6761100e-01
  -1.8403500e+00  -5.7287400e-02
  -1.6723600e+00  -9.1552000e-01
  -1.1130900e+00  -1.5988500e+00
  -2.9225000e-01  -1.9398400e+00
   5.9533100e-01  -1.8535600e+00
   1.3374800e+00  -1.3590600e+00
   1.7569800e+00  -5.7494600e-01
   1.7551900e+00   3.0973700e-01
   1.3362000e+00   1.0820600e+00
   6.0549400e-01   1.5575900e+00
  -2.5650200e-01   1.6255300e+00
  -1.0393000e+00   1.2753700e+00
  -1.5543200e+00   5.9853700e-01
  -1.6810100e+00  -2.3522000e-01
  -1.3956600e+00  -1.0206400e+00
  -7.7579800e-01  -1.5680800e+00
   2.0535000e-02  -1.7500900e+00
   7.9537000e-01  -1.5319300e+00
   1.3606900e+00  -9.7843900e-01
   1.5851000e+00  -2.3597500e-01
   1.4254800e+00   5.0587700e-01
   9.3600500e-01   1.0627500e+00
   2.5238400e-01   1.3018600e+00
  -4.4417300e-01   1.1744700e+00
  -9.7397200e-01   7.2652300e-01
  -1.2046600e+00   8.4986200e-02
  -1.0842100e+00  -5.7630500e-01
  -6.5282200e-01  -1.0822500e+00
  -3.0936200e-02  -1.3017600e+00
   6.1325800e-01  -1.1810300e+00
   1.1082500e+00  -7.5649900e-01
   1.3240200e+00  -1.4422600e-01
   1.2055600e+00   4.9127100e-01
   7.8677800e-01   9.8049800e-01
   1.8097200e-01   1.1934900e+00
  -4.4916300e-01   1.0737500e+00
  -9.3437500e-01   6.5294800e-01
  -1.1432600e+00   4.2596500e-02
  -1.0167500e+00  -5.9507500e-01
  -5.8380900e-01  -1.0894200e+00
   4.5762200e-02  -1.3058900e+00
   7.0952600e-01  -1.1813500e+00
   1.2342900e+00  -7.4081000e-01
   1.4809100e+00  -9.1619400e-02
   1.3804500e+00   6.0377400e-01
   9.5240600e-01   1.1692600e+00
   3.0024200e-01   1.4601600e+00
  -4.1459000e-01   1.4004400e+00
  -1.0135400e+00   1.0024400e+00
  -1.3463100e+00   3.6405500e-01
  -1.3290700e+00  -3.5579100e-01
  -9.6577100e-01  -9.7731200e-01
  -3.4724900e-01  -1.3452600e+00
   3.7181100e-01  -1.3680800e+00
   1.0119800e+00  -1.0408400e+00
   1.4143400e+00  -4.4617500e-01
   1.4804200e+00   2.6693700e-01
   1.1965600e+00   9.2110000e-01
   6.3676300e-01   1.3553800e+00
  -5.6745300e-02   1.4657000e+00
  -7.1006400e-01   1.2305800e+00
  -1.1619100e+00   7.1565400e-01
  -1.3042900e+00   5.6032400e-02
  -1.1093100e+00  -5.7881100e-01
  -6.3520500e-01  -1.0286200e+00
  -1.0427300e-02  -1.1831500e+00
   6.0017800e-01  -1.0097300e+00
   1.0381500e+00  -5.6071900e-01
   1.1921700e+00   4.1018700e-02
   1.0263400e+00   6.3464400e-01
   5.8872600e-01   1.0634500e+00
  -1.8897100e-03   1.2155700e+00
  -5.8747400e-01   1.0528700e+00
  -1.0122900e+00   6.2043000e-01
  -1.1636900e+00   3.4485200e-02
  -1.0015400e+00  -5.4825200e-01
  -5.6876500e-01  -9.7172700e-01
   1.9775500e-02  -1.1215400e+00
   6.0722300e-01  -9.5512400e-01
   1.0356500e+00  -5.1332700e-01
   1.1874800e+00   8.9744100e-02
   1.0165500e+00   6.9595400e-01
   5.6093300e-01   1.1440100e+00
  -6.6120200e-02   1.3114600e+00
  -7.0470000e-01   1.1469100e+00
  -1.1890600e+00   6.8424500e-01
  -1.3903000e+00   3.4900500e-02
  -1.2499600e+00  -6.3975700e-01
  -7.9583500e-01  -1.1691500e+00
  -1.3592200e-01  -1.4169000e+00
   5.6813900e-01  -1.3158200e+00
   1.1414400e+00  -8.8567800e-01
   1.4398200e+00  -2.2897400e-01
   1.3863500e+00   4.9418100e-01
   9.9109200e-01   1.1058400e+00
   3.4898900e-01   1.4546300e+00
  -3.8351100e-01   1.4536000e+00
  -1.0272900e+00   1.1020100e+00
  -1.4250800e+00   4.8549600e-01
  -1.4804500e+00  -2.4528300e-01
  -1.1814900e+00  -9.1224000e-01
  -6.0337700e-01  -1.3541000e+00
   1.1088900e-01  -1.4662200e+00
   7.8644300e-01  -1.2260400e+00
   1.2602300e+00  -6.9780300e-01
   1.4212800e+00  -1.5643600e-02
   1.2376100e+00   6.5068200e-01
   7.6301900e-01   1.1385300e+00
   1.2229600e-01   1.3328100e+00
  -5.2112700e-01   1.1939300e+00
  -1.0068300e+00   7.6640700e-01
  -1.2176600e+00   1.6612700e-01
  -1.1084800e+00  -4.5023000e-01
  -7.1622500e-01  -9.2560700e-01
  -1.4892400e-01  -1.1424700e+00
   4.4313300e-01  -1.0520100e+00
   9.0665100e-01  -6.8540600e-01
   1.1247500e+00  -1.4435400e-01
   1.0464700e+00   4.2630500e-01
   6.9893300e-01   8.7674500e-01
   1.7915000e-01   1.0911100e+00
  -3.7213400e-01   1.0172500e+00
  -8.0768400e-01   6.7956800e-01
  -1.0123800e+00   1.7195800e-01
  -9.3314000e-01  -3.6741300e-01
  -5.9251100e-01  -7.9262300e-01
  -8.2430500e-02  -9.8840000e-01
   4.6009900e-01  -9.0036900e-01
   8.8905700e-01  -5.4933800e-01
   1.0877800e+00  -2.5929100e-02
   9.9967700e-01   5.3302200e-01
   6.4334200e-01   9.8015800e-01
   1.0807500e-01   1.1961300e+00
  -4.6900200e-01   1.1209600e+00
  -9.3836300e-01   7.7010400e-01
  -1.1768800e+00   2.3101600e-01
  -1.1199900e+00  -3.5897300e-01
  -7.7892100e-01  -8.4779400e-01
  -2.3838800e-01  -1.1077800e+00
   3.6457800e-01  -1.0687600e+00
   8.7543100e-01  -7.3655300e-01
   1.1615800e+00  -1.9207900e-01
   1.1464700e+00   4.2879000e-01
   8.2946600e-01   9.6951500e-01
   2.8652000e-01   1.2926200e+00
  -3.4873600e-01   1.3147300e+00
  -9.1860500e-01   1.0279700e+00
  -1.2811700e+00   5.0224800e-01
  -1.3462500e+00  -1.3217800e-01
  -1.0982600e+00  -7.1748300e-01
  -6.0028700e-01  -1.1080600e+00
   2.1802900e-02  -1.2072700e+00
   6.1108300e-01  -9.9172700e-01
   1.0191200e+00  -5.1719300e-01
   1.1433500e+00   9.5643800e-02
   9.5275700e-01   6.9167700e-01
   4.9547700e-01   1.1205100e+00
  -1.1359400e-01   1.2742900e+00
  -7.2199600e-01   1.1146400e+00
  -1.1782300e+00   6.8195500e-01
  -1.3698700e+00   8.4846200e-02
  -1.2515700e+00  -5.2763400e-01
  -8.5605500e-01  -1.0037500e+00
  -2.8529900e-01  -1.2272900e+00
   3.1570300e-01  -1.1465300e+00
   7.9580000e-01  -7.8672700e-01
   1.0358300e+00  -2.4306500e-01
   9.7833500e-01   3.4401500e-01
   6.4147800e-01   8.2467600e-01
   1.1362900e-01   1.0776000e+00
  -4.6970000e-01   1.0403100e+00
  -9.6064400e-01   7.2429500e-01
  -1.2365400e+00   2.1121600e-01
  -1.2306500e+00  -3.6864800e-01
  -9.4839000e-01  -8.7004400e-01
  -4.6494200e-01  -1.1698200e+00
   9.4794100e-02  -1.1979100e+00
   5.8872100e-01  -9.5444600e-01
   8.9405200e-01  -5.0867800e-01
   9.3842700e-01   1.9726400e-02
   7.1771800e-01   4.9210400e-01
   2.9609800e-01   7.8671000e-01
  -2.1147000e-01   8.2984500e-01
  -6.6965100e-01   6.1423500e-01
  -9.5807600e-01   2.0003400e-01
  -1.0024400e+00  -3.0165500e-01
  -7.9334200e-01  -7.5833300e-01
  -3.8804800e-01  -1.0509700e+00
   1.0512200e-01  -1.1050600e+00
   5.5567400e-01  -9.0992000e-01
   8.4546000e-01  -5.2104200e-01
   8.9983700e-01  -4.5203000e-02
   7.0732000e-01   3.8793000e-01
   3.2262600e-01   6.6018100e-01
  -1.4771800e-01   6.9624900e-01
  -5.7343600e-01   4.8389800e-01
  -8.3493700e-01   7.7620700e-02
  -8.5515100e-01  -4.1522600e-01
  -6.2042400e-01  -8.6229600e-01
  -1.8494200e-01  -1.1409400e+00
   3.4256900e-01  -1.1707300e+00
   8.2657800e-01  -9.3526800e-01
   1.1398200e+00  -4.8761500e-01
   1.1967000e+00   6.2308600e-02
   9.7633800e-01   5.7525300e-01
   5.2922100e-01   9.1814300e-01
  -3.4418300e-02   9.9852100e-01
  -5.7175900e-01   7.8905900e-01
  -9.4326700e-01   3.3577600e-01
  -1.0482400e+00  -2.5232900e-01
  -8.5094800e-01  -8.2976500e-01
  -3.9073500e-01  -1.2506000e+00
   2.2676300e-01  -1.4050500e+00
   8.5507800e-01  -1.2473700e+00
   1.3428400e+00  -8.0796700e-01
   1.5712100e+00  -1.8662600e-01
   1.4834500e+00   4.7157000e-01
   1.0992200e+00   1.0116600e+00
   5.1003700e-01   1.3067900e+00
  -1.4307900e-01   1.2892400e+00
  -7.0406300e-01   9.6690900e-01
  -1.0399200e+00   4.2110000e-01
  -1.0729600e+00  -2.1371800e-01
  -7.9923000e-01  -7.8307600e-01
  -2.8870600e-01  -1.1502900e+00
   3.3272600e-01  -1.2294800e+00
   9.1475600e-01  -1.0057100e+00
   1.3197200e+00  -5.3735000e-01
   1.4559300e+00   5.9605900e-02
   1.2991400e+00   6.4117300e-01
   8.9679700e-01   1.0713600e+00
   3.5461900e-01   1.2554200e+00
  -1.9117500e-01   1.1621400e+00
  -6.0850900e-01   8.2972000e-01
  -8.0225600e-01   3.5422900e-01
  -7.3695300e-01  -1.3628400e-01
  -4.4388700e-01  -5.1504800e-01
  -1.1086500e-02  -6.8869600e-01
   4.4089900e-01  -6.2006600e-01
   7.9094700e-01  -3.3607000e-01
   9.4869900e-01   8.1120100e-02
   8.7724000e-01   5.1696400e-01
   6.0140700e-01   8.5536600e-01
   1.9982400e-01   1.0092900e+00
  -2.1701700e-01   9.4322000e-01
  -5.3671300e-01   6.8169800e-01
  -6.7501400e-01   3.0192500e-01
  -5.9811100e-01  -8.7520400e-02
  -3.3134700e-01  -3.7609500e-01
   4.7822800e-02  -4.8105900e-01
   4.3071700e-01  -3.6975500e-01
   7.0659300e-01  -6.8547000e-02
   7.9240000e-01   3.4391200e-01
   6.5529500e-01   7.5732300e-01
   3.2196200e-01   1.0588800e+00
  -1.2774000e-01   1.1632700e+00
  -5.8120900e-01   1.0356700e+00
  -9.2233000e-01   7.0171700e-01
  -1.0619200e+00   2.4163700e-01
  -9.6146100e-01  -2.2984600e-01
  -6.4386000e-01  -5.9286800e-01
  -1.8842700e-01  -7.5339200e-01
   2.8882900e-01  -6.6782600e-01
   6.6453800e-01  -3.5485900e-01
   8.3947700e-01   1.0859900e-01
   7.6413700e-01   6.0644800e-01
   4.5176600e-01   1.0126000e+00
  -2.4522100e-02   1.2228800e+00
  -5.4991800e-01   1.1816100e+00
  -9.9676799e-01   8.9583100e-01
  -1.2567900e+00   4.3374200e-01
  -1.2684400e+00  -9.2442000e-02
  -1.0324500e+00  -5.5483300e-01
  -6.1154400e-01  -8.4219300e-01
  -1.1444900e-01  -8.8801800e-01
   3.3180400e-01  -6.8722700e-01
   6.1416700e-01  -2.9720600e-01
   6.6224000e-01   1.7705600e-01
   4.6600900e-01   6.0992000e-01
   7.8130300e-02   8.8726200e-01
  -3.9980800e-01   9.3562100e-01
  -8.4350600e-01   7.4088000e-01
  -1.1379500e+00   3.5172000e-01
  -1.2070100e+00  -1.3304400e-01
  -1.0329800e+00  -5.8998600e-01
  -6.6121500e-01  -9.0293200e-01
  -1.8842100e-01  -9.9297999e-01
   2.6215800e-01  -8.3899800e-01
   5.7253400e-01  -4.8331600e-01
   6.6049800e-01  -2.1122300e-02
   5.0109700e-01   4.2377400e-01
   1.3353000e-01   7.3065600e-01
  -3.4836200e-01   8.1301400e-01
  -8.1965200e-01   6.4111400e-01
  -1.1559900e+00   2.5022700e-01
  -1.2653500e+00  -2.6763900e-01
  -1.1117900e+00  -7.8649000e-01
  -7.2524500e-01  -1.1778700e+00
  -1.9461300e-01  -1.3432500e+00
   3.5390600e-01  -1.2390500e+00
   7.8806500e-01  -8.8809000e-01
   1.0024500e+00  -3.7438700e-01
   9.4482199e-01   1.7725500e-01
   6.2926400e-01   6.3191000e-01
   1.3293800e-01   8.7771900e-01
  -4.2279100e-01   8.5337000e-01
  -9.0209999e-01   5.6305200e-01
  -1.1878900e+00   7.5212300e-02
  -1.2101700e+00  -4.9446800e-01
  -9.6269099e-01  -1.0115600e+00
  -5.0373700e-01  -1.3556800e+00
   5.8864800e-02  -1.4494600e+00
   5.9466100e-01  -1.2765500e+00
   9.8258999e-01  -8.8439499e-01
   1.1400900e+00  -3.7129100e-01
   1.0421600e+00   1.3872300e-01
   7.2578300e-01   5.2675300e-01
   2.7904400e-01   7.0788600e-01
  -1.8218700e-01   6.5083500e-01
  -5.4372400e-01   3.8371000e-01
  -7.2124500e-01  -1.5180400e-02
  -6.8008600e-01  -4.3881900e-01
  -4.4188400e-01  -7.7948400e-01
  -7.6720500e-02  -9.5599699e-01
   3.1681700e-01  -9.3326599e-01
   6.3823200e-01  -7.2933200e-01
   8.1131700e-01  -4.0841700e-01
   8.0317400e-01  -6.2144000e-02
   6.3125700e-01   2.1587700e-01
   3.5685200e-01   3.5527500e-01
   6.7013700e-02   3.2728300e-01
  -1.5005000e-01   1.5149700e-01
  -2.2945600e-01  -1.1061200e-01
  -1.4742900e-01  -3.7351700e-01
   7.2344700e-02  -5.5189800e-01
   3.6545700e-01  -5.8475100e-01
   6.4475000e-01  -4.5282700e-01
   8.2469399e-01  -1.8464400e-01
   8.4558199e-01   1.5060800e-01
   6.9099600e-01   4.6147800e-01
   3.9373300e-01   6.5913900e-01
   2.8420100e-02   6.8213300e-01
  -3.0743100e-01   5.1432900e-01
  -5.1909800e-01   1.9114000e-01
  -5.4033900e-01  -2.0789200e-01
  -3.5231000e-01  -5.7850200e-01
   9.4569599e-03  -8.1825999e-01
   4.6211500e-01  -8.5349299e-01
   8.9510699e-01  -6.5955700e-01
   1.1975300e+00  -2.6905300e-01
   1.2863800e+00   2.3440000e-01
   1.1284900e+00   7.3558600e-01
   7.5035600e-01   1.1155900e+00
   2.3326600e-01   1.2813300e+00
  -3.0548500e-01   1.1892000e+00
  -7.4064800e-01   8.5691199e-01
  -9.6953499e-01   3.6026400e-01
  -9.3739599e-01  -1.8440700e-01
  -6.5129800e-01  -6.4801000e-01
  -1.7896900e-01  -9.1983099e-01
   3.6720800e-01  -9.3438499e-01
   8.5715899e-01  -6.8732200e-01
   1.1744300e+00  -2.3646400e-01
   1.2441700e+00   3.1230600e-01
   1.0508200e+00   8.3078199e-01
   6.4138300e-01   1.1994600e+00
   1.1335400e-01   1.3361600e+00
  -4.0946700e-01   1.2153200e+00
  -8.0727699e-01   8.7316199e-01
  -9.9315499e-01   3.9779300e-01
  -9.3342099e-01  -9.3290099e-02
  -6.5458500e-01  -4.8244700e-01
  -2.3536200e-01  -6.8061500e-01
   2.1402000e-01  -6.4838100e-01
   5.7984000e-01  -4.0429400e-01
   7.7312799e-01  -1.8605300e-02
   7.5106699e-01   4.0573800e-01
   5.2631700e-01   7.5982099e-01
   1.6216400e-01   9.5633399e-01
  -2.4499900e-01   9.5100699e-01
  -5.9116100e-01   7.5261399e-01
  -7.9152899e-01   4.1921200e-01
  -8.0180999e-01   4.1852500e-02
  -6.2863200e-01  -2.7983400e-01
  -3.2657600e-01  -4.6376300e-01
   1.7146100e-02  -4.6647100e-01
   3.0625400e-01  -2.9376100e-01
   4.6094400e-01   1.6732000e-03
   4.3876800e-01   3.3488100e-01
   2.4546300e-01   6.1157200e-01
  -6.7011600e-02   7.5327099e-01
  -4.1458000e-01   7.1810999e-01
  -7.0355400e-01   5.1184700e-01
  -8.5558699e-01   1.8629100e-01
  -8.2852599e-01  -1.7443000e-01
  -6.2772600e-01  -4.7610000e-01
  -3.0486800e-01  -6.3935100e-01
   5.5418200e-02  -6.2074800e-01
   3.5763200e-01  -4.2453100e-01
   5.2044400e-01  -1.0191100e-01
   4.9817600e-01   2.6192100e-01
   2.9311700e-01   5.6975200e-01
  -4.4572600e-02   7.3757899e-01
  -4.2939300e-01   7.1660799e-01
  -7.6229899e-01   5.0628100e-01
  -9.5616499e-01   1.5493400e-01
  -9.5836399e-01  -2.5216300e-01
  -7.6463199e-01  -6.1435700e-01
  -4.2060800e-01  -8.4127599e-01
  -1.0587900e-02  -8.7602399e-01
   3.6368000e-01  -7.0995899e-01
   6.0878200e-01  -3.8522900e-01
   6.6343600e-01   1.5628300e-02
   5.1421100e-01   3.9040900e-01
   1.9915500e-01   6.4305900e-01
  -2.0164100e-01   7.0800099e-01
  -5.8616000e-01   5.6681300e-01
  -8.5616699e-01   2.5298300e-01
  -9.4199999e-01  -1.5645400e-01
  -8.2014899e-01  -5.6029800e-01
  -5.1916900e-01  -8.5867099e-01
  -1.1246000e-01  -9.7813699e-01
   3.0027400e-01  -8.9013099e-01
   6.1814100e-01  -6.1801800e-01
   7.6441599e-01  -2.3104700e-01
   7.0570499e-01   1.7324000e-01
   4.6011000e-01   4.9364900e-01
   9.2378899e-02   6.5077300e-01
  -3.0267700e-01   6.0679400e-01
  -6.2423200e-01   3.7468200e-01
  -7.9084899e-01   1.4510200e-02
  -7.6079199e-01  -3.8206700e-01
  -5.4215300e-01  -7.1519299e-01
  -1.9030200e-01  -9.0204899e-01
   2.0658500e-01  -8.9754899e-01
   5.5016700e-01  -7.0528699e-01
   7.5691699e-01  -3.7603900e-01
   7.7907299e-01   5.6949600e-03
   6.1628300e-01   3.4355500e-01
   3.1504900e-01   5.5397200e-01
  -4.3762900e-02   5.8726900e-01
  -3.6604000e-01   4.3987200e-01
  -5.6869600e-01   1.5458600e-01
  -6.0084500e-01  -1.9101800e-01
  -4.5647200e-01  -5.0502700e-01
  -1.7542600e-01  -7.0508599e-01
   1.6743800e-01  -7.3960199e-01
   4.8206200e-01  -6.0079600e-01
   6.8676099e-01  -3.2630300e-01
   7.2945999e-01   1.1030400e-02
   6.0109400e-01   3.2243700e-01
   3.3774400e-01   5.2657000e-01
   1.0989400e-02   5.7081800e-01
  -2.9097800e-01   4.4506400e-01
  -4.8656100e-01   1.8433700e-01
  -5.2224500e-01  -1.4034900e-01
  -3.8678000e-01  -4.4056500e-01
  -1.1436400e-01  -6.3364799e-01
   2.2403000e-01  -6.6447699e-01
   5.3897100e-01  -5.2018400e-01
   7.4581199e-01  -2.3395200e-01
   7.8687599e-01   1.2313100e-01
   6.4681699e-01   4.6012900e-01
   3.5716800e-01   6.8961999e-01
  -1.1180000e-02   7.5037099e-01
  -3.6571100e-01   6.2349599e-01
  -6.1575099e-01   3.3790000e-01
  -6.9569199e-01  -3.6467000e-02
  -5.8204800e-01  -4.0589300e-01
  -2.9994300e-01  -6.7639899e-01
   8.2676599e-02  -7.7749999e-01
   4.7170600e-01  -6.8020899e-01
   7.7025899e-01  -4.0470400e-01
   9.0288299e-01  -1.5663600e-02
   8.3449899e-01   3.9357300e-01
   5.7931500e-01   7.2407499e-01
   1.9743400e-01   8.9582799e-01
  -2.1997100e-01   8.6753599e-01
  -5.7319600e-01   6.4676299e-01
  -7.7860099e-01   2.8790800e-01
  -7.8911199e-01  -1.2144100e-01
  -6.0551899e-01  -4.8230800e-01
  -2.7581400e-01  -7.0877699e-01
   1.1717100e-01  -7.4897799e-01
   4.7664200e-01  -5.9738799e-01
   7.1593299e-01  -2.9546300e-01
   7.7973099e-01   7.9427499e-02
   6.5716999e-01   4.3384600e-01
   3.8360800e-01   6.8181699e-01
   3.0800400e-02   7.6608399e-01
  -3.1188900e-01   6.7175299e-01
  -5.6034800e-01   4.2901500e-01
  -6.5680099e-01   1.0441600e-01
  -5.8380299e-01  -2.1692700e-01
  -3.6766800e-01  -4.5348100e-01
  -7.0655299e-02  -5.4811100e-01
   2.2594600e-01  -4.8222500e-01
   4.4332300e-01  -2.7972400e-01
   5.2564200e-01   1.2572700e-04
   4.5425600e-01   2.7890700e-01
   2.5200100e-01   4.8003700e-01
  -2.3421700e-02   5.4902300e-01
  -2.9516700e-01   4.6771100e-01
  -4.8788200e-01   2.5884500e-01
  -5.4784000e-01  -2.0187700e-02
  -4.5729500e-01  -2.9274900e-01
  -2.3931500e-01  -4.8342700e-01
   4.8175900e-02  -5.3822200e-01
   3.2758800e-01  -4.3914400e-01
   5.2214000e-01  -2.0939900e-01
   5.7626699e-01   9.2246199e-02
   4.7065000e-01   3.8649500e-01
   2.2789200e-01   5.9408499e-01
  -9.2678899e-02   6.5658399e-01
  -4.0984200e-01   5.5200699e-01
  -6.4116299e-01   3.0118800e-01
  -7.2425199e-01  -3.6836200e-02
  -6.3312899e-01  -3.7931400e-01
  -3.8545200e-01  -6.4051999e-01
  -3.8696400e-02  -7.5347899e-01
   3.2382200e-01  -6.8715099e-01
   6.1359799e-01  -4.5467000e-01
   7.5905099e-01  -1.1049400e-01
   7.2352399e-01   2.6284700e-01
   5.1460200e-01   5.7511899e-01
   1.8238600e-01   7.5073299e-01
  -1.9285100e-01   7.4746399e-01
  -5.2052500e-01   5.6684499e-01
  -7.2212399e-01   2.5363400e-01
  -7.5048999e-01  -1.1547500e-01
  -6.0118899e-01  -4.5101000e-01
  -3.1315700e-01  -6.7291799e-01
   4.1450300e-02  -7.3020499e-01
   3.7557900e-01  -6.1311599e-01
   6.0908599e-01  -3.5487600e-01
   6.8852099e-01  -2.2653900e-02
   5.9991999e-01   2.9984300e-01
   3.7147200e-01   5.3365199e-01
   6.5515099e-02   6.2429399e-01
  -2.3796900e-01   5.5496599e-01
  -4.6205600e-01   3.4995100e-01
  -5.5243199e-01   6.7483499e-02
  -4.9082500e-01  -2.1595100e-01
  -2.9895100e-01  -4.2574100e-01
  -3.2070200e-02  -5.0847899e-01
   2.3605000e-01  -4.4551000e-01
   4.3279200e-01  -2.5726000e-01
   5.0581999e-01   2.6954400e-03
   4.3670900e-01   2.6218000e-01
   2.4556700e-01   4.4975300e-01
  -1.4519700e-02   5.1374499e-01
  -2.7171600e-01   4.3601800e-01
  -4.5461600e-01   2.3686800e-01
  -5.1133699e-01  -3.0221900e-02
  -4.2353100e-01  -2.9261300e-01
  -2.1163200e-01  -4.7768200e-01
   7.0073299e-02  -5.3213999e-01
   3.4732200e-01  -4.3645400e-01
   5.4514699e-01  -2.1058300e-01
   6.0757099e-01   9.0551599e-02
   5.1260799e-01   3.9075200e-01
   2.7865800e-01   6.1195099e-01
  -3.9457500e-02   6.9436799e-01
  -3.6388700e-01   6.1225199e-01
  -6.1323499e-01   3.8110900e-01
  -7.2321499e-01   5.4493599e-02
  -6.6320799e-01  -2.8891000e-01
  -4.4449100e-01  -5.6473399e-01
  -1.1797700e-01  -7.0400199e-01
   2.3803100e-01  -6.7053499e-01
   5.3704699e-01  -4.7027400e-01
   7.0577699e-01  -1.5012900e-01
   7.0229799e-01   2.1338200e-01
   5.2649499e-01   5.3288799e-01
   2.2013300e-01   7.3163699e-01
  -1.4344800e-01   7.6231499e-01
  -4.7741999e-01   6.1853999e-01
  -7.0280999e-01   3.3618000e-01
  -7.6776599e-01  -1.5775200e-02
  -6.5997299e-01  -3.5244700e-01
  -4.0916800e-01  -5.9406499e-01
  -7.9233599e-02  -6.8545899e-01
   2.4806200e-01  -6.0920199e-01
   4.9352599e-01  -3.8921200e-01
   6.0003299e-01  -8.4022499e-02
   5.4619899e-01   2.2845100e-01
   3.5088000e-01   4.7069999e-01
   6.7523099e-02   5.8494099e-01
  -2.3006400e-01   5.4709899e-01
  -4.6677699e-01   3.7201400e-01
  -5.8521999e-01   1.0871500e-01
  -5.5982599e-01  -1.7289600e-01
  -4.0258600e-01  -4.0039400e-01
  -1.5905100e-01  -5.1746499e-01
   1.0418900e-01  -4.9803799e-01
   3.1722800e-01  -3.5236700e-01
   4.2510500e-01  -1.2360000e-01
   4.0189400e-01   1.2411800e-01
   2.5701500e-01   3.2285100e-01
   3.2241500e-02   4.1883000e-01
  -2.0974500e-01   3.8649500e-01
  -4.0217000e-01   2.3500400e-01
  -4.9192899e-01   5.5489399e-03
  -4.5364899e-01  -2.3973300e-01
  -2.9638800e-01  -4.3434200e-01
  -6.1233899e-02  -5.2509899e-01
   1.8952900e-01  -4.8632699e-01
   3.8886700e-01  -3.2679400e-01
   4.8273399e-01  -8.7614199e-02
   4.4447400e-01   1.6837200e-01
   2.8211400e-01   3.7297100e-01
   3.6612000e-02   4.7053099e-01
  -2.2851200e-01   4.3267900e-01
  -4.4352300e-01   2.6606800e-01
  -5.5056799e-01   1.1071000e-02
  -5.1884799e-01  -2.6828900e-01
  -3.5292700e-01  -5.0062299e-01
  -9.1977599e-02  -6.2550599e-01
   1.9990000e-01  -6.0914699e-01
   4.4983899e-01  -4.5333599e-01
   5.9474499e-01  -1.9535600e-01
   5.9748199e-01   1.0120100e-01
   4.5653299e-01   3.6238900e-01
   2.0665100e-01   5.2259899e-01
  -8.9707999e-02   5.4123899e-01
  -3.5803700e-01   4.1314000e-01
  -5.3053699e-01   1.7001700e-01
  -5.6324799e-01  -1.2739700e-01
  -4.4718399e-01  -4.0458900e-01
  -2.1065200e-01  -5.9199699e-01
   8.7849999e-02  -6.4251799e-01
   3.7434700e-01  -5.4334299e-01
   5.7800399e-01  -3.1913500e-01
   6.4891399e-01  -2.5749600e-02
   5.7058399e-01   2.6388700e-01
   3.6394900e-01   4.7817299e-01
   8.1943199e-02   5.6482399e-01
  -2.0397500e-01   5.0392099e-01
  -4.2191300e-01   3.1273300e-01
  -5.1764399e-01   4.1140500e-02
  -4.6815299e-01  -2.4116300e-01
  -2.8720900e-01  -4.6237999e-01
  -2.1611400e-02  -5.6674499e-01
   2.6089200e-01  -5.2847899e-01
   4.8890399e-01  -3.5805600e-01
   6.0546899e-01  -9.9242699e-02
   5.8236599e-01   1.8227500e-01
   4.2700799e-01   4.1574100e-01
   1.8022700e-01   5.4332499e-01
  -9.4406199e-02   5.3469499e-01
  -3.2696100e-01   3.9446300e-01
  -4.5901199e-01   1.6069100e-01
  -4.5842399e-01  -1.0513200e-01
  -3.2731000e-01  -3.3400100e-01
  -1.0118000e-01  -4.6709599e-01
   1.6044300e-01  -4.7074699e-01
   3.8947700e-01  -3.4484400e-01
   5.2681799e-01  -1.2258800e-01
   5.3744999e-01   1.3829500e-01
   4.1926599e-01   3.7057600e-01
   2.0338500e-01   5.1489499e-01
  -5.4076599e-02   5.3499999e-01
  -2.8662300e-01   4.2696599e-01
  -4.3459799e-01   2.2003500e-01
  -4.6056199e-01  -3.1083600e-02
  -3.5888900e-01  -2.6045800e-01
  -1.5712100e-01  -4.0801799e-01
   9.1229099e-02  -4.3509299e-01
   3.2057400e-01  -3.3438500e-01
   4.7023199e-01  -1.3184100e-01
   5.0013799e-01   1.2005600e-01
   4.0122199e-01   3.5584100e-01
   1.9781600e-01   5.1397099e-01
  -5.8563499e-02   5.5273499e-01
  -3.0242500e-01   4.6107199e-01
  -4.7113799e-01   2.6152900e-01
  -5.2106599e-01   4.5849499e-03
  -4.3885699e-01  -2.4421000e-01
  -2.4500300e-01  -4.2099299e-01
   1.1264200e-02  -4.7995099e-01
   2.6443200e-01  -4.0511799e-01
   4.4936199e-01  -2.1457800e-01
   5.1787999e-01   4.4003499e-02
   4.5109099e-01   3.0538500e-01
   2.6427000e-01   5.0324199e-01
   3.0866300e-03   5.8696199e-01
  -2.6786600e-01   5.3446199e-01
  -4.8134199e-01   3.5780300e-01
  -5.8437199e-01   1.0016400e-01
  -5.5156899e-01  -1.7502400e-01
  -3.9145499e-01  -4.0003399e-01
  -1.4423600e-01  -5.1982899e-01
   1.2839100e-01  -5.0579599e-01
   3.5878700e-01  -3.6276800e-01
   4.9031899e-01  -1.2760400e-01
   4.9143599e-01   1.4026600e-01
   3.6333700e-01   3.7390300e-01
   1.3933600e-01   5.1566499e-01
  -1.2382700e-01   5.3152899e-01
  -3.6048900e-01   4.1930899e-01
  -5.1263799e-01   2.0877800e-01
  -5.4436099e-01  -4.6277499e-02
  -4.5053099e-01  -2.8194800e-01
  -2.5758500e-01  -4.4047299e-01
  -1.6309700e-02  -4.8471599e-01
   2.1145900e-01  -4.0719699e-01
   3.6873700e-01  -2.3144800e-01
   4.1781699e-01  -5.4385599e-03
   3.4955000e-01   2.1114600e-01
   1.8515700e-01   3.6243300e-01
  -2.9787100e-02   4.1068799e-01
  -2.3756400e-01   3.4574400e-01
  -3.8349999e-01   1.8718700e-01
  -4.3015799e-01  -2.1217100e-02
  -3.6688800e-01  -2.2331100e-01
  -2.1227500e-01  -3.6544200e-01
  -8.9285699e-03  -4.1056299e-01
   1.8799200e-01  -3.4786600e-01
   3.2546600e-01  -1.9545700e-01
   3.6667700e-01   4.5825499e-03
   3.0075500e-01   1.9744500e-01
   1.4566900e-01   3.3018700e-01
  -5.6495799e-02   3.6583099e-01
  -2.5064100e-01   2.9329300e-01
  -3.8323199e-01   1.3050800e-01
  -4.1655799e-01  -8.0085499e-02
  -3.3891200e-01  -2.8254300e-01
  -1.6802400e-01  -4.2207299e-01
   5.3210499e-02  -4.5953399e-01
   2.6764500e-01  -3.8199199e-01
   4.1865999e-01  -2.0654500e-01
   4.6499299e-01   2.3628600e-02
   3.9176799e-01   2.5007600e-01
   2.1483600e-01   4.1396999e-01
  -2.2769600e-02   4.7133199e-01
  -2.6143600e-01   4.0462499e-01
  -4.3998599e-01   2.2772700e-01
  -5.1128799e-01  -1.7082500e-02
  -4.5450399e-01  -2.6942400e-01
  -2.8077800e-01  -4.6586299e-01
  -3.0895900e-02  -5.5590099e-01
   2.3459300e-01  -5.1488399e-01
   4.5033899e-01  -3.5051200e-01
   5.6250399e-01  -1.0127300e-01
   5.4231299e-01   1.7286300e-01
   3.9343199e-01   4.0520299e-01
   1.5128200e-01   5.3884799e-01
  -1.2557700e-01   5.4084999e-01
  -3.6983999e-01   4.1045499e-01
  -5.2205999e-01   1.7935400e-01
  -5.4531099e-01  -9.6101999e-02
  -4.3426199e-01  -3.4881299e-01
  -2.1640500e-01  -5.1745999e-01
   5.4840099e-02  -5.6155299e-01
   3.1339400e-01  -4.7126199e-01
   4.9683799e-01  -2.6960300e-01
   5.6170999e-01  -6.4984199e-03
   4.9397099e-01   2.5376300e-01
   3.1210700e-01   4.4848399e-01
   6.2145199e-02   5.3194599e-01
  -1.9407300e-01   4.8639399e-01
  -3.9437599e-01   3.2595100e-01
  -4.9158799e-01   9.2571499e-02
  -4.6488799e-01  -1.5484700e-01
  -3.2442300e-01  -3.5537399e-01
  -1.0812500e-01  -4.6118399e-01
   1.2833700e-01  -4.4913999e-01
   3.2583900e-01  -3.2597100e-01
   4.3664899e-01  -1.2585800e-01
   4.3609199e-01   9.8823999e-02
   3.2815400e-01   2.9113700e-01
   1.4371300e-01   4.0406399e-01
  -6.7998499e-02   4.1214199e-01
  -2.5241000e-01   3.1734900e-01
  -3.6368299e-01   1.4785700e-01
  -3.7623499e-01  -4.9903499e-02
  -2.9079000e-01  -2.2368600e-01
  -1.3350900e-01  -3.2910900e-01
   5.1450799e-02  -3.4100499e-01
   2.1391000e-01  -2.5954300e-01
   3.1098800e-01  -1.0962000e-01
   3.1827400e-01   6.6217699e-02
   2.3596100e-01   2.1939200e-01
   8.8396899e-02   3.0832600e-01
  -8.2755999e-02   3.0947500e-01
  -2.2989500e-01   2.2344700e-01
  -3.1234000e-01   7.4645899e-02
  -3.0727500e-01  -9.5433599e-02
  -2.1588900e-01  -2.3945500e-01
  -6.3077199e-02  -3.1704900e-01
   1.0919500e-01  -3.0577300e-01
   2.5313000e-01  -2.0731800e-01
   3.2796499e-01  -4.7296899e-02
   3.1107100e-01   1.3136300e-01
   2.0432400e-01   2.7972500e-01
   3.4030299e-02   3.5587499e-01
  -1.5564200e-01   3.3628499e-01
  -3.1406900e-01   2.2246700e-01
  -3.9746299e-01   4.1126399e-02
  -3.8060499e-01  -1.6231100e-01
  -2.6391500e-01  -3.3520399e-01
  -7.3957999e-02  -4.3129599e-01
   1.4284800e-01  -4.2290999e-01
   3.3178399e-01  -3.0856200e-01
   4.4373999e-01  -1.1394600e-01
   4.4793999e-01   1.1404500e-01
   3.4018599e-01   3.1882999e-01
   1.4447600e-01   4.4832399e-01
  -9.2535599e-02   4.6819499e-01
  -3.1288300e-01   3.7083499e-01
  -4.6165499e-01   1.7769500e-01
  -5.0076399e-01  -6.5645899e-02
  -4.1865399e-01  -3.0053100e-01
  -2.3346700e-01  -4.6964299e-01
   1.1179600e-02  -5.3121599e-01
   2.5677500e-01  -4.6946499e-01
   4.4425899e-01  -2.9861800e-01
   5.2855099e-01  -5.9520099e-02
   4.8964299e-01   1.9036300e-01
   3.3749799e-01   3.9104699e-01
   1.0953500e-01   4.9474099e-01
  -1.3865400e-01   4.7750799e-01
  -3.4703399e-01   3.4497699e-01
  -4.6586899e-01   1.3073200e-01
  -4.6781499e-01  -1.1218800e-01
  -3.5437099e-01  -3.2451899e-01
  -1.5513900e-01  -4.5540399e-01
   7.9859199e-02  -4.7477499e-01
   2.9282300e-01  -3.8042899e-01
   4.3256799e-01  -1.9809500e-01
   4.6706499e-01   2.5441600e-02
   3.9100599e-01   2.3434400e-01
   2.2658600e-01   3.7778899e-01
   1.7387400e-02   4.2253599e-01
  -1.8298100e-01   3.6086199e-01
  -3.2456099e-01   2.1194000e-01
  -3.7355299e-01   1.6414400e-02
  -3.2049899e-01  -1.7434800e-01
  -1.8215300e-01  -3.1153299e-01
   3.3519399e-03  -3.6125299e-01
   1.8669600e-01  -3.1289699e-01
   3.2025199e-01  -1.8139100e-01
   3.7031199e-01  -2.8572900e-03
   3.2553999e-01   1.7509000e-01
   1.9953300e-01   3.0587699e-01
   2.6899200e-02   3.5604499e-01
  -1.4604700e-01   3.1378199e-01
  -2.7351700e-01   1.9173100e-01
  -3.2221099e-01   2.3414400e-02
  -2.7991900e-01  -1.4573500e-01
  -1.5855400e-01  -2.7037600e-01
   9.1213298e-03  -3.1714899e-01
   1.7819200e-01  -2.7337100e-01
   3.0341299e-01  -1.5029100e-01
   3.5107299e-01   1.9908300e-02
   3.0782199e-01   1.9256200e-01
   1.8416800e-01   3.2221799e-01
   1.1751600e-02   3.7451899e-01
  -1.6487700e-01   3.3520299e-01
  -2.9985199e-01   2.1386400e-01
  -3.5793099e-01   4.1526399e-02
  -3.2369899e-01  -1.3735900e-01
  -2.0563600e-01  -2.7641100e-01
  -3.4004799e-02  -3.3933899e-01
   1.4690300e-01  -3.0937999e-01
   2.9017399e-01  -1.9370300e-01
   3.5837899e-01  -2.1649000e-02
   3.3326399e-01   1.6276500e-01
   2.2052100e-01   3.1213499e-01
   4.8396799e-02   3.8786499e-01
  -1.3949800e-01   3.7012199e-01
  -2.9535699e-01   2.6298600e-01
  -3.7944199e-01   9.3464598e-02
  -3.7030399e-01  -9.5380298e-02
  -2.7032700e-01  -2.5544300e-01
  -1.0516500e-01  -3.4590099e-01
   8.2781199e-02  -3.4368999e-01
   2.4520300e-01  -2.4945300e-01
   3.4024499e-01  -8.7418298e-02
   3.4324099e-01   1.0076000e-01
   2.5305600e-01   2.6663600e-01
   9.2430798e-02   3.6735499e-01
  -9.7797198e-02   3.7663199e-01
  -2.6909500e-01   2.9150799e-01
  -3.7762599e-01   1.3314900e-01
  -3.9545599e-01  -5.8505099e-02
  -3.1771699e-01  -2.3490200e-01
  -1.6389600e-01  -3.5124399e-01
   2.7084400e-02  -3.7791199e-01
   2.0674700e-01  -3.0804199e-01
   3.2937899e-01  -1.5930800e-01
   3.6365799e-01   3.0533699e-02
   3.0063399e-01   2.1321000e-01
   1.5602100e-01   3.4217299e-01
  -3.3768399e-02   3.8440499e-01
  -2.2083700e-01   3.2878799e-01
  -3.5792699e-01   1.8892000e-01
  -4.1037199e-01  -3.3318899e-04
  -3.6483999e-01  -1.9167000e-01
  -2.3267100e-01  -3.3731199e-01
  -4.6961499e-02  -4.0105699e-01
   1.4583800e-01  -3.6737499e-01
   2.9767399e-01  -2.4525000e-01
   3.7100399e-01  -6.5819099e-02
   3.4819699e-01   1.2558100e-01
   2.3586600e-01   2.8090499e-01
   6.3054599e-02   3.6151799e-01
  -1.2623600e-01   3.4786599e-01
  -2.8424499e-01   2.4425800e-01
  -3.7152399e-01   7.7590399e-02
  -3.6681999e-01  -1.0963200e-01
  -2.7227999e-01  -2.7017100e-01
  -1.1267800e-01  -3.6403999e-01
   7.1069099e-02  -3.6854699e-01
   2.3243600e-01  -2.8386499e-01
   3.3114399e-01  -1.3274700e-01
   3.4332399e-01   4.5493199e-02
   2.6741000e-01   2.0515900e-01
   1.2429400e-01   3.0587799e-01
  -4.8244099e-02   3.2284499e-01
  -2.0536700e-01   2.5299700e-01
  -3.0673099e-01   1.1556600e-01
  -3.2677699e-01  -5.3064099e-02
  -2.6115300e-01  -2.0886800e-01
  -1.2764000e-01  -3.1155899e-01
   3.8613199e-02  -3.3492999e-01
   1.9428300e-01  -2.7349099e-01
   2.9910599e-01  -1.4373700e-01
   3.2625199e-01   2.0255800e-02
   2.6917699e-01   1.7574200e-01
   1.4320600e-01   2.8239899e-01
  -1.8528900e-02   3.1274899e-01
  -1.7373500e-01   2.5921400e-01
  -2.8193299e-01   1.3601700e-01
  -3.1492899e-01  -2.4565000e-02
  -2.6408699e-01  -1.8058500e-01
  -1.4253600e-01  -2.9130099e-01
   1.8249900e-02  -3.2771399e-01
   1.7660000e-01  -2.8005799e-01
   2.9141499e-01  -1.6033200e-01
   3.3279099e-01   8.0019898e-04
   2.8974299e-01   1.6191100e-01
   1.7306100e-01   2.8148799e-01
   1.2549500e-02   3.2863999e-01
  -1.5062200e-01   2.9106799e-01
  -2.7450799e-01   1.7826500e-01
  -3.2717499e-01   1.9102800e-02
  -2.9493499e-01  -1.4555200e-01
  -1.8589400e-01  -2.7332499e-01
  -2.7916599e-02  -3.3121099e-01
   1.3849200e-01  -3.0406399e-01
   2.7054599e-01  -1.9852400e-01
   3.3414099e-01  -4.1358199e-02
   3.1261299e-01   1.2735100e-01
   2.1103900e-01   2.6443399e-01
   5.4991199e-02   3.3466899e-01
  -1.1595300e-01   3.1980199e-01
  -2.5828799e-01   2.2324900e-01
  -3.3566599e-01   6.9264699e-02
  -3.2818299e-01  -1.0318900e-01
  -2.3747500e-01  -2.5034100e-01
  -8.6345698e-02  -3.3473099e-01
   8.6997198e-02  -3.3474999e-01
   2.3861700e-01  -2.5013900e-01
   3.2998199e-01  -1.0208700e-01
   3.3773299e-01   7.2119699e-02
   2.5959799e-01   2.2852100e-01
   1.1496800e-01   3.2759199e-01
  -6.0006799e-02   3.4421299e-01
  -2.2154400e-01   2.7398599e-01
  -3.2926799e-01   1.3430600e-01
  -3.5634699e-01  -4.0065999e-02
  -2.9619399e-01  -2.0579600e-01
  -1.6403000e-01  -3.2188199e-01
   7.0484899e-03  -3.5992599e-01
   1.7446600e-01  -3.1116899e-01
   2.9690799e-01  -1.8854100e-01
   3.4464799e-01  -2.3241600e-02
   3.0688299e-01   1.4324300e-01
   1.9423900e-01   2.6963999e-01
   3.5851999e-02   3.2522599e-01
  -1.2817100e-01   2.9739399e-01
  -2.5697099e-01   1.9456600e-01
  -3.1921799e-01   4.3755699e-02
  -3.0084199e-01  -1.1652500e-01
  -2.0828900e-01  -2.4617499e-01
  -6.6528399e-02  -3.1367299e-01
   8.7621598e-02  -3.0390699e-01
   2.1508000e-01  -2.2170600e-01
   2.8452099e-01  -9.0223898e-02
   2.8024399e-01   5.5348699e-02
   2.0591700e-01   1.7706700e-01
   8.3256298e-02   2.4408599e-01
  -5.3929599e-02   2.4053200e-01
  -1.6876000e-01   1.6938600e-01
  -2.3098400e-01   5.1407699e-02
  -2.2484600e-01  -8.0577498e-02
  -1.5306200e-01  -1.9048900e-01
  -3.5925299e-02  -2.4858599e-01
   9.4226498e-02  -2.3933399e-01
   2.0169300e-01  -1.6547800e-01
   2.5696299e-01  -4.7274899e-02
   2.4462299e-01   8.2913398e-02
   1.6755100e-01   1.8924600e-01
   4.6265899e-02   2.4198899e-01
  -8.6389098e-02   2.2554200e-01
  -1.9388200e-01   1.4279200e-01
  -2.4568599e-01   1.4623200e-02
  -2.2551200e-01  -1.2533000e-01
  -1.3589900e-01  -2.3935499e-01
   2.0589000e-03  -2.9553199e-01
   1.5385100e-01  -2.7625199e-01
   2.8026499e-01  -1.8314400e-01
   3.4746999e-01  -3.7100599e-02
   3.3589199e-01   1.2668200e-01
   2.4556899e-01   2.6742099e-01
   9.6574598e-02   3.4904799e-01
  -7.5653598e-02   3.4947599e-01
  -2.2897000e-01   2.6646599e-01
  -3.2499199e-01   1.1855600e-01
  -3.3876799e-01  -5.9224599e-02
  -2.6519499e-01  -2.2382900e-01
  -1.2054200e-01  -3.3476099e-01
   6.1330499e-02  -3.6409899e-01
   2.3714799e-01  -3.0347499e-01
   3.6476599e-01  -1.6624900e-01
   4.1347899e-01   1.5672800e-02
   3.7151799e-01   1.9958900e-01
   2.4888999e-01   3.4240899e-01
   7.4862298e-02   4.1111499e-01
  -1.0926200e-01   3.9071199e-01
  -2.6027099e-01   2.8769799e-01
  -3.4354299e-01   1.2823600e-01
  -3.4132699e-01  -4.8469799e-02
  -2.5677099e-01  -1.9991200e-01
  -1.1276600e-01  -2.9068399e-01
   5.4055399e-02  -3.0095899e-01
   2.0258600e-01  -2.3097799e-01
   2.9743599e-01  -1.0048700e-01
   3.1748699e-01   5.6644499e-02
   2.6070799e-01   2.0118800e-01
   1.4409700e-01   2.9845599e-01
  -1.1453800e-03   3.2681599e-01
  -1.3788500e-01   2.8271199e-01
  -2.3261799e-01   1.8099200e-01
  -2.6386999e-01   5.0552299e-02
  -2.2730999e-01  -7.3487698e-02
  -1.3635300e-01  -1.5901900e-01
  -1.8167400e-02  -1.8518200e-01
   9.3786098e-02  -1.4750500e-01
   1.6870100e-01  -5.8675299e-02
   1.8650600e-01   5.5190299e-02
   1.4299100e-01   1.6174100e-01
   5.0680199e-02   2.3112199e-01
  -6.4725799e-02   2.4393599e-01
  -1.7137000e-01   1.9636300e-01
  -2.3983799e-01   1.0110500e-01
  -2.5107499e-01  -1.6062400e-02
  -2.0152800e-01  -1.2320700e-01
  -1.0417400e-01  -1.9079900e-01
   1.4840700e-02  -1.9965200e-01
   1.2306800e-01  -1.4616000e-01
   1.9033800e-01  -4.3443699e-02
   1.9680700e-01   8.1907098e-02
   1.3835700e-01   1.9667100e-01
   2.7921699e-02   2.6963399e-01
  -1.0762700e-01   2.7980299e-01
  -2.3426399e-01   2.2203399e-01
  -3.1952699e-01   1.0861200e-01
  -3.4091499e-01  -3.3659499e-02
  -2.9181199e-01  -1.7015400e-01
  -1.8337500e-01  -2.6718299e-01
  -4.1888199e-02  -3.0059599e-01
   9.7772598e-02  -2.6201499e-01
   2.0091100e-01  -1.6108000e-01
   2.4178899e-01  -2.3133199e-02
   2.1016400e-01   1.1710600e-01
   1.1392700e-01   2.2426299e-01
  -2.2853699e-02   2.7121299e-01
  -1.6598800e-01   2.4592099e-01
  -2.7977899e-01   1.5444700e-01
  -3.3601599e-01   1.9382000e-02
  -3.2105899e-01  -1.2590300e-01
  -2.3920799e-01  -2.4572299e-01
  -1.1152400e-01  -3.1110999e-01
   2.9605899e-02  -3.0709899e-01
   1.4875600e-01  -2.3643199e-01
   2.1648599e-01  -1.1873900e-01
   2.1680299e-01   1.4576300e-02
   1.5115700e-01   1.2843800e-01
   3.7963999e-02   1.9310000e-01
  -9.2209598e-02   1.9175100e-01
  -2.0456300e-01   1.2478300e-01
  -2.6904199e-01   9.6296698e-03
  -2.6807799e-01  -1.2376600e-01
  -2.0112000e-01  -2.4069799e-01
  -8.4776998e-02  -3.1066699e-01
   5.1447299e-02  -3.1526599e-01
   1.7274200e-01  -2.5297099e-01
   2.4795699e-01  -1.3960300e-01
   2.5765799e-01  -4.3281599e-03
   1.9920300e-01   1.1777200e-01
   8.7530098e-02   1.9468300e-01
  -4.8541699e-02   2.0569600e-01
  -1.7358100e-01   1.4679300e-01
  -2.5453099e-01   3.1805199e-02
  -2.6914099e-01  -1.1095400e-01
  -2.1168999e-01  -2.4576099e-01
  -9.4556998e-02  -3.3844899e-01
   5.4774999e-02  -3.6502499e-01
   2.0052900e-01  -3.1774699e-01
   3.0754599e-01  -2.0713699e-01
   3.5005099e-01  -5.9411699e-02
   3.1807899e-01   9.0006198e-02
   2.1994299e-01   2.0527499e-01
   8.0148398e-02   2.5900399e-01
  -6.6724598e-02   2.3898599e-01
  -1.8460200e-01   1.5112400e-01
  -2.4481399e-01   1.7842800e-02
  -2.3308499e-01  -1.2759300e-01
  -1.5287800e-01  -2.4938499e-01
  -2.4306999e-02  -3.1804999e-01
   1.2107900e-01  -3.1757699e-01
   2.4826899e-01  -2.4914399e-01
   3.2749899e-01  -1.3049100e-01
   3.4150799e-01   8.8187798e-03
   2.8952899e-01   1.3500500e-01
   1.8707500e-01   2.1857799e-01
   6.1648098e-02   2.4159199e-01
  -5.4488399e-02   2.0184399e-01
  -1.3257500e-01   1.1298600e-01
  -1.5454800e-01   6.2294598e-04
  -1.1734500e-01  -1.0455500e-01
  -3.3270399e-02  -1.7478400e-01
   7.3595798e-02  -1.9231500e-01
   1.7395800e-01  -1.5376100e-01
   2.4108699e-01  -7.0629098e-02
   2.5778599e-01   3.4039699e-02
   2.2074499e-01   1.3199300e-01
   1.4117100e-01   1.9736800e-01
   4.1586299e-02   2.1356199e-01
  -5.0342399e-02   1.7757200e-01
  -1.0928700e-01   1.0070200e-01
  -1.1908000e-01   5.4399699e-03
  -7.7073598e-02  -8.0618398e-02
   5.1073899e-03  -1.3221900e-01
   1.0461500e-01  -1.3328700e-01
   1.9343800e-01  -8.1350798e-02
   2.4587399e-01   1.1625900e-02
   2.4546199e-01   1.2223500e-01
   1.8953300e-01   2.2168399e-01
   9.0178598e-02   2.8335799e-01
  -2.8660399e-02   2.8989699e-01
  -1.3725400e-01   2.3796099e-01
  -2.0774899e-01   1.3938900e-01
  -2.2146099e-01   1.8429200e-02
  -1.7389800e-01  -9.4294198e-02
  -7.6198498e-02  -1.6955100e-01
   4.7436899e-02  -1.8702800e-01
   1.6569600e-01  -1.4067500e-01
   2.4799999e-01  -4.0468999e-02
   2.7225199e-01   8.9866898e-02
   2.3052699e-01   2.1866799e-01
   1.3122400e-01   3.1419199e-01
  -2.8743599e-03   3.5256899e-01
  -1.4018300e-01   3.2383099e-01
  -2.4812999e-01   2.3447499e-01
  -3.0125899e-01   1.0592000e-01
  -2.8756899e-01  -3.0784499e-02
  -2.1149899e-01  -1.4266000e-01
  -9.2805498e-02  -2.0298499e-01
   3.8387899e-02  -1.9790899e-01
   1.4911000e-01  -1.2982600e-01
   2.1174999e-01  -1.6688300e-02
   2.1087899e-01   1.1257000e-01
   1.4698700e-01   2.2532399e-01
   3.6213299e-02   2.9342099e-01
  -9.3844798e-02   3.0015799e-01
  -2.1115699e-01   2.4432999e-01
  -2.8733099e-01   1.4034200e-01
  -3.0469299e-01   1.4408300e-02
  -2.6058599e-01  -1.0219900e-01
  -1.6784700e-01  -1.8109100e-01
  -5.1351899e-02  -2.0389899e-01
   5.8443398e-02  -1.6678800e-01
   1.3330800e-01  -8.1237098e-02
   1.5438900e-01   2.9074999e-02
   1.1690500e-01   1.3446400e-01
   3.1199399e-02   2.0689499e-01
  -8.0073998e-02   2.2714099e-01
  -1.8789199e-01   1.8962499e-01
  -2.6437399e-01   1.0371500e-01
  -2.8994099e-01  -8.8150098e-03
  -2.5828599e-01  -1.1949000e-01
  -1.7789600e-01  -2.0052199e-01
  -6.9765098e-02  -2.3196099e-01
   3.8096999e-02  -2.0679699e-01
   1.1793200e-01  -1.3269200e-01
   1.4939700e-01  -2.9930599e-02
   1.2478000e-01   7.3870198e-02
   5.0949099e-02   1.5092000e-01
  -5.2466799e-02   1.8043000e-01
  -1.5817900e-01   1.5396500e-01
  -2.3829799e-01   7.7592598e-02
  -2.7152799e-01  -2.9701499e-02
  -2.4864899e-01  -1.4092700e-01
  -1.7488700e-01  -2.2804899e-01
  -6.8554698e-02  -2.6921399e-01
   4.3665799e-02  -2.5436799e-01
   1.3359300e-01  -1.8784299e-01
   1.7879400e-01  -8.7239898e-02
   1.6835300e-01   2.1093199e-02
   1.0567700e-01   1.0883400e-01
   7.6338798e-03   1.5296200e-01
  -9.9775897e-02   1.4167200e-01
  -1.8807899e-01   7.7416898e-02
  -2.3363199e-01  -2.3699799e-02
  -2.2368899e-01  -1.3603400e-01
  -1.5968200e-01  -2.3094999e-01
  -5.6882998e-02  -2.8413799e-01
   5.9473498e-02  -2.8183499e-01
   1.6061000e-01  -2.2435199e-01
   2.2153499e-01  -1.2602300e-01
   2.2740599e-01  -1.1572600e-02
   1.7731600e-01   9.0151697e-02
   8.4535398e-02   1.5350000e-01
  -2.6846799e-02   1.6252200e-01
  -1.2801700e-01   1.1500800e-01
  -1.9272499e-01   2.3037099e-02
  -2.0390699e-01  -9.0080897e-02
  -1.5797500e-01  -1.9570399e-01
  -6.5682698e-02  -2.6707899e-01
   5.0622999e-02  -2.8606099e-01
   1.6266300e-01  -2.4763299e-01
   2.4334899e-01  -1.6108700e-01
   2.7356399e-01  -4.7605099e-02
   2.4688599e-01   6.5140998e-02
   1.7107100e-01   1.4997900e-01
   6.5965898e-02   1.8703199e-01
  -4.1615499e-02   1.6860800e-01
  -1.2470300e-01   1.0096100e-01
  -1.6294300e-01   2.5221599e-03
  -1.4761000e-01  -1.0093500e-01
  -8.3605698e-02  -1.8290599e-01
   1.2024900e-02  -2.2286399e-01
   1.1463600e-01  -2.1134399e-01
   1.9839299e-01  -1.5212700e-01
   2.4287799e-01  -6.1016098e-02
   2.3820599e-01   3.8461899e-02
   1.8734999e-01   1.2125600e-01
   1.0510800e-01   1.6729500e-01
   1.4029500e-02   1.6659600e-01
  -6.1614198e-02   1.2168000e-01
  -1.0223200e-01   4.6693499e-02
  -9.8005597e-02  -3.6511899e-02
  -5.1364599e-02  -1.0427600e-01
   2.3796499e-02  -1.3745900e-01
   1.0592700e-01  -1.2652900e-01
   1.7164800e-01  -7.4084598e-02
   2.0205199e-01   5.8617498e-03
   1.8782999e-01   9.1633297e-02
   1.3183900e-01   1.5970200e-01
   4.8463099e-02   1.9103199e-01
  -4.0124399e-02   1.7627999e-01
  -1.0980300e-01   1.1847800e-01
  -1.4095200e-01   3.2459099e-02
  -1.2380300e-01  -5.8845898e-02
  -6.1286798e-02  -1.3032800e-01
   3.1408699e-02  -1.6129700e-01
   1.3050500e-01  -1.4106300e-01
   2.0961699e-01  -7.2015898e-02
   2.4653999e-01   3.0609699e-02
   2.2911399e-01   1.4230400e-01
   1.5862300e-01   2.3530599e-01
   4.9846899e-02   2.8558399e-01
  -7.2331598e-02   2.7901399e-01
  -1.7892399e-01   2.1517299e-01
  -2.4397999e-01   1.0775400e-01
  -2.5108799e-01  -1.8539999e-02
  -1.9759499e-01  -1.3389200e-01
  -9.5469097e-02  -2.1060299e-01
   3.1431899e-02  -2.2988499e-01
   1.5304400e-01  -1.8650999e-01
   2.4032699e-01  -9.0178897e-02
   2.7227699e-01   3.6766999e-02
   2.4098399e-01   1.6470100e-01
   1.5349600e-01   2.6383499e-01
   3.0055799e-02   3.1135199e-01
  -1.0085300e-01   2.9679399e-01
  -2.0940899e-01   2.2441699e-01
  -2.7158599e-01   1.1194300e-01
  -2.7478499e-01  -1.3916000e-02
  -2.2059499e-01  -1.2404200e-01
  -1.2405700e-01  -1.9394399e-01
  -9.6715697e-03  -2.0950299e-01
   9.4792797e-02  -1.7005199e-01
   1.6512799e-01  -8.8078897e-02
   1.8643799e-01   1.4286700e-02
   1.5642100e-01   1.1105900e-01
   8.5417297e-02   1.7894699e-01
  -6.6877998e-03   2.0301199e-01
  -9.5852897e-02   1.8003499e-01
  -1.6012700e-01   1.1880700e-01
  -1.8514299e-01   3.7352599e-02
  -1.6747799e-01  -4.2116999e-02
  -1.1506600e-01  -9.9157297e-02
  -4.4646999e-02  -1.2039400e-01
   2.3029699e-02  -1.0280200e-01
   6.8918398e-02  -5.4158898e-02
   8.0798598e-02   9.3999097e-03
   5.6453998e-02   6.8015898e-02
   4.0918999e-03   1.0366800e-01
  -6.0072398e-02   1.0516700e-01
  -1.1639600e-01   7.1238198e-02
  -1.4731000e-01   1.0896400e-02
  -1.4226300e-01  -5.9006798e-02
  -1.0077500e-01  -1.1838900e-01
  -3.2763199e-02  -1.4947600e-01
   4.3949299e-02  -1.4179000e-01
   1.0832500e-01  -9.5241297e-02
   1.4176400e-01  -2.0482699e-02
   1.3322600e-01   6.3620698e-02
   8.2460997e-02   1.3477300e-01
   4.5937699e-04   1.7305899e-01
  -9.3051697e-02   1.6628199e-01
  -1.7445799e-01   1.1341100e-01
  -2.2224499e-01   2.5224199e-02
  -2.2257899e-01  -7.8087198e-02
  -1.7306499e-01  -1.7178199e-01
  -8.3651497e-02  -2.3269699e-01
   2.5559699e-02  -2.4509699e-01
   1.2911000e-01  -2.0475699e-01
   2.0239499e-01  -1.2022300e-01
   2.2775099e-01  -1.0896600e-02
   1.9887699e-01   9.7593997e-02
   1.2248300e-01   1.7961899e-01
   1.6724399e-02   2.1580299e-01
  -9.3188697e-02   1.9776199e-01
  -1.8112799e-01   1.3014600e-01
  -2.2640199e-01   2.9461499e-02
  -2.1875899e-01  -8.0011797e-02
  -1.6078299e-01  -1.7219299e-01
  -6.7123498e-02  -2.2557399e-01
   3.9245699e-02  -2.2839999e-01
   1.3277400e-01  -1.8138699e-01
   1.9164399e-01  -9.7321797e-02
   2.0306299e-01   2.3226999e-03
   1.6622699e-01   9.2877197e-02
   9.2247197e-02   1.5266500e-01
   1.0967500e-03   1.6833199e-01
  -8.3606697e-02   1.3798700e-01
  -1.4064000e-01   7.1397698e-02
  -1.5649099e-01  -1.2773000e-02
  -1.2861600e-01  -9.1933897e-02
  -6.5838098e-02  -1.4544600e-01
   1.4174600e-02  -1.5989999e-01
   8.9664897e-02  -1.3244300e-01
   1.4052700e-01  -7.1334398e-02
   1.5353899e-01   6.3941698e-03
   1.2574500e-01   7.9526197e-02
   6.5126198e-02   1.2829500e-01
  -1.1595100e-02   1.3959500e-01
  -8.3421097e-02   1.1041400e-01
  -1.3064900e-01   4.8609898e-02
  -1.4009000e-01  -2.9163199e-02
  -1.0857800e-01  -1.0183700e-01
  -4.3863599e-02  -1.4947300e-01
   3.7354999e-02  -1.5852499e-01
   1.1373600e-01  -1.2546200e-01
   1.6483899e-01  -5.7793198e-02
   1.7647299e-01   2.7762599e-02
   1.4445600e-01   1.0951500e-01
   7.5824397e-02   1.6635599e-01
  -1.2848100e-02   1.8320699e-01
  -9.9590497e-02   1.5495499e-01
  -1.6258899e-01   8.7875097e-02
  -1.8574199e-01  -1.8579399e-03
  -1.6278999e-01  -9.2179497e-02
  -9.8975497e-02  -1.6066599e-01
  -9.7913397e-03  -1.9018199e-01
   8.2862897e-02  -1.7320799e-01
   1.5614999e-01  -1.1375300e-01
   1.9200699e-01  -2.6370099e-02
   1.8165299e-01   6.7483798e-02
   1.2776000e-01   1.4481400e-01
   4.3745799e-02   1.8682399e-01
  -4.9626998e-02   1.8357699e-01
  -1.2947800e-01   1.3641000e-01
  -1.7653099e-01   5.7505598e-02
  -1.7988399e-01  -3.3259899e-02
  -1.3964600e-01  -1.1336500e-01
  -6.6765598e-02  -1.6331599e-01
   1.9856299e-02  -1.7149199e-01
   9.8233097e-02  -1.3695800e-01
   1.4887999e-01  -6.9538398e-02
   1.5970199e-01   1.2830900e-02
   1.2894300e-01   8.8773197e-02
   6.5476698e-02   1.3896300e-01
  -1.3621500e-02   1.5102599e-01
  -8.7566297e-02   1.2260000e-01
  -1.3725000e-01   6.1803398e-02
  -1.5014099e-01  -1.4996499e-02
  -1.2343800e-01  -8.7512397e-02
  -6.4682798e-02  -1.3683200e-01
   1.0295900e-02  -1.5031199e-01
   8.1573597e-02  -1.2480900e-01
   1.3034700e-01  -6.7431198e-02
   1.4383200e-01   6.3767698e-03
   1.1857400e-01   7.6900297e-02
   6.1325298e-02   1.2531700e-01
  -1.2734200e-02   1.3861100e-01
  -8.3961797e-02   1.1297600e-01
  -1.3337300e-01   5.4813598e-02
  -1.4759099e-01  -2.0905699e-02
  -1.2235500e-01  -9.4515797e-02
  -6.3654898e-02  -1.4674799e-01
   1.3763900e-02  -1.6373299e-01
   9.0181797e-02  -1.4062100e-01
   1.4597299e-01  -8.2888197e-02
   1.6666799e-01  -4.9761998e-03
   1.4670899e-01   7.3370997e-02
   9.0929397e-02   1.3215300e-01
   1.3362600e-02   1.5623899e-01
  -6.6298098e-02   1.3926500e-01
  -1.2770800e-01   8.5303297e-02
  -1.5505499e-01   7.8595597e-03
  -1.4110700e-01  -7.3526297e-02
  -8.9069797e-02  -1.3823300e-01
  -1.1803300e-02  -1.6979099e-01
   7.1426297e-02  -1.6006599e-01
   1.3982000e-01  -1.1132900e-01
   1.7631199e-01  -3.5684599e-02
   1.7188099e-01   4.7998598e-02
   1.2782500e-01   1.1886100e-01
   5.5413798e-02   1.5933099e-01
  -2.6986799e-02   1.5955399e-01
  -9.8572697e-02   1.1985700e-01
  -1.4136799e-01   5.0630898e-02
  -1.4475599e-01  -3.0337599e-02
  -1.0812500e-01  -1.0239800e-01
  -4.0973999e-02  -1.4726699e-01
   3.9547699e-02  -1.5364199e-01
   1.1302100e-01  -1.2001300e-01
   1.6094599e-01  -5.4987498e-02
   1.7140799e-01   2.4961799e-02
   1.4205099e-01   9.9719296e-02
   8.0600897e-02   1.5065199e-01
   2.8270899e-03   1.6531899e-01
  -7.1519997e-02   1.4057899e-01
  -1.2375700e-01   8.3306797e-02
  -1.4100499e-01   8.5596597e-03
  -1.1941000e-01  -6.4321298e-02
  -6.5044798e-02  -1.1667400e-01
   7.7328497e-03  -1.3526200e-01
   8.0015297e-02  -1.1559900e-01
   1.3321600e-01  -6.3013298e-02
   1.5381499e-01   8.8087097e-03
   1.3677200e-01   8.1401197e-02
   8.6735397e-02   1.3629500e-01
   1.6761699e-02   1.5975499e-01
  -5.5116998e-02   1.4626599e-01
  -1.1057700e-01   9.9877296e-02
  -1.3572800e-01   3.3076999e-02
  -1.2466200e-01  -3.6501599e-02
  -8.0921397e-02  -9.0679497e-02
  -1.6515599e-02  -1.1544600e-01
   5.1249698e-02  -1.0457000e-01
   1.0429800e-01  -6.1176798e-02
   1.2849100e-01   3.1012399e-03
   1.1730400e-01   7.1186597e-02
   7.3510997e-02   1.2502200e-01
   8.4583097e-03   1.5028699e-01
  -6.0897298e-02   1.4014399e-01
  -1.1640900e-01   9.7040196e-02
  -1.4348199e-01   3.2099399e-02
  -1.3490100e-01  -3.7745799e-02
  -9.2762197e-02  -9.4142097e-02
  -2.7990699e-02  -1.2209400e-01
   4.2431798e-02  -1.1390200e-01
   9.9828896e-02  -7.1230497e-02
   1.2866200e-01  -4.7795498e-03
   1.2059000e-01   6.8391197e-02
   7.6712097e-02   1.2919200e-01
   7.3997597e-03   1.6139599e-01
  -7.0248697e-02   1.5584199e-01
  -1.3669799e-01   1.1287000e-01
  -1.7492799e-01   4.2350098e-02
  -1.7478499e-01  -3.8706399e-02
  -1.3563599e-01  -1.1037300e-01
  -6.6624198e-02  -1.5479999e-01
   1.5527399e-02  -1.6072299e-01
   9.0642197e-02  -1.2633700e-01
   1.4009799e-01  -5.9818998e-02
   1.5147199e-01   2.2648099e-02
   1.2164300e-01   1.0085500e-01
   5.7593598e-02   1.5555099e-01
  -2.5304199e-02   1.7319599e-01
  -1.0708200e-01   1.4928299e-01
  -1.6809099e-01   8.9421397e-02
  -1.9381599e-01   7.9057297e-03
  -1.7839099e-01  -7.5842997e-02
  -1.2595100e-01  -1.4207599e-01
  -4.9502298e-02  -1.7554799e-01
   3.2379999e-02  -1.6917599e-01
   1.0018400e-01  -1.2563600e-01
   1.3825199e-01  -5.6529798e-02
   1.3853699e-01   2.0649199e-02
   1.0239900e-01   8.6942897e-02
   4.0039798e-02   1.2663200e-01
  -3.2258799e-02   1.3102699e-01
  -9.6340796e-02   1.0042400e-01
  -1.3675099e-01   4.3751998e-02
  -1.4451199e-01  -2.3925699e-02
  -1.1917100e-01  -8.5403197e-02
  -6.8626097e-02  -1.2575200e-01
  -6.8320097e-03  -1.3604199e-01
   4.9981298e-02  -1.1542700e-01
   8.7576897e-02  -7.1090597e-02
   9.7349896e-02  -1.6109699e-02
   7.8407697e-02   3.4157699e-02
   3.7579099e-02   6.6203597e-02
  -1.2614000e-02   7.1921097e-02
  -5.7454998e-02   5.0655298e-02
  -8.4058697e-02   9.2315996e-03
  -8.4851997e-02  -4.0019598e-02
  -5.9587998e-02  -8.2699997e-02
  -1.5368699e-02  -1.0631500e-01
   3.5321399e-02  -1.0371700e-01
   7.8043797e-02  -7.5099697e-02
   1.0037700e-01  -2.8009099e-02
   9.5370896e-02   2.4641199e-02
   6.3557998e-02   6.8030897e-02
   1.2965299e-02   8.9457496e-02
  -4.2891898e-02   8.1857997e-02
  -8.8530497e-02   4.5881298e-02
  -1.1062100e-01  -1.0058800e-02
  -1.0162900e-01  -7.1797997e-02
  -6.2007598e-02  -1.2300700e-01
  -3.3585699e-04  -1.4943799e-01
   6.8663197e-02  -1.4272799e-01
   1.2776099e-01  -1.0276700e-01
   1.6159999e-01  -3.7984198e-02
   1.6068899e-01   3.6560899e-02
   1.2399600e-01   1.0282800e-01
   5.9430598e-02   1.4428899e-01
  -1.7920499e-02   1.5012999e-01
  -8.9415396e-02   1.1809400e-01
  -1.3743099e-01   5.5216398e-02
  -1.4975499e-01  -2.3746899e-02
  -1.2269700e-01  -9.9845396e-02
  -6.2112798e-02  -1.5454499e-01
   1.7926099e-02  -1.7428199e-01
   9.8500996e-02  -1.5383399e-01
   1.6043599e-01  -9.7645396e-02
   1.8897199e-01  -1.8790799e-02
   1.7736799e-01   6.4193697e-02
   1.2853199e-01   1.3181699e-01
   5.4296698e-02   1.6836799e-01
  -2.7504699e-02   1.6571399e-01
  -9.7404396e-02   1.2521799e-01
  -1.3904399e-01   5.7322598e-02
  -1.4311399e-01  -2.1088399e-02
  -1.0952800e-01  -9.0880296e-02
  -4.7302698e-02  -1.3536099e-01
   2.7783699e-02  -1.4430999e-01
   9.7174196e-02  -1.1636400e-01
   1.4412899e-01  -5.9175898e-02
   1.5779499e-01   1.2650699e-02
   1.3575199e-01   8.1303897e-02
   8.4410297e-02   1.3023499e-01
   1.7219699e-02   1.4822099e-01
  -4.8848298e-02   1.3202299e-01
  -9.7615296e-02   8.6988996e-02
  -1.1772000e-01   2.5493599e-02
  -1.0534500e-01  -3.6348399e-02
  -6.4977297e-02  -8.2840797e-02
  -8.0568097e-03  -1.0266400e-01
   5.0108598e-02  -9.1633796e-02
   9.4344396e-02  -5.3586498e-02
   1.1348800e-01   8.0611097e-04
   1.0315900e-01   5.6942998e-02
   6.6726497e-02   1.0015100e-01
   1.4263499e-02   1.1948000e-01
  -4.0211098e-02   1.1047000e-01
  -8.2464597e-02   7.6174997e-02
  -1.0177200e-01   2.6226499e-02
  -9.3664996e-02  -2.5807199e-02
  -6.1004097e-02  -6.6049397e-02
  -1.3119699e-02  -8.3974597e-02
   3.6735098e-02  -7.5144997e-02
   7.4934997e-02  -4.2316498e-02
   9.1097696e-02   5.3582398e-03
   8.0816197e-02   5.4808198e-02
   4.6796398e-02   9.2540396e-02
  -1.8901799e-03   1.0823100e-01
  -5.2233698e-02   9.7469296e-02
  -9.0751696e-02   6.2926497e-02
  -1.0707800e-01   1.3659099e-02
  -9.6732996e-02  -3.7284898e-02
  -6.2341097e-02  -7.6318497e-02
