   8.6623700e+00   2.2407400e-01
   7.6874100e+00   3.6508900e+00
   5.2675800e+00   6.2220600e+00
   1.9802000e+00   7.3711800e+00
  -1.4041000e+00   6.8739900e+00
  -4.1074700e+00   4.8960800e+00
  -5.5294600e+00   1.9463400e+00
  -5.3858300e+00  -1.2509500e+00
  -3.7688000e+00  -3.9330500e+00
  -1.1157900e+00  -5.4809800e+00
   1.9038500e+00  -5.5629700e+00
   4.5548200e+00  -4.2053900e+00
   6.2132100e+00  -1.7758600e+00
   6.5121100e+00   1.1151400e+00
   5.4211400e+00   3.7681700e+00
   3.2425200e+00   5.5653500e+00
   5.2713700e-01   6.1159800e+00
  -2.0667100e+00   5.3425300e+00
  -3.9358800e+00   3.4880500e+00
  -4.6760700e+00   1.0458300e+00
  -4.1724500e+00  -1.3693600e+00
  -2.6168400e+00  -3.1750400e+00
  -4.4963100e-01  -3.9616600e+00
   1.7567900e+00  -3.5862800e+00
   3.4429600e+00  -2.1979400e+00
   4.1991200e+00  -1.9079100e-01
   3.8608200e+00   1.9012100e+00
   2.5413100e+00   3.5404000e+00
   5.9473100e-01   4.3180700e+00
  -1.4786500e+00   4.0513300e+00
  -3.1601200e+00   2.8215600e+00
  -4.0410300e+00   9.4680700e-01
  -3.9204400e+00  -1.1030300e+00
  -2.8491500e+00  -2.8259600e+00
  -1.1107500e+00  -3.8122100e+00
   8.5392300e-01  -3.8425900e+00
   2.5587400e+00  -2.9376700e+00
   3.5925600e+00  -1.3470000e+00
   3.7180700e+00   5.1726300e-01
   2.9259400e+00   2.1848300e+00
   1.4319500e+00   3.2433800e+00
  -3.8044300e-01   3.4378400e+00
  -2.0570600e+00   2.7290800e+00
  -3.1848400e+00   1.2989000e+00
  -3.4911200e+00  -4.9867800e-01
  -2.9067700e+00  -2.2266700e+00
  -1.5786400e+00  -3.4724500e+00
   1.7043700e-01  -3.9467400e+00
   1.9231100e+00  -3.5506200e+00
   3.2699700e+00  -2.3951400e+00
   3.9076900e+00  -7.6992300e-01
   3.7094000e+00   9.3046100e-01
   2.7510100e+00   2.3036800e+00
   1.2880500e+00   3.0364000e+00
  -3.1001800e-01   2.9773600e+00
  -1.6514700e+00   2.1697400e+00
  -2.4170900e+00   8.3591400e-01
  -2.4352600e+00  -6.8052000e-01
  -1.7196600e+00  -2.0006200e+00
  -4.6140800e-01  -2.8024300e+00
   1.0214500e+00  -2.8973500e+00
   2.3639600e+00  -2.2724800e+00
   3.2437100e+00  -1.0895200e+00
   3.4579200e+00   3.5865300e-01
   2.9696700e+00   1.7221700e+00
   1.9128500e+00   2.6804300e+00
   5.5552500e-01   3.0193400e+00
  -7.6862900e-01   2.6807500e+00
  -1.7431800e+00   1.7728700e+00
  -2.1457900e+00   5.3981000e-01
  -1.9003300e+00  -7.0141800e-01
  -1.0920000e+00  -1.6403100e+00
   5.7336200e-02  -2.0489300e+00
   1.2469300e+00  -1.8360700e+00
   2.1729900e+00  -1.0665600e+00
   2.6036600e+00   5.8206800e-02
   2.4347100e+00   1.2530000e+00
   1.7124600e+00   2.2211300e+00
   6.1908100e-01   2.7280400e+00
  -5.7554300e-01   2.6580700e+00
  -1.5825900e+00   2.0404700e+00
  -2.1664200e+00   1.0389400e+00
  -2.2019300e+00  -9.2114400e-02
  -1.7031900e+00  -1.0729700e+00
  -8.1671600e-01  -1.6690000e+00
   2.1825700e-01  -1.7483100e+00
   1.1319100e+00  -1.3124300e+00
   1.6924400e+00  -4.9290700e-01
   1.7636900e+00   4.8484000e-01
   1.3374700e+00   1.3606200e+00
   5.3299500e-01   1.9062400e+00
  -4.3613300e-01   1.9829400e+00
  -1.3182300e+00   1.5750500e+00
  -1.8886400e+00   7.9166700e-01
  -2.0068000e+00  -1.6346300e-01
  -1.6509800e+00  -1.0459100e+00
  -9.2196200e-01  -1.6340900e+00
  -1.5289900e-02  -1.7860900e+00
   8.3059200e-01  -1.4752500e+00
   1.3965900e+00  -7.9564500e-01
   1.5396000e+00   6.3650100e-02
   1.2289200e+00   8.6860800e-01
   5.5341000e-01   1.4014900e+00
  -3.0248200e-01   1.5174500e+00
  -1.1071800e+00   1.1819500e+00
  -1.6424700e+00   4.7940400e-01
  -1.7603400e+00  -4.0897000e-01
  -1.4214100e+00  -1.2523100e+00
  -7.0532900e-01  -1.8300400e+00
   2.0971000e-01  -1.9890400e+00
   1.0928000e+00  -1.6834500e+00
   1.7198100e+00  -9.8682800e-01
   1.9311000e+00  -7.3486300e-02
   1.6728100e+00   8.2597800e-01
   1.0109000e+00   1.4837300e+00
   1.1461200e-01   1.7330900e+00
  -7.8667900e-01   1.5113100e+00
  -1.4619500e+00   8.7580900e-01
  -1.7375400e+00  -1.0297300e-02
  -1.5415600e+00  -9.1969900e-01
  -9.2232600e-01  -1.6188000e+00
  -3.6139100e-02  -1.9272900e+00
   8.9249400e-01  -1.7640900e+00
   1.6280400e+00  -1.1680900e+00
   1.9839400e+00  -2.8821600e-01
   1.8701400e+00   6.5451700e-01
   1.3160300e+00   1.4233500e+00
   4.6284600e-01   1.8261700e+00
  -4.7236500e-01   1.7644900e+00
  -1.2522500e+00   1.2585900e+00
  -1.6798500e+00   4.4231500e-01
  -1.6490200e+00  -4.7118200e-01
  -1.1717300e+00  -1.2439900e+00
  -3.7523300e-01  -1.6744800e+00
   5.3034400e-01  -1.6492200e+00
   1.3057100e+00  -1.1725000e+00
   1.7438500e+00  -3.6580500e-01
   1.7234600e+00   5.6264200e-01
   1.2408500e+00   1.3708100e+00
   4.1193800e-01   1.8447700e+00
  -5.5633400e-01   1.8538400e+00
  -1.4180100e+00   1.3850500e+00
  -1.9505700e+00   5.4779500e-01
  -2.0120100e+00  -4.5253100e-01
  -1.5780000e+00  -1.3656000e+00
  -7.4961500e-01  -1.9591000e+00
   2.7056900e-01  -2.0777700e+00
   1.2283100e+00  -1.6836500e+00
   1.8809700e+00  -8.6709400e-01
   2.0586100e+00   1.7421600e-01
   1.7072900e+00   1.1834600e+00
   9.0394800e-01   1.9080500e+00
  -1.6141900e-01   2.1624400e+00
  -1.2317100e+00   1.8748100e+00
  -2.0457400e+00   1.1057700e+00
  -2.4025400e+00   3.4341500e-02
  -2.2111600e+00  -1.0853400e+00
  -1.5134300e+00  -1.9861100e+00
  -4.7399000e-01  -2.4531000e+00
   6.5983100e-01  -2.3763500e+00
   1.6185500e+00  -1.7775100e+00
   2.1763400e+00  -8.0414000e-01
   2.2059500e+00   3.0689100e-01
   1.7090700e+00   1.2878500e+00
   8.1487400e-01   1.9057900e+00
  -2.5288600e-01   2.0192100e+00
  -1.2317900e+00   1.6117000e+00
  -1.8857200e+00   7.9435000e-01
  -2.0626500e+00  -2.2334700e-01
  -1.7309800e+00  -1.1867200e+00
  -9.8553600e-01  -1.8597800e+00
  -2.1914200e-02  -2.0836400e+00
   9.1397700e-01  -1.8149800e+00
   1.5884700e+00  -1.1351300e+00
   1.8388600e+00  -2.2752800e-01
   1.6135700e+00   6.7021500e-01
   9.8371900e-01   1.3275900e+00
   1.2340100e-01   1.5800500e+00
  -7.3620200e-01   1.3705800e+00
  -1.3669900e+00   7.6346900e-01
  -1.6030600e+00  -7.3182600e-02
  -1.3836100e+00  -9.1156100e-01
  -7.6869000e-01  -1.5236700e+00
   7.6248700e-02  -1.7409500e+00
   9.2316800e-01  -1.4987300e+00
   1.5407000e+00  -8.5404600e-01
   1.7547200e+00   2.7973900e-02
   1.4947600e+00   9.1577900e-01
   8.1410300e-01   1.5707900e+00
  -1.2170600e-01   1.8094200e+00
  -1.0755100e+00   1.5519000e+00
  -1.7982300e+00   8.4526300e-01
  -2.0927800e+00  -1.4573000e-01
  -1.8658000e+00  -1.1779000e+00
  -1.1541700e+00  -1.9896600e+00
  -1.1900300e-01  -2.3669900e+00
   9.9188900e-01  -2.1986300e+00
   1.9040200e+00  -1.5067100e+00
   2.3842000e+00  -4.4450900e-01
   2.2995600e+00   7.3853900e-01
   1.6527300e+00   1.7563500e+00
   5.8421400e-01   2.3559200e+00
  -6.5927400e-01   2.3801100e+00
  -1.7830700e+00   1.8078500e+00
  -2.5154700e+00   7.6172100e-01
  -2.6740000e+00  -5.1956400e-01
  -2.2108200e+00  -1.7372300e+00
  -1.2259200e+00  -2.6037900e+00
   5.5471900e-02  -2.9123000e+00
   1.3358700e+00  -2.5867600e+00
   2.3164200e+00  -1.7011100e+00
   2.7684100e+00  -4.6224900e-01
   2.5881900e+00   8.3917700e-01
   1.8219800e+00   1.8981700e+00
   6.5470000e-01   2.4683100e+00
  -6.3468700e-01   2.4205000e+00
  -1.7403000e+00   1.7733200e+00
  -2.4027400e+00   6.8764400e-01
  -2.4708800e+00  -5.7297700e-01
  -1.9371500e+00  -1.7064900e+00
  -9.3786000e-01  -2.4453200e+00
   2.8132700e-01  -2.6203800e+00
   1.4260200e+00  -2.2005900e+00
   2.2249800e+00  -1.2984400e+00
   2.4954900e+00  -1.4058800e-01
   2.1863700e+00   9.8901600e-01
   1.3882200e+00   1.8193100e+00
   3.0891700e-01   2.1581700e+00
  -7.7954500e-01   1.9381300e+00
  -1.6091100e+00   1.2307800e+00
  -1.9818300e+00   2.2656800e-01
  -1.8177200e+00  -8.1455700e-01
  -1.1725700e+00  -1.6291000e+00
  -2.2167700e-01  -2.0158800e+00
   7.8609500e-01  -1.8855000e+00
   1.5921100e+00  -1.2809900e+00
   1.9934100e+00  -3.6504900e-01
   1.8933200e+00   6.2291700e-01
   1.3246500e+00   1.4285500e+00
   4.3985900e-01   1.8475200e+00
  -5.2921200e-01   1.7772300e+00
  -1.3313500e+00   1.2421000e+00
  -1.7605900e+00   3.8636200e-01
  -1.7088900e+00  -5.6375300e-01
  -1.1935200e+00  -1.3586700e+00
  -3.5215000e-01  -1.7898600e+00
   5.9276300e-01  -1.7436600e+00
   1.3914700e+00  -1.2305800e+00
   1.8314000e+00  -3.8288000e-01
   1.7921800e+00   5.7922800e-01
   1.2771900e+00   1.4039800e+00
   4.1347800e-01   1.8728000e+00
  -5.8002000e-01   1.8569300e+00
  -1.4480100e+00   1.3512800e+00
  -1.9640300e+00   4.7700200e-01
  -1.9887900e+00  -5.4820400e-01
  -1.5067800e+00  -1.4646500e+00
  -6.3174600e-01  -2.0363700e+00
   4.2062400e-01  -2.1114700e+00
   1.3861200e+00  -1.6617200e+00
   2.0181800e+00  -7.9135600e-01
   2.1503700e+00   2.8744200e-01
   1.7392900e+00   1.3064900e+00
   8.7711200e-01   2.0081000e+00
  -2.2968100e-01   2.2096200e+00
  -1.3102500e+00   1.8499200e+00
  -2.0958800e+00   1.0061100e+00
  -2.3865000e+00  -1.2391100e-01
  -2.1008500e+00  -1.2688800e+00
  -1.2977200e+00  -2.1501100e+00
  -1.6291300e-01  -2.5497400e+00
   1.0350500e+00  -2.3645100e+00
   2.0096800e+00  -1.6318200e+00
   2.5260500e+00  -5.2160500e-01
   2.4579900e+00   7.0413200e-01
   1.8191000e+00   1.7542200e+00
   7.5992300e-01   2.3784800e+00
  -4.6799400e-01   2.4280500e+00
  -1.5724700e+00   1.8912400e+00
  -2.2908000e+00   8.9631800e-01
  -2.4526000e+00  -3.1940800e-01
  -2.0204000e+00  -1.4666600e+00
  -1.0980400e+00  -2.2734700e+00
   9.4766400e-02  -2.5500700e+00
   1.2755500e+00  -2.2336000e+00
   2.1668600e+00  -1.4022500e+00
   2.5623700e+00  -2.5538800e-01
   2.3753300e+00   9.3498900e-01
   1.6580500e+00   1.8899000e+00
   5.8781800e-01   2.3899300e+00
  -5.7690000e-01   2.3269000e+00
  -1.5592700e+00   1.7282100e+00
  -2.1305200e+00   7.4847600e-01
  -2.1640800e+00  -3.6934600e-01
  -1.6644200e+00  -1.3535300e+00
  -7.6398600e-01  -1.9693300e+00
   3.1058400e-01  -2.0749500e+00
   1.2946500e+00  -1.6543200e+00
   1.9501300e+00  -8.1911600e-01
   2.1228300e+00   2.2027100e-01
   1.7786600e+00   1.2073000e+00
   1.0102000e+00   1.9024400e+00
   1.2366900e-02   2.1413800e+00
  -9.6669300e-01   1.8742800e+00
  -1.6871200e+00   1.1765000e+00
  -1.9762300e+00   2.2861600e-01
  -1.7703300e+00  -7.2927800e-01
  -1.1293700e+00  -1.4574500e+00
  -2.2093100e-01  -1.7758800e+00
   7.2212500e-01  -1.6084300e+00
   1.4600100e+00  -1.0010600e+00
   1.8057000e+00  -1.0969900e-01
   1.6713000e+00   8.3908900e-01
   1.0896600e+00   1.6048700e+00
   2.0588700e-01   1.9933700e+00
  -7.5900500e-01   1.9049800e+00
  -1.5633500e+00   1.3596000e+00
  -2.0052000e+00   4.9176200e-01
  -1.9728700e+00  -4.8281900e-01
  -1.4730300e+00  -1.3210100e+00
  -6.2932300e-01  -1.8129300e+00
   3.4813000e-01  -1.8344400e+00
   1.2149500e+00  -1.3784800e+00
   1.7533400e+00  -5.5718800e-01
   1.8265500e+00   4.2558700e-01
   1.4132900e+00   1.3248300e+00
   6.1344200e-01   1.9152600e+00
  -3.7638100e-01   2.0475600e+00
  -1.3114800e+00   1.6858300e+00
  -1.9598800e+00   9.1689100e-01
  -2.1600700e+00  -7.1010700e-02
  -1.8614200e+00  -1.0347900e+00
  -1.1369700e+00  -1.7369200e+00
  -1.6539400e-01  -2.0045300e+00
   8.1330800e-01  -1.7725000e+00
   1.5575800e+00  -1.0996600e+00
   1.8844200e+00  -1.5411100e-01
   1.7148900e+00   8.2872700e-01
   1.0936400e+00   1.6049000e+00
   1.7751500e-01   1.9827600e+00
  -8.0389600e-01   1.8706200e+00
  -1.6057900e+00   1.2993400e+00
  -2.0294100e+00   4.1418800e-01
  -1.9715100e+00  -5.6200100e-01
  -1.4498500e+00  -1.3849200e+00
  -5.9807300e-01  -1.8501300e+00
   3.6836400e-01  -1.8441200e+00
   1.2067700e+00  -1.3723100e+00
   1.7083500e+00  -5.5695700e-01
   1.7505700e+00   3.9426600e-01
   1.3274000e+00   1.2411500e+00
   5.5014000e-01   1.7717200e+00
  -3.8145600e-01   1.8555200e+00
  -1.2302500e+00   1.4760500e+00
  -1.7819300e+00   7.3421700e-01
  -1.8991200e+00  -1.7803300e-01
  -1.5557000e+00  -1.0269000e+00
  -8.4275300e-01  -1.5962900e+00
   5.5284500e-02  -1.7425800e+00
   9.0797400e-01  -1.4306700e+00
   1.4977100e+00  -7.4234500e-01
   1.6750100e+00   1.4515800e-01
   1.3961800e+00   1.0046400e+00
   7.3407700e-01   1.6170000e+00
  -1.4096500e-01   1.8269800e+00
  -1.0047500e+00   1.5824800e+00
  -1.6364600e+00   9.4758900e-01
  -1.8749000e+00   8.5986600e-02
  -1.6593800e+00  -7.8081400e-01
  -1.0451300e+00  -1.4298700e+00
  -1.8925200e-01  -1.6934800e+00
   6.8914300e-01  -1.5018300e+00
   1.3644100e+00  -9.0078500e-01
   1.6615500e+00  -4.0569200e-02
   1.5006000e+00   8.6203100e-01
   9.1713100e-01   1.5781800e+00
   5.3689200e-02   1.9246300e+00
  -8.7560500e-01   1.8100100e+00
  -1.6384900e+00   1.2581600e+00
  -2.0426300e+00   4.0271500e-01
  -1.9838400e+00  -5.4573700e-01
  -1.4725000e+00  -1.3516900e+00
  -6.3159600e-01  -1.8130900e+00
   3.3319700e-01  -1.8116000e+00
   1.1838300e+00  -1.3422100e+00
   1.7083800e+00  -5.1504300e-01
   1.7731500e+00   4.7108700e-01
   1.3557700e+00   1.3770000e+00
   5.5105400e-01   1.9813400e+00
  -4.5167600e-01   2.1344600e+00
  -1.4142800e+00   1.7949100e+00
  -2.1073300e+00   1.0396500e+00
  -2.3654300e+00   4.5567700e-02
  -2.1270700e+00  -9.5312000e-01
  -1.4492000e+00  -1.7211700e+00
  -4.9337600e-01  -2.0787300e+00
   5.1332100e-01  -1.9441500e+00
   1.3328100e+00  -1.3530700e+00
   1.7729300e+00  -4.4925300e-01
   1.7329200e+00   5.5048500e-01
   1.2267600e+00   1.4085200e+00
   3.7872600e-01   1.9232500e+00
  -6.0736400e-01   1.9767900e+00
  -1.4976600e+00   1.5620700e+00
  -2.0844700e+00   7.8317000e-01
  -2.2355100e+00  -1.7115000e-01
  -1.9244600e+00  -1.0738400e+00
  -1.2355200e+00  -1.7146200e+00
  -3.4136300e-01  -1.9502200e+00
   5.4007600e-01  -1.7377400e+00
   1.1991200e+00  -1.1431500e+00
   1.4850800e+00  -3.2325300e-01
   1.3418400e+00   5.1427300e-01
   8.1976500e-01   1.1626800e+00
   6.1312700e-02   1.4669600e+00
  -7.3590300e-01   1.3611700e+00
  -1.3691400e+00   8.8317800e-01
  -1.6812000e+00   1.6347000e-01
  -1.5990700e+00  -6.0906300e-01
  -1.1511100e+00  -1.2355400e+00
  -4.5852200e-01  -1.5575200e+00
   2.9652300e-01  -1.4968300e+00
   9.1790800e-01  -1.0746800e+00
   1.2459000e+00  -4.0551500e-01
   1.1979900e+00   3.3291900e-01
   7.8985100e-01   9.4554900e-01
   1.3123500e-01   1.2703600e+00
  -6.0232600e-01   1.2203400e+00
  -1.2147200e+00   8.0623700e-01
  -1.5399300e+00   1.3436500e-01
  -1.4852700e+00  -6.2024100e-01
  -1.0559800e+00  -1.2584400e+00
  -3.5502600e-01  -1.6081400e+00
   4.4233600e-01  -1.5690400e+00
   1.1326400e+00  -1.1392400e+00
   1.5360100e+00  -4.1716600e-01
   1.5424000e+00   4.2231300e-01
   1.1406200e+00   1.1713300e+00
   4.2242200e-01   1.6413700e+00
  -4.3944700e-01   1.7112400e+00
  -1.2338900e+00   1.3583400e+00
  -1.7641400e+00   6.6541800e-01
  -1.8973100e+00  -1.9929400e-01
  -1.5980400e+00  -1.0235000e+00
  -9.3794000e-01  -1.6036100e+00
  -7.8242100e-02  -1.7954300e+00
   7.7009600e-01  -1.5502800e+00
   1.3987100e+00  -9.2707600e-01
   1.6534700e+00  -7.7670900e-02
   1.4725600e+00   7.9101900e-01
   9.0128800e-01   1.4684900e+00
   8.0226900e-02   1.7927600e+00
  -7.9040700e-01   1.6900200e+00
  -1.5009000e+00   1.1919800e+00
  -1.8841000e+00   4.2678400e-01
  -1.8562700e+00  -4.1416400e-01
  -1.4366000e+00  -1.1246400e+00
  -7.4071500e-01  -1.5351600e+00
   4.9852900e-02  -1.5546000e+00
   7.3425300e-01  -1.1914400e+00
   1.1429900e+00  -5.4978800e-01
   1.1798400e+00   1.9872500e-01
   8.4460500e-01   8.5942300e-01
   2.3118800e-01   1.2641500e+00
  -4.9798200e-01   1.3132100e+00
  -1.1544200e+00   9.9917400e-01
  -1.5718500e+00   4.0699900e-01
  -1.6478800e+00  -3.0935800e-01
  -1.3687900e+00  -9.6729500e-01
  -8.1133100e-01  -1.4024500e+00
  -1.2156500e-01  -1.5100600e+00
   5.2345000e-01  -1.2704900e+00
   9.6110700e-01  -7.5264700e-01
   1.0842000e+00  -9.5013800e-02
   8.6708800e-01   5.3061800e-01
   3.7077800e-01   9.6310100e-01
  -2.7392500e-01   1.0923700e+00
  -9.0049900e-01   8.8624800e-01
  -1.3490700e+00   3.9713700e-01
  -1.5062500e+00  -2.5257800e-01
  -1.3324800e+00  -9.0232700e-01
  -8.7038700e-01  -1.3939500e+00
  -2.3248800e-01  -1.6107300e+00
   4.2811200e-01  -1.5052300e+00
   9.5633900e-01  -1.1091900e+00
   1.2331700e+00  -5.2366700e-01
   1.2036700e+00   1.0769500e-01
   8.8841200e-01   6.3499000e-01
   3.7591000e-01   9.3880100e-01
  -2.0131700e-01   9.5818000e-01
  -7.0068900e-01   7.0327900e-01
  -1.0046900e+00   2.5004900e-01
  -1.0484900e+00  -2.8104000e-01
  -8.3348200e-01  -7.5636800e-01
  -4.2392700e-01  -1.0624800e+00
   7.1754400e-02  -1.1330200e+00
   5.2985200e-01  -9.6279100e-01
   8.4275000e-01  -6.0605500e-01
   9.4490500e-01  -1.6002400e-01
   8.2714300e-01   2.6165600e-01
   5.3612200e-01   5.5840400e-01
   1.5969400e-01   6.6763300e-01
  -1.9762700e-01   5.7897800e-01
  -4.4249100e-01   3.3457600e-01
  -5.1665100e-01   1.5821300e-02
  -4.1099000e-01  -2.7962500e-01
  -1.6633600e-01  -4.6437500e-01
   1.3883200e-01  -4.8449700e-01
   4.1032700e-01  -3.3341800e-01
   5.6401000e-01  -5.3115000e-02
   5.4862200e-01   2.7754500e-01
   3.5981400e-01   5.6417800e-01
   4.1774000e-02   7.2237700e-01
  -3.2396700e-01   7.0073300e-01
  -6.3969500e-01   4.9539800e-01
  -8.1724600e-01   1.5239200e-01
  -8.0175700e-01  -2.4309100e-01
  -5.8728900e-01  -5.8782300e-01
  -2.2021200e-01  -7.8688600e-01
   2.1077200e-01  -7.7865500e-01
   5.9573000e-01  -5.5202800e-01
   8.3067400e-01  -1.5138300e-01
   8.4414400e-01   3.3229700e-01
   6.1654100e-01   7.8230500e-01
   1.8717900e-01   1.0842100e+00
  -3.5302800e-01   1.1542800e+00
  -8.8186500e-01   9.6121800e-01
  -1.2744700e+00   5.3585900e-01
  -1.4335900e+00  -3.4155700e-02
  -1.3139800e+00  -6.2363100e-01
  -9.3495400e-01  -1.0988100e+00
  -3.7760900e-01  -1.3492700e+00
   2.3301700e-01  -1.3150100e+00
   7.5683300e-01  -1.0020200e+00
   1.0719300e+00  -4.8231800e-01
   1.1041500e+00   1.2204900e-01
   8.4574100e-01   6.6739200e-01
   3.5826400e-01   1.0225800e+00
  -2.4124900e-01   1.1008000e+00
  -8.0784300e-01   8.8110000e-01
  -1.2034200e+00   4.1418800e-01
  -1.3303500e+00  -1.8913900e-01
  -1.1556100e+00  -7.8446400e-01
  -7.1936700e-01  -1.2287900e+00
  -1.2564400e-01  -1.4156500e+00
   4.8295500e-01  -1.3015500e+00
   9.6031300e-01  -9.1709700e-01
   1.1931200e+00  -3.5975700e-01
   1.1293500e+00   2.3018300e-01
   7.9164000e-01   7.0462200e-01
   2.7198800e-01   9.4499300e-01
  -2.9114900e-01   8.9252900e-01
  -7.4780500e-01   5.6367900e-01
  -9.7478600e-01   4.6549500e-02
  -9.0759100e-01  -5.2100300e-01
  -5.5771900e-01  -9.8631200e-01
  -1.0705900e-02  -1.2211400e+00
   5.9490600e-01  -1.1552000e+00
   1.1025900e+00  -7.9532000e-01
   1.3780900e+00  -2.2499700e-01
   1.3445700e+00   4.1581700e-01
   1.0036900e+00   9.6587200e-01
   4.3667200e-01   1.2839300e+00
  -2.1501800e-01   1.2857000e+00
  -7.8500200e-01   9.6680200e-01
  -1.1243700e+00   4.0556800e-01
  -1.1404300e+00  -2.5535300e-01
  -8.2176100e-01  -8.4434100e-01
  -2.4287300e-01  -1.2042600e+00
   4.5305900e-01  -1.2330300e+00
   1.0893900e+00  -9.1093600e-01
   1.5004000e+00  -3.0729300e-01
   1.5737100e+00   4.3540100e-01
   1.2798500e+00   1.1362800e+00
   6.8120300e-01   1.6212500e+00
  -8.2169300e-02   1.7671200e+00
  -8.2667800e-01   1.5335100e+00
  -1.3708100e+00   9.7420900e-01
  -1.5808100e+00   2.2492600e-01
  -1.4048800e+00  -5.2984000e-01
  -8.8708700e-01  -1.1025700e+00
  -1.5725200e-01  -1.3497400e+00
   6.0082200e-01  -1.2082100e+00
   1.1949600e+00  -7.1168700e-01
   1.4727000e+00   1.6948000e-02
   1.3597200e+00   7.9582700e-01
   8.7891800e-01   1.4292000e+00
   1.4525500e-01   1.7562900e+00
  -6.6249200e-01   1.6916000e+00
  -1.3460400e+00   1.2466000e+00
  -1.7369100e+00   5.2720900e-01
  -1.7384600e+00  -2.9224200e-01
  -1.3500900e+00  -1.0122000e+00
  -6.6751900e-01  -1.4574000e+00
   1.4085500e-01  -1.5203100e+00
   8.7564800e-01  -1.1878700e+00
   1.3558600e+00  -5.4459900e-01
   1.4636200e+00   2.4835000e-01
   1.1731600e+00   9.9313100e-01
   5.5702700e-01   1.5040900e+00
  -2.3213000e-01   1.6534700e+00
  -9.9933000e-01   1.4026300e+00
  -1.5553300e+00   8.1116500e-01
  -1.7629900e+00   2.1849500e-02
  -1.5705400e+00  -7.7480900e-01
  -1.0236100e+00  -1.3874000e+00
  -2.5339800e-01  -1.6703000e+00
   5.5606300e-01  -1.5586800e+00
   1.2131800e+00  -1.0834800e+00
   1.5654200e+00  -3.6276600e-01
   1.5357800e+00   4.2802300e-01
   1.1404500e+00   1.0994100e+00
   4.8342300e-01   1.4940500e+00
  -2.7009200e-01   1.5243100e+00
  -9.3483400e-01   1.1923800e+00
  -1.3507800e+00   5.8806000e-01
  -1.4215100e+00  -1.3467600e-01
  -1.1364100e+00  -7.9634300e-01
  -5.7146800e-01  -1.2361000e+00
   1.3096500e-01  -1.3505200e+00
   7.9830000e-01  -1.1175400e+00
   1.2704400e+00  -6.0008600e-01
   1.4386300e+00   7.1133100e-02
   1.2709000e+00   7.3114200e-01
   8.1819500e-01   1.2218700e+00
   2.0005000e-01   1.4308300e+00
  -4.2634400e-01   1.3177900e+00
  -9.0570500e-01   9.2315000e-01
  -1.1230100e+00   3.5633400e-01
  -1.0312100e+00  -2.3270800e-01
  -6.6165400e-01  -6.9144700e-01
  -1.1495700e-01  -9.0275100e-01
   4.6509900e-01  -8.1349400e-01
   9.2800300e-01  -4.4690500e-01
   1.1541000e+00   1.0415700e-01
   1.0840700e+00   7.0109100e-01
   7.3315100e-01   1.1944800e+00
   1.8672800e-01   1.4613500e+00
  -4.2132000e-01   1.4355100e+00
  -9.4210300e-01   1.1236500e+00
  -1.2486300e+00   6.0332200e-01
  -1.2670700e+00   3.4957700e-03
  -9.9477100e-01  -5.2739800e-01
  -5.0065200e-01  -8.5801500e-01
   9.1853600e-02  -9.0625900e-01
   6.3514900e-01  -6.5923600e-01
   9.9354100e-01  -1.7623900e-01
   1.0762200e+00   4.2586000e-01
   8.5920600e-01   1.0011200e+00
   3.9090600e-01   1.4099500e+00
  -2.1978600e-01   1.5527700e+00
  -8.2998800e-01   1.3938000e+00
  -1.2973200e+00   9.6935300e-01
  -1.5140200e+00   3.7866600e-01
  -1.4324900e+00  -2.4031300e-01
  -1.0761400e+00  -7.4422000e-01
  -5.3310800e-01  -1.0185600e+00
   6.5485800e-02  -1.0047100e+00
   5.7738700e-01  -7.1327200e-01
   8.8332600e-01  -2.2057300e-01
   9.1522400e-01   3.5048000e-01
   6.7173200e-01   8.6054500e-01
   2.1752500e-01   1.1875300e+00
  -3.3329700e-01   1.2556700e+00
  -8.4549700e-01   1.0530200e+00
  -1.1957000e+00   6.3332400e-01
  -1.3020600e+00   1.0192200e-01
  -1.1434600e+00  -4.1062600e-01
  -7.6370300e-01  -7.8070000e-01
  -2.5983700e-01  -9.2166100e-01
   2.4233800e-01  -8.0450200e-01
   6.1950000e-01  -4.6418000e-01
   7.8108900e-01   9.7851800e-03
   6.9123600e-01   4.9598300e-01
   3.7707300e-01   8.7140200e-01
  -7.8515300e-02   1.0418600e+00
  -5.5779300e-01   9.6514300e-01
  -9.3753800e-01   6.6117100e-01
  -1.1196000e+00   2.0686900e-01
  -1.0551800e+00  -2.8301000e-01
  -7.5687300e-01  -6.8430300e-01
  -2.9564300e-01  -8.9410100e-01
   2.1658600e-01  -8.5616700e-01
   6.5432300e-01  -5.7488300e-01
   9.0922200e-01  -1.1436700e-01
   9.1660100e-01   4.1699400e-01
   6.7131100e-01   8.9279000e-01
   2.2913000e-01   1.1991900e+00
  -3.0661500e-01   1.2624800e+00
  -8.0989200e-01   1.0667700e+00
  -1.1622200e+00   6.5784100e-01
  -1.2809800e+00   1.3197400e-01
  -1.1389500e+00  -3.8717500e-01
  -7.7043800e-01  -7.7814900e-01
  -2.6262400e-01  -9.5047000e-01
   2.6563700e-01  -8.6570900e-01
   6.9231100e-01  -5.4586600e-01
   9.2102300e-01  -6.7197500e-02
   9.0327500e-01   4.5879300e-01
   6.4881400e-01   9.1241600e-01
   2.2184200e-01   1.1942300e+00
  -2.7570900e-01   1.2479300e+00
  -7.2952500e-01   1.0723100e+00
  -1.0405000e+00   7.1954300e-01
  -1.1477800e+00   2.8070200e-01
  -1.0417800e+00  -1.3775800e-01
  -7.6415500e-01  -4.4040700e-01
  -3.9525600e-01  -5.6557400e-01
  -3.2389500e-02  -4.9884000e-01
   2.3524700e-01  -2.7419000e-01
   3.4861300e-01   3.7087700e-02
   2.9231400e-01   3.4657000e-01
   9.6326700e-02   5.7250700e-01
  -1.7415900e-01   6.6101000e-01
  -4.3783100e-01   5.9916600e-01
  -6.2004700e-01   4.1682600e-01
  -6.7323100e-01   1.7681500e-01
  -5.8945100e-01  -4.3634300e-02
  -4.0190900e-01  -1.7512000e-01
  -1.7501700e-01  -1.7594900e-01
   1.4219100e-02  -4.4269900e-02
   9.8438899e-02   1.8088700e-01
   3.9775600e-02   4.2999800e-01
  -1.5816200e-01   6.2220000e-01
  -4.4956500e-01   6.8812100e-01
  -7.5739900e-01   5.9025700e-01
  -9.9341199e-01   3.3532800e-01
  -1.0820300e+00  -2.4978400e-02
  -9.8185099e-01  -4.0540600e-01
  -6.9898800e-01  -7.0806700e-01
  -2.8836500e-01  -8.4769400e-01
   1.5770800e-01  -7.7476500e-01
   5.3120500e-01  -4.9038200e-01
   7.3505800e-01  -4.8810500e-02
   7.0817400e-01   4.5341200e-01
   4.4238500e-01   8.9944800e-01
  -1.3178800e-02   1.1800300e+00
  -5.6175100e-01   1.2204300e+00
  -1.0806000e+00   9.9972699e-01
  -1.4496500e+00   5.5760500e-01
  -1.5801100e+00  -1.3492600e-02
  -1.4362700e+00  -5.8901000e-01
  -1.0448100e+00  -1.0410000e+00
  -4.8949200e-01  -1.2680600e+00
   1.0789100e-01  -1.2192500e+00
   6.1561500e-01  -9.0618099e-01
   9.2260099e-01  -4.0042300e-01
   9.6408399e-01   1.8330400e-01
   7.3626300e-01   7.1400000e-01
   2.9649100e-01   1.0748900e+00
  -2.5094400e-01   1.1902700e+00
  -7.7989400e-01   1.0422600e+00
  -1.1721600e+00   6.7367000e-01
  -1.3448300e+00   1.7646500e-01
  -1.2686300e+00  -3.3119400e-01
  -9.7310299e-01  -7.3352300e-01
  -5.3756200e-01  -9.4436199e-01
  -7.0425600e-02  -9.2651399e-01
   3.1783100e-01  -6.9870100e-01
   5.4133300e-01  -3.2875800e-01
   5.5858500e-01   8.4906100e-02
   3.8069700e-01   4.3869900e-01
   6.6341300e-02   6.4964300e-01
  -2.9493000e-01   6.7516000e-01
  -6.0653600e-01   5.2207900e-01
  -7.8970800e-01   2.4288900e-01
  -8.0305000e-01  -7.9483700e-02
  -6.5195900e-01  -3.5425200e-01
  -3.8575700e-01  -5.0677700e-01
  -8.3502000e-02  -4.9783200e-01
   1.6767000e-01  -3.3325800e-01
   2.9597100e-01  -6.1667400e-02
   2.6406500e-01   2.3907700e-01
   7.8940000e-02   4.8297200e-01
  -2.0997200e-01   5.9905900e-01
  -5.2388500e-01   5.5061300e-01
  -7.7555200e-01   3.4537400e-01
  -8.9253899e-01   3.4104400e-02
  -8.3682999e-01  -3.0218200e-01
  -6.1566100e-01  -5.7310600e-01
  -2.8067700e-01  -7.0257100e-01
   8.4486799e-02  -6.4910500e-01
   3.8515500e-01  -4.1760300e-01
   5.3983000e-01  -5.9335200e-02
   5.0152100e-01   3.3995200e-01
   2.7070800e-01   6.8100300e-01
  -1.0350800e-01   8.7589999e-01
  -5.3453900e-01   8.7055299e-01
  -9.1912999e-01   6.5912400e-01
  -1.1627800e+00   2.8661200e-01
  -1.2034400e+00  -1.6123800e-01
  -1.0275900e+00  -5.7837100e-01
  -6.7444800e-01  -8.6426299e-01
  -2.2723900e-01  -9.4881199e-01
   2.0662900e-01  -8.1006299e-01
   5.2160800e-01  -4.8029000e-01
   6.3994300e-01  -3.8764100e-02
   5.3106600e-01   4.0714600e-01
   2.1957000e-01   7.4800500e-01
  -2.2030500e-01   8.9910899e-01
  -6.8246600e-01   8.2144599e-01
  -1.0547400e+00   5.3158000e-01
  -1.2463500e+00   9.7934499e-02
  -1.2102900e+00  -3.7571800e-01
  -9.5505899e-01  -7.7557299e-01
  -5.4280200e-01  -1.0057200e+00
  -7.4191000e-02  -1.0118200e+00
   3.3626600e-01  -7.9456399e-01
   5.8843300e-01  -4.0968500e-01
   6.2130800e-01   4.5706000e-02
   4.2819200e-01   4.5704400e-01
   5.8455200e-02   7.2063500e-01
  -3.9458100e-01   7.6937199e-01
  -8.1670299e-01   5.8945900e-01
  -1.1011000e+00   2.2393400e-01
  -1.1749200e+00  -2.3789500e-01
  -1.0173800e+00  -6.8255100e-01
  -6.6506800e-01  -1.0005200e+00
  -2.0290200e-01  -1.1134900e+00
   2.5690100e-01  -9.9380099e-01
   6.0268600e-01  -6.7137700e-01
   7.5110799e-01  -2.2630800e-01
   6.6784400e-01   2.3107600e-01
   3.7609700e-01   5.8764600e-01
  -4.9234600e-02   7.5562599e-01
  -5.0026900e-01   6.9439000e-01
  -8.6305799e-01   4.2049900e-01
  -1.0459800e+00   3.4524800e-03
  -1.0025200e+00  -4.5176600e-01
  -7.4272999e-01  -8.3094999e-01
  -3.3053500e-01  -1.0391800e+00
   1.3238600e-01  -1.0244300e+00
   5.3213300e-01  -7.9036799e-01
   7.7105599e-01  -3.9518900e-01
   7.9205599e-01   6.3164800e-02
   5.9263200e-01   4.7169000e-01
   2.2519200e-01   7.3064799e-01
  -2.1637800e-01   7.7842699e-01
  -6.2047700e-01   6.0673100e-01
  -8.8585499e-01   2.6231600e-01
  -9.4692899e-01  -1.6507600e-01
  -7.9001499e-01  -5.6550300e-01
  -4.5644600e-01  -8.3653499e-01
  -3.1874600e-02  -9.0892299e-01
   3.7547600e-01  -7.6379899e-01
   6.6208600e-01  -4.3713500e-01
   7.5507599e-01  -1.0435900e-02
   6.3030200e-01   4.0990800e-01
   3.1814300e-01   7.1937799e-01
  -1.0438000e-01   8.4142599e-01
  -5.3308900e-01   7.4642399e-01
  -8.6276399e-01   4.5875800e-01
  -1.0133200e+00   5.0412800e-02
  -9.4954799e-01  -3.7724200e-01
  -6.8946099e-01  -7.1881399e-01
  -2.9943900e-01  -8.9102899e-01
   1.2263400e-01  -8.5312099e-01
   4.7184000e-01  -6.1649500e-01
   6.6216700e-01  -2.4137800e-01
   6.4747000e-01   1.7855600e-01
   4.3232700e-01   5.3960900e-01
   7.0254699e-02   7.5363699e-01
  -3.5010800e-01   7.6942699e-01
  -7.2723299e-01   5.8465100e-01
  -9.7173899e-01   2.4560700e-01
  -1.0280000e+00  -1.6498200e-01
  -8.8705499e-01  -5.4888900e-01
  -5.8779900e-01  -8.1670599e-01
  -2.0639200e-01  -9.0948599e-01
   1.6327500e-01  -8.1243399e-01
   4.3303500e-01  -5.5742300e-01
   5.4195100e-01  -2.1393800e-01
   4.7059400e-01   1.2903800e-01
   2.4470200e-01   3.8553800e-01
  -7.2434699e-02   4.9382400e-01
  -3.9674100e-01   4.3107400e-01
  -6.4489500e-01   2.1801100e-01
  -7.5516399e-01  -8.7441699e-02
  -7.0235899e-01  -4.0567500e-01
  -5.0327000e-01  -6.5601299e-01
  -2.1142400e-01  -7.7714799e-01
   9.7332099e-02  -7.4228999e-01
   3.4462600e-01  -5.6527500e-01
   4.6965900e-01  -2.9627500e-01
   4.4452400e-01  -8.3205399e-03
   2.8093700e-01   2.2181700e-01
   2.6777000e-02   3.3349100e-01
  -2.4658600e-01   2.9773400e-01
  -4.6289600e-01   1.2461400e-01
  -5.6077300e-01  -1.3944200e-01
  -5.0963600e-01  -4.2362200e-01
  -3.1774400e-01  -6.5092799e-01
  -3.0334500e-02  -7.5801199e-01
   2.8167200e-01  -7.1158499e-01
   5.3956900e-01  -5.1728800e-01
   6.7685499e-01  -2.1873100e-01
   6.5630399e-01   1.1308500e-01
   4.7979000e-01   3.9735700e-01
   1.8837400e-01   5.6370200e-01
  -1.4745500e-01   5.6997300e-01
  -4.4499400e-01   4.1318600e-01
  -6.2976599e-01   1.3079100e-01
  -6.5412299e-01  -2.0811400e-01
  -5.0936300e-01  -5.1950200e-01
  -2.2831400e-01  -7.2499799e-01
   1.2232100e-01  -7.7122699e-01
   4.5804600e-01  -6.4315699e-01
   6.9713499e-01  -3.6807400e-01
   7.8064999e-01  -9.1859899e-03
   6.8694199e-01   3.4965400e-01
   4.3705800e-01   6.2434099e-01
   8.9662399e-02   7.5103199e-01
  -2.7328300e-01   7.0172299e-01
  -5.6658100e-01   4.9100500e-01
  -7.2264499e-01   1.7234800e-01
  -7.0796999e-01  -1.7520400e-01
  -5.3115200e-01  -4.6661800e-01
  -2.4046100e-01  -6.3187699e-01
   8.8421899e-02  -6.3319099e-01
   3.7143600e-01  -4.7410700e-01
   5.3718000e-01  -1.9827900e-01
   5.4469400e-01   1.2180300e-01
   3.9352100e-01   4.0327400e-01
   1.2353100e-01   5.7389200e-01
  -1.9544100e-01   5.9028399e-01
  -4.8152600e-01   4.4882400e-01
  -6.6176199e-01   1.8639000e-01
  -6.9074999e-01  -1.2919900e-01
  -5.6226500e-01  -4.1664300e-01
  -3.1085600e-01  -6.0208699e-01
  -2.9933300e-03  -6.3818699e-01
   2.8000000e-01  -5.1642600e-01
   4.6291700e-01  -2.6951800e-01
   4.9617800e-01   3.6780400e-02
   3.6889700e-01   3.2040200e-01
   1.1209700e-01   5.0403700e-01
  -2.0879300e-01   5.3515700e-01
  -5.1035000e-01   3.9989800e-01
  -7.1233899e-01   1.2717000e-01
  -7.5831999e-01  -2.1809400e-01
  -6.3041699e-01  -5.5096500e-01
  -3.5445100e-01  -7.8779399e-01
   5.9446799e-03  -8.6740999e-01
   3.6483300e-01  -7.6685499e-01
   6.3525899e-01  -5.0765100e-01
   7.5098899e-01  -1.5094500e-01
   6.8323999e-01   2.1731600e-01
   4.4817400e-01   5.0751800e-01
   1.0323200e-01   6.4855599e-01
  -2.6681500e-01   6.0551999e-01
  -5.7064399e-01   3.8846300e-01
  -7.3283199e-01   5.0056700e-02
  -7.1239899e-01  -3.2729400e-01
  -5.1283900e-01  -6.5166599e-01
  -1.8116800e-01  -8.4413699e-01
   2.0373700e-01  -8.5803499e-01
   5.5057999e-01  -6.9015699e-01
   7.7802899e-01  -3.8123700e-01
   8.3447999e-01  -5.6046499e-03
   7.1034299e-01   3.4731400e-01
   4.3989100e-01   5.9503899e-01
   9.2282599e-02   6.8212999e-01
  -2.4588400e-01   5.9339699e-01
  -4.9211600e-01   3.5702400e-01
  -5.8827999e-01   3.6962800e-02
  -5.1457900e-01  -2.8342200e-01
  -2.9386300e-01  -5.2229300e-01
   1.4679800e-02  -6.1963299e-01
   3.3077400e-01  -5.5186999e-01
   5.7335599e-01  -3.3727100e-01
   6.8084099e-01  -3.0863700e-02
   6.2631999e-01   2.8973800e-01
   4.2396900e-01   5.4400199e-01
   1.2515200e-01   6.6870399e-01
  -1.9472400e-01   6.3367699e-01
  -4.5526800e-01   4.4921000e-01
  -5.9131199e-01   1.6332100e-01
  -5.6924599e-01  -1.5038100e-01
  -3.9543800e-01  -4.1117400e-01
  -1.1469100e-01  -5.5145999e-01
   2.0085500e-01  -5.3372599e-01
   4.6963600e-01  -3.6007100e-01
   6.2095199e-01  -7.1925699e-02
   6.1263999e-01   2.5995700e-01
   4.4178600e-01   5.5279199e-01
   1.4583700e-01   7.3211599e-01
  -2.0621000e-01   7.5022099e-01
  -5.3038499e-01   5.9815799e-01
  -7.4812299e-01   3.0836000e-01
  -8.0546099e-01  -5.2792099e-02
  -6.8641599e-01  -4.0072100e-01
  -4.1726200e-01  -6.5293099e-01
  -6.0611999e-02  -7.4894199e-01
   2.9930300e-01  -6.6506899e-01
   5.7667999e-01  -4.2044300e-01
   7.0470899e-01  -7.2787699e-02
   6.5172499e-01   2.9510300e-01
   4.2903100e-01   5.9498399e-01
   8.8485099e-02   7.5420599e-01
  -2.8963400e-01   7.3314999e-01
  -6.1562299e-01   5.3485799e-01
  -8.1170399e-01   2.0450500e-01
  -8.3060399e-01  -1.8120300e-01
  -6.6692199e-01  -5.3220999e-01
  -3.5852000e-01  -7.6654699e-01
   2.2440800e-02  -8.2990199e-01
   3.8670100e-01  -7.0860999e-01
   6.4923599e-01  -4.3291800e-01
   7.4961199e-01  -6.9728199e-02
   6.6645399e-01   2.9349900e-01
   4.2251900e-01   5.6979299e-01
   7.9133099e-02   6.9362699e-01
  -2.7869900e-01   6.3669899e-01
  -5.6292399e-01   4.1469700e-01
  -7.0381299e-01   8.3401399e-02
  -6.6688399e-01  -2.7496200e-01
  -4.6124000e-01  -5.7181699e-01
  -1.3727400e-01  -7.3388199e-01
   2.2572400e-01  -7.2108099e-01
   5.3904499e-01  -5.3632699e-01
   7.2635499e-01  -2.2475300e-01
   7.4245699e-01   1.3742600e-01
   5.8439699e-01   4.6171800e-01
   2.9215500e-01   6.6919599e-01
  -6.1258499e-02   7.0998399e-01
  -3.8788400e-01   5.7558199e-01
  -6.0661099e-01   3.0094800e-01
  -6.6328199e-01  -4.4185900e-02
  -5.4413599e-01  -3.7262900e-01
  -2.7921800e-01  -6.0139699e-01
   6.5087199e-02  -6.7233499e-01
   4.0256400e-01  -5.6658799e-01
   6.4861299e-01  -3.0927900e-01
   7.4128999e-01   3.6738600e-02
   6.5670599e-01   3.8653900e-01
   4.1493500e-01   6.5425499e-01
   7.4963999e-02   7.7443299e-01
  -2.8004300e-01   7.1825899e-01
  -5.6347799e-01   5.0063499e-01
  -7.0682899e-01   1.7633300e-01
  -6.7664299e-01  -1.7378300e-01
  -4.8268799e-01  -4.6297999e-01
  -1.7529300e-01  -6.2027299e-01
   1.6741300e-01  -6.0800199e-01
   4.5914499e-01  -4.3099700e-01
   6.2701599e-01  -1.3508200e-01
   6.2961499e-01   2.0465500e-01
   4.6709199e-01   5.0282499e-01
   1.8077300e-01   6.8513499e-01
  -1.5751800e-01   7.0684299e-01
  -4.6367799e-01   5.6366299e-01
  -6.6246099e-01   2.9245000e-01
  -7.0620099e-01  -3.8428200e-02
  -5.8645199e-01  -3.4651600e-01
  -3.3567400e-01  -5.5605899e-01
  -1.8659400e-02  -6.1689899e-01
   2.8407000e-01  -5.1675299e-01
   4.9662899e-01  -2.8386100e-01
   5.6674899e-01   2.0565600e-02
   4.7862999e-01   3.1807900e-01
   2.5649000e-01   5.3289299e-01
  -4.1967100e-02   6.1087599e-01
  -3.4041200e-01   5.3290899e-01
  -5.6325599e-01   3.1929700e-01
  -6.5460899e-01   2.4249500e-02
  -5.9208499e-01  -2.7808100e-01
  -3.9205100e-01  -5.1239399e-01
  -1.0511000e-01  -6.2110599e-01
   1.9692800e-01  -5.7856199e-01
   4.3922499e-01  -3.9709500e-01
   5.6263699e-01  -1.2351500e-01
   5.3827999e-01   1.7295300e-01
   3.7438300e-01   4.1818900e-01
   1.1379000e-01   5.5168699e-01
  -1.7711200e-01   5.4144499e-01
  -4.2518400e-01   3.9156500e-01
  -5.6878799e-01   1.4078900e-01
  -5.7293299e-01  -1.4756000e-01
  -4.3760399e-01  -4.0159800e-01
  -1.9731000e-01  -5.5879099e-01
   8.7932099e-02  -5.8131899e-01
   3.4778200e-01  -4.6507699e-01
   5.1911399e-01  -2.4022600e-01
   5.6150299e-01   3.6760100e-02
   4.6686999e-01   2.9742400e-01
   2.6099600e-01   4.7840499e-01
  -3.3683600e-03   5.3700699e-01
  -2.5994200e-01   4.6141599e-01
  -4.4549999e-01   2.7314000e-01
  -5.1544999e-01   2.1167400e-02
  -4.5456999e-01  -2.3057400e-01
  -2.8032200e-01  -4.1927000e-01
  -3.8032900e-02  -4.9876399e-01
   2.1075900e-01  -4.5074699e-01
   4.0380400e-01  -2.8890300e-01
   4.9360599e-01  -5.5066199e-02
   4.5903399e-01   1.9155800e-01
   3.1023800e-01   3.8934000e-01
   8.5738699e-02   4.8959599e-01
  -1.5749500e-01   4.6857499e-01
  -3.5845900e-01   3.3310500e-01
  -4.6737799e-01   1.1858400e-01
  -4.5803999e-01  -1.2013300e-01
  -3.3415400e-01  -3.2262000e-01
  -1.2819000e-01  -4.3804699e-01
   1.0694500e-01  -4.3784899e-01
   3.1129200e-01  -3.2277100e-01
   4.3291399e-01  -1.2253700e-01
   4.4091699e-01   1.1171400e-01
   3.3314900e-01   3.2033300e-01
   1.3670000e-01   4.5016399e-01
  -9.8928899e-02   4.6789899e-01
  -3.1425700e-01   3.6846400e-01
  -4.5477099e-01   1.7632100e-01
  -4.8463299e-01  -6.0618399e-02
  -3.9574300e-01  -2.8297200e-01
  -2.0986400e-01  -4.3476899e-01
   2.6723400e-02  -4.7752599e-01
   2.5473200e-01  -3.9999100e-01
   4.1668799e-01  -2.2110600e-01
   4.7136299e-01   1.4574500e-02
   4.0421899e-01   2.4791300e-01
   2.3122100e-01   4.1991899e-01
  -4.9557199e-03   4.8653899e-01
  -2.4543000e-01   4.2979299e-01
  -4.2973399e-01   2.6246100e-01
  -5.1092199e-01   2.5115900e-02
  -4.6740499e-01  -2.2381600e-01
  -3.0851800e-01  -4.2250299e-01
  -7.2415899e-02  -5.2110899e-01
   1.8323500e-01  -4.9428699e-01
   3.9547899e-01  -3.4764500e-01
   5.1168899e-01  -1.1654000e-01
   5.0269099e-01   1.4253500e-01
   3.7011500e-01   3.6586500e-01
   1.4611800e-01   4.9827099e-01
  -1.1447300e-01   5.0679599e-01
  -3.4766200e-01   3.8891099e-01
  -4.9608899e-01   1.7319100e-01
  -5.2318999e-01  -8.7727499e-02
  -4.2220699e-01  -3.3014300e-01
  -2.1780500e-01  -4.9501499e-01
   4.0098499e-02  -5.4249599e-01
   2.8873600e-01  -4.6166399e-01
   4.6801399e-01  -2.7304900e-01
   5.3528799e-01  -2.3359700e-02
   4.7570699e-01   2.2624100e-01
   3.0559600e-01   4.1533699e-01
   6.8067299e-02   4.9913299e-01
  -1.7795800e-01   4.5928899e-01
  -3.7252000e-01   3.0805300e-01
  -4.6945099e-01   8.4734599e-02
  -4.4755299e-01  -1.5450600e-01
  -3.1536600e-01  -3.5090900e-01
  -1.0842700e-01  -4.5777399e-01
   1.2018400e-01  -4.5182499e-01
   3.1352000e-01  -3.3848200e-01
   4.2514199e-01  -1.4979900e-01
   4.3054499e-01   6.4280599e-02
   3.3277500e-01   2.4901400e-01
   1.6092900e-01   3.5888200e-01
  -3.7971399e-02   3.6895200e-01
  -2.1150800e-01   2.8071700e-01
  -3.1551200e-01   1.2100500e-01
  -3.2529400e-01  -6.5618099e-02
  -2.4157300e-01  -2.2890300e-01
  -8.9694299e-02  -3.2619700e-01
   8.7594199e-02  -3.3349900e-01
   2.4179300e-01  -2.5142400e-01
   3.3164000e-01  -1.0459800e-01
   3.3400600e-01   6.5289699e-02
   2.4985900e-01   2.1086400e-01
   1.0376700e-01   2.9184800e-01
  -6.2870299e-02   2.8586300e-01
  -2.0304300e-01   1.9440400e-01
  -2.7681900e-01   4.2432999e-02
  -2.6214500e-01  -1.2827800e-01
  -1.6089500e-01  -2.7031000e-01
   1.4164500e-03  -3.4330000e-01
   1.8221100e-01  -3.2485600e-01
   3.3300400e-01  -2.1678400e-01
   4.1222499e-01  -4.4983199e-02
   3.9635999e-01   1.4702000e-01
   2.8648200e-01   3.0924200e-01
   1.0843000e-01   3.9824799e-01
  -9.3472299e-02   3.8862999e-01
  -2.6757500e-01   2.7995700e-01
  -3.6811999e-01   9.7366999e-02
  -3.6712899e-01  -1.1441400e-01
  -2.6188700e-01  -3.0216400e-01
  -7.6084499e-02  -4.1756899e-01
   1.4574400e-01  -4.2956099e-01
   3.4913000e-01  -3.3242600e-01
   4.8321699e-01  -1.4762000e-01
   5.1352899e-01   8.1240699e-02
   4.3077799e-01   2.9897700e-01
   2.5343300e-01   4.5243699e-01
   2.3417500e-02   5.0367399e-01
  -2.0406100e-01   4.3943899e-01
  -3.7401499e-01   2.7460800e-01
  -4.4519299e-01   4.8671399e-02
  -4.0024399e-01  -1.8385500e-01
  -2.5003000e-01  -3.6673799e-01
  -3.1001800e-02  -4.5576499e-01
   2.0369200e-01  -4.2954399e-01
   3.9718299e-01  -2.9469400e-01
   5.0274399e-01  -8.4174699e-02
   4.9513299e-01   1.5081300e-01
   3.7664499e-01   3.5335599e-01
   1.7642400e-01   4.7468699e-01
  -5.6773699e-02   4.8598899e-01
  -2.6654300e-01   3.8525699e-01
  -4.0257999e-01   1.9759300e-01
  -4.3283499e-01  -3.1111000e-02
  -3.5112699e-01  -2.4548700e-01
  -1.7839100e-01  -3.9421599e-01
   4.2678599e-02  -4.4243499e-01
   2.5823300e-01  -3.8000999e-01
   4.1646199e-01  -2.2370900e-01
   4.8015199e-01  -1.2794700e-02
   4.3553099e-01   2.0079900e-01
   2.9530300e-01   3.6526299e-01
   9.5182199e-02   4.4150799e-01
  -1.1512900e-01   4.1249099e-01
  -2.8426000e-01   2.8703700e-01
  -3.7171899e-01   9.7280999e-02
  -3.5760099e-01  -1.0954600e-01
  -2.4711100e-01  -2.8291100e-01
  -6.8865899e-02  -3.8139899e-01
   1.3253500e-01  -3.8271099e-01
   3.0774500e-01  -2.8879800e-01
   4.1490999e-01  -1.2494400e-01
   4.2986499e-01   6.6905399e-02
   3.5178999e-01   2.3883200e-01
   2.0299800e-01   3.4895999e-01
   2.2949500e-02   3.7178999e-01
  -1.4190900e-01   3.0430000e-01
  -2.4993900e-01   1.6633700e-01
  -2.7473900e-01  -4.7394199e-03
  -2.1162800e-01  -1.6376800e-01
  -7.8568399e-02  -2.6936900e-01
   8.8655999e-02  -2.9448100e-01
   2.4576000e-01  -2.3318300e-01
   3.5140799e-01  -1.0209700e-01
   3.7787499e-01   6.3972999e-02
   3.1822800e-01   2.2106000e-01
   1.8817900e-01   3.2742599e-01
   2.2134000e-02   3.5443099e-01
  -1.3560300e-01   2.9411000e-01
  -2.4225300e-01   1.6150900e-01
  -2.6773700e-01  -8.8850799e-03
  -2.0274400e-01  -1.7175300e-01
  -6.1606799e-02  -2.8249700e-01
   1.2083600e-01  -3.0882000e-01
   2.9769100e-01  -2.3941400e-01
   4.2173399e-01  -8.7486999e-02
   4.5751199e-01   1.1185600e-01
   3.9077699e-01   3.0985800e-01
   2.3281700e-01   4.5602299e-01
   1.8496100e-02   5.1080699e-01
  -2.0168200e-01   4.5592899e-01
  -3.7362799e-01   2.9967400e-01
  -4.5297099e-01   7.5760599e-02
  -4.1633599e-01  -1.6411400e-01
  -2.6778700e-01  -3.6236499e-01
  -3.8716799e-02  -4.6938799e-01
   2.1893000e-01  -4.5586299e-01
   4.4460499e-01  -3.2044099e-01
   5.8348499e-01  -9.0858699e-02
   5.9976299e-01   1.8193900e-01
   4.8566299e-01   4.3537999e-01
   2.6393200e-01   6.0988399e-01
  -1.6915200e-02   6.6304099e-01
  -2.9357500e-01   5.7995299e-01
  -5.0262399e-01   3.7720399e-01
  -5.9542099e-01   9.9414198e-02
  -5.4970299e-01  -1.9088500e-01
  -3.7505799e-01  -4.2771899e-01
  -1.1092600e-01  -5.5708099e-01
   1.8246100e-01  -5.4961599e-01
   4.3808799e-01  -4.0756099e-01
   5.9781299e-01  -1.6425100e-01
   6.2594799e-01   1.2371100e-01
   5.1753499e-01   3.8977999e-01
   2.9934700e-01   5.7310199e-01
   2.3375700e-02   6.3275599e-01
  -2.4561800e-01   5.5718899e-01
  -4.4549099e-01   3.6662199e-01
  -5.3136599e-01   1.0788000e-01
  -4.8601299e-01  -1.5706700e-01
  -3.2351599e-01  -3.6605299e-01
  -8.5402899e-02  -4.7153499e-01
   1.6977600e-01  -4.5170099e-01
   3.8082499e-01  -3.1523499e-01
   4.9870199e-01  -9.8620098e-02
   4.9815499e-01   1.4324200e-01
   3.8337399e-01   3.5076399e-01
   1.8636400e-01   4.7432399e-01
  -4.1479399e-02   4.8624099e-01
  -2.4243300e-01   3.8715899e-01
  -3.6686799e-01   2.0532700e-01
  -3.8543899e-01  -1.0946700e-02
  -2.9604899e-01  -2.0572300e-01
  -1.2391500e-01  -3.2958699e-01
   8.5208899e-02  -3.5197099e-01
   2.7687100e-01  -2.6860200e-01
   4.0181299e-01  -1.0223600e-01
   4.2839499e-01   1.0342600e-01
   3.5045399e-01   2.9505299e-01
   1.8864100e-01   4.2333099e-01
  -1.5035800e-02   4.5548199e-01
  -2.0804700e-01   3.8350299e-01
  -3.4076999e-01   2.2607300e-01
  -3.7910099e-01   2.3679600e-02
  -3.1307899e-01  -1.7174800e-01
  -1.5934200e-01  -3.1006899e-01
   4.3151699e-02  -3.5564399e-01
   2.4304400e-01  -2.9633699e-01
   3.8958199e-01  -1.4653600e-01
   4.4543199e-01   5.6526699e-02
   3.9605199e-01   2.6220400e-01
   2.5329700e-01   4.1920199e-01
   5.2362499e-02   4.8845399e-01
  -1.5711600e-01   4.5286199e-01
  -3.2353799e-01   3.2147999e-01
  -4.0622999e-01   1.2711600e-01
  -3.8551999e-01  -8.1993899e-02
  -2.6749000e-01  -2.5430100e-01
  -8.2254699e-02  -3.4779699e-01
   1.2373900e-01  -3.4036399e-01
   2.9940899e-01  -2.3507100e-01
   4.0177099e-01  -5.9138599e-02
   4.0650499e-01   1.4310800e-01
   3.1375699e-01   3.2144899e-01
   1.4776200e-01   4.3231699e-01
  -4.9511799e-02   4.4950299e-01
  -2.2905000e-01   3.7040399e-01
  -3.4706999e-01   2.1629200e-01
  -3.7581099e-01   2.6634800e-02
  -3.1015699e-01  -1.5101500e-01
  -1.6850800e-01  -2.7298900e-01
   1.2214200e-02  -3.1029199e-01
   1.8610200e-01  -2.5554600e-01
   3.0985699e-01  -1.2443000e-01
   3.5352999e-01   4.8673999e-02
   3.0773299e-01   2.1960500e-01
   1.8557900e-01   3.4563299e-01
   1.8968400e-02   3.9609199e-01
  -1.4974600e-01   3.5980099e-01
  -2.7854499e-01   2.4747400e-01
  -3.3624499e-01   8.8601398e-02
  -3.1007499e-01  -7.6296899e-02
  -2.0850500e-01  -2.0603000e-01
  -5.8701499e-02  -2.6906000e-01
   1.0064900e-01  -2.5121300e-01
   2.2927000e-01  -1.5887900e-01
   2.9542399e-01  -1.7000200e-02
   2.8370899e-01   1.3755200e-01
   1.9860100e-01   2.6547700e-01
   6.2946299e-02   3.3496999e-01
  -8.8151398e-02   3.2957899e-01
  -2.1640200e-01   2.5205700e-01
  -2.9004799e-01   1.2330100e-01
  -2.9176399e-01  -2.3249700e-02
  -2.2278200e-01  -1.5030300e-01
  -1.0226000e-01  -2.2622200e-01
   3.7870299e-02  -2.3296300e-01
   1.6121800e-01  -1.7045000e-01
   2.3626300e-01  -5.6343099e-02
   2.4433000e-01   7.8701299e-02
   1.8421000e-01   1.9900700e-01
   7.2296499e-02   2.7305499e-01
  -6.1761699e-02   2.8151699e-01
  -1.8274500e-01   2.2212600e-01
  -2.5891600e-01   1.1017500e-01
  -2.7015099e-01  -2.5459400e-02
  -2.1307600e-01  -1.4973900e-01
  -1.0193600e-01  -2.3043700e-01
   3.5012799e-02  -2.4639100e-01
   1.6268400e-01  -1.9295500e-01
   2.4808200e-01  -8.3256598e-02
   2.6871799e-01   5.5031099e-02
   2.1841200e-01   1.8662500e-01
   1.0898700e-01   2.7751999e-01
  -3.2557999e-02   3.0360299e-01
  -1.7071200e-01   2.5683200e-01
  -2.7030699e-01   1.4742400e-01
  -3.0533699e-01   1.4737000e-03
  -2.6555699e-01  -1.4540900e-01
  -1.5919300e-01  -2.5688100e-01
  -1.1065800e-02  -3.0489599e-01
   1.4341600e-01  -2.7672099e-01
   2.6692599e-01  -1.7820100e-01
   3.2940999e-01  -3.2444999e-02
   3.1552199e-01   1.2577600e-01
   2.2845500e-01   2.5851899e-01
   8.9202798e-02   3.3397399e-01
  -6.8562899e-02   3.3427399e-01
  -2.0675100e-01   2.5986799e-01
  -2.9219799e-01   1.2938900e-01
  -3.0479099e-01  -2.4972000e-02
  -2.4235400e-01  -1.6542800e-01
  -1.2109500e-01  -2.5791599e-01
   2.8506099e-02  -2.8047199e-01
   1.6932100e-01  -2.2856400e-01
   2.6681599e-01  -1.1608200e-01
   2.9760199e-01   2.8262299e-02
   2.5516399e-01   1.6822000e-01
   1.5133400e-01   2.6912599e-01
   1.3160200e-02   3.0657699e-01
  -1.2403000e-01   2.7248799e-01
  -2.2562800e-01   1.7700400e-01
  -2.6652199e-01   4.5795599e-02
  -2.3743600e-01  -8.6570898e-02
  -1.4723800e-01  -1.8551300e-01
  -2.0618400e-02  -2.2530600e-01
   1.0826900e-01  -1.9569700e-01
   2.0459600e-01  -1.0458500e-01
   2.4185000e-01   2.3945400e-02
   2.0874400e-01   1.5573400e-01
   1.1226900e-01   2.5527999e-01
  -2.3902900e-02   2.9488299e-01
  -1.6529300e-01   2.6188199e-01
  -2.7530899e-01   1.6213100e-01
  -3.2457599e-01   1.8798500e-02
  -2.9854899e-01  -1.3323800e-01
  -2.0147100e-01  -2.5603499e-01
  -5.5643599e-02  -3.1811199e-01
   1.0384500e-01  -3.0248699e-01
   2.3766700e-01  -2.1118400e-01
   3.1196399e-01  -6.5062999e-02
   3.0681999e-01   1.0102200e-01
   2.2137700e-01   2.4658499e-01
   7.4326098e-02   3.3533499e-01
  -1.0039800e-01   3.4406699e-01
  -2.6166599e-01   2.6842499e-01
  -3.7099799e-01   1.2411600e-01
  -4.0181199e-01  -5.6719999e-02
  -3.4581199e-01  -2.3311800e-01
  -2.1499000e-01  -3.6501299e-01
  -3.8751999e-02  -4.2273299e-01
   1.4310200e-01  -3.9395799e-01
   2.8982999e-01  -2.8649699e-01
   3.6934699e-01  -1.2624900e-01
   3.6564599e-01   4.9127499e-02
   2.8230799e-01   1.9924500e-01
   1.4129100e-01   2.9052999e-01
  -2.2622700e-02   3.0398099e-01
  -1.7032400e-01   2.3929899e-01
  -2.6772599e-01   1.1447700e-01
  -2.9369299e-01  -3.8967799e-02
  -2.4468399e-01  -1.8388000e-01
  -1.3504400e-01  -2.8650699e-01
   7.0070199e-03  -3.2447099e-01
   1.4663800e-01  -2.9177899e-01
   2.5106299e-01  -1.9971700e-01
   2.9746699e-01  -7.3501398e-02
   2.7825699e-01   5.4381099e-02
   2.0243700e-01   1.5245000e-01
   9.2829098e-02   1.9804100e-01
  -2.0070100e-02   1.8273300e-01
  -1.0601600e-01   1.1409300e-01
  -1.4272200e-01   1.3367500e-02
  -1.2142800e-01  -9.0240998e-02
  -4.8953199e-02  -1.6723100e-01
   5.4217499e-02  -1.9545800e-01
   1.5933200e-01  -1.6586100e-01
   2.3685199e-01  -8.4829698e-02
   2.6414199e-01   2.7365099e-02
   2.3143100e-01   1.4169800e-01
   1.4453000e-01   2.2778000e-01
   2.3634499e-02   2.6167399e-01
  -1.0155400e-01   2.3218399e-01
  -1.9916900e-01   1.4402300e-01
  -2.4320299e-01   1.7038700e-02
  -2.2021900e-01  -1.1836000e-01
  -1.3307400e-01  -2.2850100e-01
  -6.8185099e-04  -2.8471399e-01
   1.4617100e-01  -2.7053699e-01
   2.7202099e-01  -1.8609900e-01
   3.4520599e-01  -4.8546899e-02
   3.4560599e-01   1.1163300e-01
   2.6974899e-01   2.5758499e-01
   1.3202000e-01   3.5471499e-01
  -3.8371899e-02   3.7891499e-01
  -2.0400400e-01   3.2242899e-01
  -3.2787699e-01   1.9591400e-01
  -3.8204799e-01   2.6177799e-02
  -3.5420599e-01  -1.4991500e-01
  -2.5060699e-01  -2.9393299e-01
  -9.4664198e-02  -3.7476399e-01
   7.8489898e-02  -3.7580599e-01
   2.3018199e-01  -2.9872399e-01
   3.2716899e-01  -1.6292500e-01
   3.4927599e-01  -8.5593298e-04
   2.9388899e-01   1.4971200e-01
   1.7624600e-01   2.5456199e-01
   2.5524199e-02   2.9094299e-01
  -1.2232900e-01   2.5262699e-01
  -2.3322199e-01   1.5093900e-01
  -2.8292699e-01   1.1568600e-02
  -2.6251799e-01  -1.3198900e-01
  -1.7999000e-01  -2.4671499e-01
  -5.7709399e-02  -3.0800099e-01
   7.3572498e-02  -3.0530599e-01
   1.8259300e-01  -2.4417599e-01
   2.4534399e-01  -1.4420500e-01
   2.5077899e-01  -3.3543899e-02
   2.0307700e-01   5.8588999e-02
   1.1995000e-01   1.0944200e-01
   2.7524399e-02   1.0839000e-01
  -4.6821799e-02   5.9290899e-02
  -8.1779698e-02  -2.1002200e-02
  -6.7663598e-02  -1.0752500e-01
  -8.7752598e-03  -1.7415200e-01
   7.8009098e-02  -2.0074900e-01
   1.6801600e-01  -1.7863700e-01
   2.3562199e-01  -1.1291800e-01
   2.6133599e-01  -2.1066100e-02
   2.3721699e-01   7.1844298e-02
   1.6918200e-01   1.3999000e-01
   7.5568298e-02   1.6390800e-01
  -1.7686400e-02   1.3594900e-01
  -8.3977298e-02   6.2618399e-02
  -1.0325500e-01  -3.6869299e-02
  -6.7606498e-02  -1.3546500e-01
   1.6297800e-02  -2.0534300e-01
   1.2859600e-01  -2.2529799e-01
   2.4113699e-01  -1.8653200e-01
   3.2465399e-01  -9.5285298e-02
   3.5636899e-01   2.8417699e-02
   3.2602799e-01   1.5563400e-01
   2.3880099e-01   2.5575699e-01
   1.1423800e-01   3.0430399e-01
  -1.8474600e-02   2.8923499e-01
  -1.2778300e-01   2.1415899e-01
  -1.8769700e-01   9.7572398e-02
  -1.8437400e-01  -3.1681599e-02
  -1.1964700e-01  -1.4161400e-01
  -1.0605300e-02  -2.0510800e-01
   1.1468800e-01  -2.0671900e-01
   2.2425199e-01  -1.4653000e-01
   2.9021899e-01  -4.0083199e-02
   2.9580399e-01   8.5594798e-02
   2.3945599e-01   1.9883800e-01
   1.3513900e-01   2.7132799e-01
   8.6989198e-03   2.8517699e-01
  -1.0874200e-01   2.3733799e-01
  -1.8866700e-01   1.4022000e-01
  -2.1232099e-01   1.8405100e-02
  -1.7533800e-01  -9.7690298e-02
  -8.8679598e-02  -1.7956400e-01
   2.4310799e-02  -2.0782199e-01
   1.3396400e-01  -1.7699500e-01
   2.1188699e-01  -9.6780998e-02
   2.3816799e-01   1.0565000e-02
   2.0638000e-01   1.1600500e-01
   1.2511400e-01   1.9116600e-01
   1.5700100e-02   2.1555699e-01
  -9.3276598e-02   1.8174900e-01
  -1.7326800e-01   9.7211998e-02
  -2.0299900e-01  -1.7617000e-02
  -1.7383200e-01  -1.3452900e-01
  -9.1927698e-02  -2.2466699e-01
   2.3322799e-02  -2.6578199e-01
   1.4417500e-01  -2.4780299e-01
   2.4147699e-01  -1.7533700e-01
   2.9193899e-01  -6.6503398e-02
   2.8391899e-01   5.1595499e-02
   2.2028999e-01   1.4961700e-01
   1.1771000e-01   2.0324899e-01
   2.4712399e-03   1.9921200e-01
  -9.5995298e-02   1.3851600e-01
  -1.5237500e-01   3.6192499e-02
  -1.5168300e-01  -8.2427398e-02
  -9.2916798e-02  -1.8793300e-01
   1.0717900e-02  -2.5403699e-01
   1.3506100e-01  -2.6398299e-01
   2.5090499e-01  -2.1460399e-01
   3.3110899e-01  -1.1705500e-01
   3.5717599e-01   5.9391899e-03
   3.2370999e-01   1.2563700e-01
   2.3966599e-01   2.1426299e-01
   1.2612500e-01   2.5173699e-01
   1.1135300e-02   2.3050099e-01
  -7.7118898e-02   1.5730600e-01
  -1.1714800e-01   5.1514899e-02
  -9.9353097e-02  -5.9629498e-02
  -2.8327399e-02  -1.4763900e-01
   7.8280398e-02  -1.8969800e-01
   1.9405900e-01  -1.7420000e-01
   2.9024099e-01  -1.0356400e-01
   3.4267899e-01   6.3362298e-03
   3.3769699e-01   1.2999900e-01
   2.7542399e-01   2.3844699e-01
   1.6979000e-01   3.0621999e-01
   4.5196299e-02   3.1752999e-01
  -6.9347898e-02   2.7009299e-01
  -1.4720500e-01   1.7570400e-01
  -1.7052800e-01   5.7427799e-02
  -1.3458000e-01  -5.5933599e-02
  -4.8891699e-02  -1.3676600e-01
   6.5006098e-02  -1.6528800e-01
   1.7874400e-01  -1.3432800e-01
   2.6392999e-01  -5.1062599e-02
   2.9897499e-01   6.4688798e-02
   2.7428899e-01   1.8521700e-01
   1.9458299e-01   2.8157399e-01
   7.7739298e-02   3.3051999e-01
  -4.9500499e-02   3.2008599e-01
  -1.5796300e-01   2.5241899e-01
  -2.2304399e-01   1.4320700e-01
  -2.3058199e-01   1.7851700e-02
  -1.8018500e-01  -9.4693398e-02
  -8.5208098e-02  -1.6890800e-01
   3.0596399e-02  -1.8881400e-01
   1.3892400e-01  -1.5172600e-01
   2.1382799e-01  -6.8738998e-02
   2.3798999e-01   3.8149499e-02
   2.0682499e-01   1.4155100e-01
   1.2942300e-01   2.1546999e-01
   2.6115299e-02   2.4167199e-01
  -7.6705198e-02   2.1406799e-01
  -1.5320900e-01   1.4005500e-01
  -1.8454600e-01   3.8477399e-02
  -1.6345700e-01  -6.5233298e-02
  -9.5937297e-02  -1.4552200e-01
   4.4450099e-04  -1.8314300e-01
   1.0112300e-01  -1.6994600e-01
   1.8085000e-01  -1.1082200e-01
   2.2012999e-01  -2.2327099e-02
   2.1016199e-01   7.1647998e-02
   1.5503300e-01   1.4606200e-01
   7.0605198e-02   1.8118000e-01
  -1.9598099e-02   1.6766100e-01
  -9.0479698e-02   1.0898400e-01
  -1.2186300e-01   2.0591699e-02
  -1.0375100e-01  -7.4040098e-02
  -3.8991399e-02  -1.4941200e-01
   5.7320698e-02  -1.8456200e-01
   1.6158900e-01  -1.6852000e-01
   2.4765499e-01  -1.0324800e-01
   2.9345299e-01  -3.3206599e-03
   2.8667799e-01   1.0760900e-01
   2.2804499e-01   2.0267299e-01
   1.3128600e-01   2.5852599e-01
   1.9877099e-02   2.6125999e-01
  -7.8721298e-02   2.1000899e-01
  -1.3986600e-01   1.1731900e-01
  -1.4788700e-01   6.1778998e-03
  -1.0006700e-01  -9.5571797e-02
  -7.4230698e-03  -1.6206500e-01
   1.0789200e-01  -1.7579500e-01
   2.1794899e-01  -1.3196000e-01
   2.9584399e-01  -3.9702199e-02
   3.2225499e-01   8.0071998e-02
   2.9015299e-01   1.9975699e-01
   2.0650099e-01   2.9174399e-01
   9.0530398e-02   3.3510399e-01
  -3.0957099e-02   3.2061599e-01
  -1.3012100e-01   2.5292099e-01
  -1.8481799e-01   1.4928000e-01
  -1.8389399e-01   3.5269299e-02
  -1.2976100e-01  -6.1507298e-02
  -3.7632999e-02  -1.1814500e-01
   6.8352798e-02  -1.2194100e-01
   1.6115100e-01  -7.3339798e-02
   2.1745999e-01   1.4373200e-02
   2.2337499e-01   1.1852400e-01
   1.7766000e-01   2.1276299e-01
   9.1855897e-02   2.7360699e-01
  -1.2750700e-02   2.8619299e-01
  -1.1053800e-01   2.4782899e-01
  -1.7796000e-01   1.6848900e-01
  -1.9936099e-01   6.8165598e-02
  -1.7077600e-01  -2.8234399e-02
  -1.0077600e-01  -9.7159597e-02
  -8.1849298e-03  -1.2228400e-01
   8.2732498e-02  -9.8522697e-02
   1.4840500e-01  -3.3205599e-02
   1.7186900e-01   5.5852798e-02
   1.4698700e-01   1.4489300e-01
   7.9948198e-02   2.1020999e-01
  -1.2329100e-02   2.3410599e-01
  -1.0646300e-01   2.0932799e-01
  -1.7847199e-01   1.4086900e-01
  -2.0977599e-01   4.4721699e-02
  -1.9182899e-01  -5.6112698e-02
  -1.2824900e-01  -1.3734600e-01
  -3.3917799e-02  -1.7943099e-01
   6.8717598e-02  -1.7240100e-01
   1.5520200e-01  -1.1831300e-01
   2.0511299e-01  -3.0701899e-02
   2.0707499e-01   6.8794598e-02
   1.6151200e-01   1.5581400e-01
   8.0463898e-02   2.0928099e-01
  -1.5469000e-02   2.1657199e-01
  -1.0228300e-01   1.7654799e-01
  -1.5852400e-01   9.9716497e-02
  -1.7056000e-01   5.5008198e-03
  -1.3585200e-01  -8.2678898e-02
  -6.3432198e-02  -1.4326800e-01
   2.8514799e-02  -1.6190700e-01
   1.1733300e-01  -1.3490000e-01
   1.8164299e-01  -6.9959498e-02
   2.0669299e-01   1.5933900e-02
   1.8796999e-01   1.0099100e-01
   1.3216200e-01   1.6424100e-01
   5.5245998e-02   1.9088599e-01
  -2.1787299e-02   1.7601099e-01
  -7.8461898e-02   1.2571200e-01
  -1.0017000e-01   5.5354498e-02
  -8.1963298e-02  -1.4571700e-02
  -2.9802399e-02  -6.3924298e-02
   4.1063399e-02  -7.8287298e-02
   1.1017100e-01  -5.2848998e-02
   1.5732200e-01   6.2410798e-03
   1.6803200e-01   8.3409998e-02
   1.3753500e-01   1.5772000e-01
   7.2262298e-02   2.0840899e-01
  -1.1625500e-02   2.2049199e-01
  -9.2306597e-02   1.8893599e-01
  -1.4796400e-01   1.2031600e-01
  -1.6259200e-01   3.1443399e-02
  -1.3043600e-01  -5.4718098e-02
  -5.7884098e-02  -1.1487000e-01
   3.7738799e-02  -1.3145400e-01
   1.3224700e-01  -9.7426797e-02
   2.0055099e-01  -1.8484799e-02
   2.2303999e-01   8.7901997e-02
   1.9075299e-01   1.9647399e-01
   1.0802600e-01   2.8024999e-01
  -8.1271798e-03   3.1720199e-01
  -1.3181400e-01   2.9586999e-01
  -2.3435599e-01   2.1850299e-01
  -2.9122099e-01   1.0088800e-01
  -2.8806899e-01  -3.1142799e-02
  -2.2444299e-01  -1.4772800e-01
  -1.1413400e-01  -2.2206899e-01
   1.7899899e-02  -2.3688599e-01
   1.4133400e-01  -1.8864399e-01
   2.2763099e-01  -8.8519497e-02
   2.5680599e-01   4.0163699e-02
   2.2216699e-01   1.6740899e-01
   1.3189200e-01   2.6361999e-01
   7.0501198e-03   3.0657399e-01
  -1.2343500e-01   2.8659599e-01
  -2.2965999e-01   2.0871999e-01
  -2.8778299e-01   9.1325497e-02
  -2.8553599e-01  -3.8386099e-02
  -2.2490799e-01  -1.5095300e-01
  -1.2137500e-01  -2.2164299e-01
   6.5924098e-05  -2.3617899e-01
   1.1106700e-01  -1.9385099e-01
   1.8675499e-01  -1.0729300e-01
   2.1155299e-01   9.3571797e-04
   1.8261299e-01   1.0407600e-01
   1.1005900e-01   1.7775499e-01
   1.4079700e-02   2.0579999e-01
  -8.0352098e-02   1.8387699e-01
  -1.4977700e-01   1.2011500e-01
  -1.7797699e-01   3.2642899e-02
  -1.5973400e-01  -5.5281498e-02
  -1.0173500e-01  -1.2126300e-01
  -2.0478399e-02  -1.4937100e-01
   6.2234598e-02  -1.3395100e-01
   1.2501600e-01  -8.0736897e-02
   1.5235100e-01  -5.0413198e-03
   1.3843100e-01   7.2448598e-02
   8.8407497e-02   1.3115300e-01
   1.6814699e-02   1.5593800e-01
  -5.6397798e-02   1.4095800e-01
  -1.1116300e-01   9.1028597e-02
  -1.3255200e-01   2.0236499e-02
  -1.1463600e-01  -5.1842498e-02
  -6.1983798e-02  -1.0530600e-01
   1.1566600e-02  -1.2513600e-01
   8.6529697e-02  -1.0512300e-01
   1.4283900e-01  -4.9494798e-02
   1.6505799e-01   2.8134299e-02
   1.4639300e-01   1.0824100e-01
   9.0501397e-02   1.7037999e-01
   1.0626300e-02   1.9842099e-01
  -7.3714298e-02   1.8469199e-01
  -1.4164000e-01   1.3199400e-01
  -1.7617899e-01   5.2958398e-02
  -1.6856899e-01  -3.3068999e-02
  -1.2050200e-01  -1.0484800e-01
  -4.3746599e-02  -1.4454700e-01
   4.2742699e-02  -1.4220100e-01
   1.1752000e-01  -9.8207497e-02
   1.6195999e-01  -2.3252999e-02
   1.6486499e-01   6.4328698e-02
   1.2522600e-01   1.4308100e-01
   5.2455898e-02   1.9371599e-01
  -3.5955399e-02   2.0384699e-01
  -1.1876700e-01   1.7100899e-01
  -1.7621599e-01   1.0320200e-01
  -1.9484999e-01   1.6870299e-02
  -1.7077599e-01  -6.7193898e-02
  -1.1052500e-01  -1.2898100e-01
  -2.9355199e-02  -1.5415500e-01
   5.2586698e-02  -1.3751100e-01
   1.1525900e-01  -8.4139897e-02
   1.4364800e-01  -8.0592597e-03
   1.3138800e-01   7.1348398e-02
   8.2219897e-02   1.3417200e-01
   8.9349897e-03   1.6488299e-01
  -6.9901998e-02   1.5610599e-01
  -1.3461000e-01   1.1032400e-01
  -1.6926599e-01   3.9139499e-02
  -1.6559299e-01  -3.9724699e-02
  -1.2489700e-01  -1.0688500e-01
  -5.7618398e-02  -1.4611900e-01
   1.9378399e-02  -1.4833900e-01
   8.7071797e-02  -1.1374200e-01
   1.2902600e-01  -5.1640398e-02
   1.3543500e-01   2.1976199e-02
   1.0546300e-01   8.8498497e-02
   4.7338498e-02   1.3135600e-01
  -2.3817099e-02   1.4010800e-01
  -8.9835697e-02   1.1296500e-01
  -1.3406500e-01   5.7117698e-02
  -1.4549800e-01  -1.3157200e-02
  -1.2144200e-01  -8.0145197e-02
  -6.8097698e-02  -1.2714700e-01
   1.0933200e-03  -1.4263200e-01
   6.8882598e-02  -1.2305200e-01
   1.1855900e-01  -7.3640398e-02
   1.3811500e-01  -7.0092598e-03
   1.2319100e-01   6.0079698e-02
   7.8088797e-02   1.1094600e-01
   1.4604400e-02   1.3316000e-01
  -5.0996098e-02   1.2161300e-01
  -1.0209300e-01   7.9726797e-02
  -1.2588500e-01   1.8524499e-02
  -1.1657000e-01  -4.6200898e-02
  -7.6754497e-02  -9.7888197e-02
  -1.6745499e-02  -1.2337800e-01
   4.8087498e-02  -1.1620700e-01
   1.0120400e-01  -7.8207897e-02
   1.2906300e-01  -1.9019099e-02
   1.2453200e-01   4.6361398e-02
   8.8675997e-02   1.0136400e-01
   3.0485799e-02   1.3202200e-01
  -3.5379399e-02   1.3049700e-01
  -9.2276897e-02   9.7063597e-02
  -1.2576700e-01   4.0059799e-02
  -1.2725800e-01  -2.6180699e-02
  -9.6190797e-02  -8.4910997e-02
  -4.0228099e-02  -1.2117000e-01
   2.6626499e-02  -1.2555300e-01
   8.7499297e-02  -9.6614897e-02
   1.2686000e-01  -4.1292399e-02
   1.3442700e-01   2.6765799e-02
   1.0778800e-01   9.0556897e-02
   5.3079698e-02   1.3394700e-01
  -1.6464999e-02   1.4570899e-01
  -8.3746097e-02   1.2237700e-01
  -1.3202100e-01   6.9189098e-02
  -1.4907899e-01  -1.1305900e-03
  -1.3032300e-01  -7.1457298e-02
  -7.9992197e-02  -1.2447900e-01
  -1.0198000e-02  -1.4699699e-01
   6.2006298e-02  -1.3324100e-01
   1.1881000e-01  -8.6379597e-02
   1.4605799e-01  -1.7814299e-02
   1.3680400e-01   5.5567798e-02
   9.3095197e-02   1.1553800e-01
   2.5556199e-02   1.4703799e-01
  -4.9176298e-02   1.4195400e-01
  -1.1253100e-01   1.0119400e-01
  -1.4860199e-01   3.4549099e-02
  -1.4813099e-01  -4.1665699e-02
  -1.1087100e-01  -1.0860700e-01
  -4.5733298e-02  -1.4957399e-01
   3.1349199e-02  -1.5419199e-01
   1.0133000e-01  -1.2105100e-01
   1.4676899e-01  -5.8147498e-02
   1.5620299e-01   1.9027699e-02
   1.2706000e-01   9.1286397e-02
   6.6389198e-02   1.4050100e-01
  -1.0810700e-02   1.5414699e-01
  -8.5264897e-02   1.2848500e-01
  -1.3820100e-01   6.9585298e-02
  -1.5604799e-01  -8.0983297e-03
  -1.3388500e-01  -8.5259397e-02
  -7.6751297e-02  -1.4251999e-01
   1.5134699e-03  -1.6527299e-01
   8.1644697e-02  -1.4738099e-01
   1.4371399e-01  -9.2782297e-02
   1.7209499e-01  -1.4602799e-02
   1.5940199e-01   6.8041698e-02
   1.0838900e-01   1.3476100e-01
   3.1345399e-02   1.6895799e-01
  -5.2900598e-02   1.6198699e-01
  -1.2362700e-01   1.1534800e-01
  -1.6335599e-01   4.0367299e-02
  -1.6221099e-01  -4.4574298e-02
  -1.2039500e-01  -1.1858200e-01
  -4.8161398e-02  -1.6342899e-01
   3.6714399e-02  -1.6808099e-01
   1.1334300e-01  -1.3143700e-01
   1.6290699e-01  -6.2598298e-02
   1.7332499e-01   2.1407599e-02
   1.4223499e-01   9.9876196e-02
   7.7543797e-02   1.5357999e-01
  -4.5861198e-03   1.6953699e-01
  -8.3800697e-02   1.4420699e-01
  -1.4064799e-01   8.4308097e-02
  -1.6141999e-01   5.0678498e-03
  -1.4151999e-01  -7.3645697e-02
  -8.6537797e-02  -1.3232900e-01
  -1.0750400e-02  -1.5671899e-01
   6.6541398e-02  -1.4132099e-01
   1.2591200e-01  -9.0695997e-02
   1.5269899e-01  -1.8213599e-02
   1.4065399e-01   5.7411598e-02
   9.3436997e-02   1.1690000e-01
   2.3590199e-02   1.4529299e-01
  -5.0719998e-02   1.3570599e-01
  -1.1036700e-01   9.1004597e-02
  -1.4013299e-01   2.3001099e-02
  -1.3255900e-01  -5.0618198e-02
  -8.9790797e-02  -1.1083500e-01
  -2.2985299e-02  -1.4215699e-01
   5.0576498e-02  -1.3654699e-01
   1.1191600e-01  -9.5453696e-02
   1.4519899e-01  -2.9415799e-02
   1.4176199e-01   4.4635398e-02
   1.0231700e-01   1.0768600e-01
   3.6769599e-02   1.4347299e-01
  -3.8279399e-02   1.4260699e-01
  -1.0372600e-01   1.0496900e-01
  -1.4278099e-01   3.9759399e-02
  -1.4520799e-01  -3.6789799e-02
  -1.0991400e-01  -1.0547100e-01
  -4.5258198e-02  -1.4889899e-01
   3.3002099e-02  -1.5585999e-01
   1.0560600e-01  -1.2412200e-01
   1.5455499e-01  -6.1015898e-02
   1.6756199e-01   1.8344699e-02
   1.4109499e-01   9.4772696e-02
   8.1254297e-02   1.4970899e-01
   2.2901699e-03   1.6976199e-01
  -7.6872797e-02   1.4997999e-01
  -1.3724299e-01   9.5040796e-02
  -1.6436899e-01   1.8103499e-02
  -1.5181799e-01  -6.2400898e-02
  -1.0270200e-01  -1.2723900e-01
  -2.8871399e-02  -1.6100799e-01
   5.1980198e-02  -1.5581299e-01
   1.2060800e-01  -1.1310700e-01
   1.6083299e-01  -4.3255598e-02
   1.6338599e-01   3.7025699e-02
   1.2803400e-01   1.0873400e-01
   6.3532198e-02   1.5514199e-01
  -1.4590499e-02   1.6575399e-01
  -8.7832097e-02   1.3871099e-01
  -1.3917299e-01   8.1098397e-02
  -1.5710699e-01   7.0992997e-03
  -1.3827899e-01  -6.5517697e-02
  -8.8126397e-02  -1.1970700e-01
  -1.9399899e-02  -1.4320199e-01
   5.1046998e-02  -1.3134199e-01
   1.0638500e-01  -8.8018697e-02
   1.3384799e-01  -2.4537499e-02
   1.2769900e-01   4.3279198e-02
   9.0436996e-02   9.9018396e-02
   3.1983299e-02   1.2965599e-01
  -3.2922499e-02   1.2862200e-01
  -8.8430397e-02   9.7220696e-02
  -1.2147400e-01   4.4100298e-02
  -1.2489100e-01  -1.7070499e-02
  -9.9013396e-02  -7.1096797e-02
  -5.1375598e-02  -1.0504800e-01
   5.3527698e-03  -1.1139300e-01
   5.6662898e-02  -8.9728396e-02
   8.9883796e-02  -4.6675198e-02
   9.7315496e-02   5.9680398e-03
   7.8043497e-02   5.4342698e-02
   3.7999499e-02   8.6098897e-02
  -1.1715400e-02   9.3511296e-02
  -5.7794698e-02   7.5356397e-02
  -8.8202697e-02   3.7094199e-02
  -9.5269696e-02  -1.0672900e-02
  -7.7616697e-02  -5.5045298e-02
  -4.0426198e-02  -8.4233297e-02
   5.9953998e-03  -9.0640396e-02
   4.8981198e-02  -7.2828497e-02
   7.6868597e-02  -3.5860499e-02
   8.2090297e-02   1.0063300e-02
   6.3184597e-02   5.2317398e-02
   2.5203499e-02   7.9205797e-02
  -2.1595099e-02   8.3084497e-02
  -6.4434497e-02   6.2435398e-02
  -9.1392896e-02   2.2343099e-02
  -9.4586896e-02  -2.6762099e-02
  -7.2332997e-02  -7.1781897e-02
  -2.9711099e-02  -1.0036700e-01
   2.2633899e-02  -1.0419100e-01
   7.1165497e-02  -8.1228897e-02
   1.0292900e-01  -3.6433999e-02
   1.0894100e-01   1.9380499e-02
   8.6614097e-02   7.2199897e-02
   4.0585198e-02   1.0834200e-01
  -1.8296199e-02   1.1797300e-01
  -7.5584897e-02   9.7714096e-02
  -1.1682100e-01   5.1645998e-02
  -1.3118099e-01  -9.5478696e-03
  -1.1427400e-01  -7.1124297e-02
  -6.9367397e-02  -1.1788200e-01
  -6.7200397e-03  -1.3792999e-01
   5.8838198e-02  -1.2569099e-01
   1.1148900e-01  -8.3364697e-02
   1.3829099e-01  -2.0494899e-02
   1.3236799e-01   4.8280498e-02
   9.4639296e-02   1.0674300e-01
   3.3642699e-02   1.4101199e-01
  -3.6491699e-02   1.4290599e-01
  -9.9433696e-02   1.1191900e-01
  -1.4057399e-01   5.5340898e-02
  -1.5051999e-01  -1.3516199e-02
  -1.2730499e-01  -7.8532997e-02
  -7.6807897e-02  -1.2465099e-01
  -1.1261700e-02  -1.4145299e-01
   5.3735298e-02  -1.2558199e-01
   1.0298400e-01  -8.1437897e-02
   1.2529199e-01  -1.9994799e-02
   1.1606600e-01   4.3934098e-02
   7.8259597e-02   9.5306496e-02
   2.1497699e-02   1.2244099e-01
  -4.0385698e-02   1.1972100e-01
  -9.2766496e-02   8.8774696e-02
  -1.2375399e-01   3.7882698e-02
  -1.2696599e-01  -2.0205399e-02
  -1.0289600e-01  -7.1476797e-02
  -5.8578698e-02  -1.0407900e-01
  -5.6750298e-03  -1.1112300e-01
   4.2512198e-02  -9.2199996e-02
   7.4342197e-02  -5.3271098e-02
   8.2638797e-02  -5.0030798e-03
   6.6319197e-02   4.0006798e-02
   3.0478999e-02   7.0405697e-02
  -1.5051599e-02   7.8870797e-02
  -5.8287898e-02   6.3827397e-02
  -8.8145496e-02   2.9699399e-02
  -9.7205296e-02  -1.4338599e-02
