   1.2041900e+01   2.2181100e-06
   1.1638200e+01   2.9374800e+00
   1.0488800e+01   5.6599000e+00
   8.6801100e+00   7.9771500e+00
   6.3465000e+00   9.7300500e+00
   3.6598700e+00   1.0802100e+01
   8.1648100e-01   1.1128000e+01
  -1.9779000e+00   1.0697900e+01
  -4.5235100e+00   9.5582900e+00
  -6.6416100e+00   7.8073800e+00
  -8.1876800e+00   5.5876700e+00
  -9.0620600e+00   3.0745600e+00
  -9.2170000e+00   4.6286900e-01
  -8.6597300e+00  -2.0482100e+00
  -7.4513500e+00  -4.2702700e+00
  -5.7015400e+00  -6.0398800e+00
  -3.5596600e+00  -7.2308700e+00
  -1.2028500e+00  -7.7634900e+00
   1.1778600e+00  -7.6100300e+00
   3.3924400e+00  -6.7963900e+00
   5.2664600e+00  -5.3994500e+00
   6.6544500e+00  -3.5405800e+00
   7.4508300e+00  -1.3757500e+00
   7.5977100e+00   9.1694700e-01
   7.0888700e+00   3.1513600e+00
   5.9697400e+00   5.1478700e+00
   4.3333900e+00   6.7473300e+00
   2.3127800e+00   7.8233300e+00
   7.0011900e-02   8.2917700e+00
  -2.2166200e+00   8.1170800e+00
  -4.3667200e+00   7.3146100e+00
  -6.2119600e+00   5.9490100e+00
  -7.6092300e+00   4.1287700e+00
  -8.4516500e+00   1.9973500e+00
  -8.6767300e+00  -2.7829700e-01
  -8.2709500e+00  -2.5211000e+00
  -7.2705300e+00  -4.5578200e+00
  -5.7582200e+00  -6.2327000e+00
  -3.8564600e+00  -7.4196300e+00
  -1.7175300e+00  -8.0319200e+00
   4.8869000e-01  -8.0289000e+00
   2.5882500e+00  -7.4189100e+00
   4.4168900e+00  -6.2583600e+00
   5.8330300e+00  -4.6470200e+00
   6.7288600e+00  -2.7199600e+00
   7.0387700e+00  -6.3662600e-01
   6.7444500e+00   1.4318400e+00
   5.8761000e+00   3.3162900e+00
   4.5100200e+00   4.8629600e+00
   2.7623500e+00   5.9457400e+00
   7.7984300e-01   6.4760700e+00
  -1.2718500e+00   6.4100500e+00
  -3.2213800e+00   5.7518600e+00
  -4.9052900e+00   4.5534600e+00
  -6.1810200e+00   2.9105300e+00
  -6.9382500e+00   9.5494100e-01
  -7.1077000e+00  -1.1556500e+00
  -6.6667300e+00  -3.2501800e+00
  -5.6412800e+00  -5.1576500e+00
  -4.1039600e+00  -6.7206300e+00
  -2.1685300e+00  -7.8077000e+00
   1.8887100e-02  -8.3238400e+00
   2.2911000e+00  -8.2180500e+00
   4.4728400e+00  -7.4875100e+00
   6.3944100e+00  -6.1780000e+00
   7.9048600e+00  -4.3805400e+00
   8.8838400e+00  -2.2244800e+00
   9.2509400e+00   1.3231800e-01
   8.9721400e+00   2.5156300e+00
   8.0624900e+00   4.7482000e+00
   6.5851400e+00   6.6634100e+00
   4.6465900e+00   8.1180800e+00
   2.3885900e+00   9.0034900e+00
  -2.2613000e-02   9.2537300e+00
  -2.4090400e+00   8.8508600e+00
  -4.5945000e+00   7.8262000e+00
  -6.4181000e+00   6.2580300e+00
  -7.7464500e+00   4.2655300e+00
  -8.4838600e+00   1.9996800e+00
  -8.5795800e+00  -3.6827400e-01
  -8.0315500e+00  -2.6599600e+00
  -6.8864800e+00  -4.7034500e+00
  -5.2361600e+00  -6.3464000e+00
  -3.2103300e+00  -7.4675600e+00
  -9.6662300e-01  -7.9859600e+00
   1.3215100e+00  -7.8669600e+00
   3.4781600e+00  -7.1246700e+00
   5.3383700e+00  -5.8207300e+00
   6.7607400e+00  -4.0593800e+00
   7.6380900e+00  -1.9792900e+00
   7.9055500e+00   2.5720600e-01
   7.5453400e+00   2.4766200e+00
   6.5878300e+00   4.5077100e+00
   5.1090700e+00   6.1945200e+00
   3.2246700e+00   7.4083400e+00
   1.0807500e+00   8.0573800e+00
  -1.1574500e+00   8.0936200e+00
  -3.3183100e+00   7.5163000e+00
  -5.2371000e+00   6.3717000e+00
  -6.7685700e+00   4.7493100e+00
  -7.7980100e+00   2.7747000e+00
  -8.2498400e+00   5.9969600e-01
  -8.0932900e+00  -1.6095000e+00
  -7.3443900e+00  -3.6851800e+00
  -6.0645100e+00  -5.4710300e+00
  -4.3553100e+00  -6.8341300e+00
  -2.3506600e+00  -7.6750200e+00
  -2.0606700e-01  -7.9351900e+00
   1.9134400e+00  -7.6013200e+00
   3.8461600e+00  -6.7059700e+00
   5.4462100e+00  -5.3247800e+00
   6.5947000e+00  -3.5703100e+00
   7.2087900e+00  -1.5830600e+00
   7.2478500e+00   4.7963100e-01
   6.7163600e+00   2.4559300e+00
   5.6632600e+00   4.1921200e+00
   4.1778300e+00   5.5545300e+00
   2.3825100e+00   6.4398400e+00
   4.2307800e-01   6.7829500e+00
  -1.5428100e+00   6.5618400e+00
  -3.3580500e+00   5.7990900e+00
  -4.8784100e+00   4.5598000e+00
  -5.9837300e+00   2.9463600e+00
  -6.5872400e+00   1.0901900e+00
  -6.6422000e+00  -8.5866600e-01
  -6.1454800e+00  -2.7433900e+00
  -5.1375300e+00  -4.4127400e+00
  -3.6991600e+00  -5.7328700e+00
  -1.9450300e+00  -6.5978100e+00
  -1.4569300e-02  -6.9376800e+00
   1.9390200e+00  -6.7241100e+00
   3.7608100e+00  -5.9723500e+00
   5.3062600e+00  -4.7400100e+00
   6.4525600e+00  -3.1224700e+00
   7.1082000e+00  -1.2453700e+00
   7.2200600e+00   7.4528300e-01
   6.7775200e+00   2.6945100e+00
   5.8133000e+00   4.4504900e+00
   4.4007700e+00   5.8764200e+00
   2.6482500e+00   6.8611100e+00
   6.9055200e-01   7.3276900e+00
  -1.3215900e+00   7.2394800e+00
  -3.2332100e+00   6.6028600e+00
  -4.8971700e+00   5.4667000e+00
  -6.1856000e+00   3.9185400e+00
  -6.9997500e+00   2.0777000e+00
  -7.2776500e+00   8.6057500e-02
  -6.9988300e+00  -1.9030500e+00
  -6.1858700e+00  -3.7366700e+00
  -4.9025700e+00  -5.2741200e+00
  -3.2489100e+00  -6.3978300e+00
  -1.3533100e+00  -7.0224100e+00
   6.3743200e-01  -7.1011800e+00
   2.5695000e+00  -6.6297300e+00
   4.2939600e+00  -5.6461100e+00
   5.6783000e+00  -4.2278700e+00
   6.6166100e+00  -2.4858900e+00
   7.0377300e+00  -5.5577600e-01
   6.9106200e+00   1.4127000e+00
   6.2466900e+00   3.2672500e+00
   5.0988000e+00   4.8647800e+00
   3.5570200e+00   6.0825000e+00
   1.7416300e+00   6.8273100e+00
  -2.0634700e-01   7.0429500e+00
  -2.1360700e+00   6.7141800e+00
  -3.8985600e+00   5.8678900e+00
  -5.3582300e+00   4.5708500e+00
  -6.4033500e+00   2.9244600e+00
  -6.9545500e+00   1.0567400e+00
  -6.9708900e+00  -8.8760900e-01
  -6.4528900e+00  -2.7584700e+00
  -5.4423500e+00  -4.4119400e+00
  -4.0189500e+00  -5.7214500e+00
  -2.2939900e+00  -6.5874500e+00
  -4.0160700e-01  -6.9450700e+00
   1.5116200e+00  -6.7689800e+00
   3.2981300e+00  -6.0752200e+00
   4.8207400e+00  -4.9197700e+00
   5.9633000e+00  -3.3941000e+00
   6.6395400e+00  -1.6179500e+00
   6.7996900e+00   2.7011200e-01
   6.4341700e+00   2.1234200e+00
   5.5741900e+00   3.7986900e+00
   4.2891700e+00   5.1670600e+00
   2.6811800e+00   6.1240600e+00
   8.7693900e-01   6.5976500e+00
  -9.8214500e-01   6.5536300e+00
  -2.7510100e+00   5.9982000e+00
  -4.2922300e+00   4.9773400e+00
  -5.4866500e+00   3.5730600e+00
  -6.2425900e+00   1.8968900e+00
  -6.5029000e+00   8.1153400e-02
  -6.2492800e+00  -1.7314300e+00
  -5.5035600e+00  -3.3988700e+00
  -4.3259100e+00  -4.7909600e+00
  -2.8100300e+00  -5.7993800e+00
  -1.0757300e+00  -6.3460200e+00
   7.4038000e-01  -6.3890600e+00
   2.4956600e+00  -5.9260500e+00
   4.0525100e+00  -4.9940500e+00
   5.2890400e+00  -3.6666500e+00
   6.1085700e+00  -2.0481600e+00
   6.4470700e+00  -2.6541200e-01
   6.2780700e+00   1.5420900e+00
   5.6146400e+00   3.2331000e+00
   4.5083300e+00   4.6755600e+00
   3.0450900e+00   5.7568500e+00
   1.3385100e+00   6.3925200e+00
  -4.7899900e-01   6.5327400e+00
  -2.2665100e+00   6.1661800e+00
  -3.8855400e+00   5.3207600e+00
  -5.2107100e+00   4.0614400e+00
  -6.1395200e+00   2.4851600e+00
  -6.6001300e+00   7.1324100e-01
  -6.5569500e+00  -1.1180000e+00
  -6.0132800e+00  -2.8678400e+00
  -5.0109500e+00  -4.4020100e+00
  -3.6270700e+00  -5.6030500e+00
  -1.9679700e+00  -6.3793200e+00
  -1.6093100e-01  -6.6720300e+00
   1.6556700e+00  -6.4596900e+00
   3.3430700e+00  -5.7596200e+00
   4.7727800e+00  -4.6265800e+00
   5.8364800e+00  -3.1483800e+00
   6.4542800e+00  -1.4390400e+00
   6.5807900e+00   3.7008500e-01
   6.2084800e+00   2.1404500e+00
   5.3681300e+00   3.7370600e+00
   4.1263000e+00   5.0388100e+00
   2.5801000e+00   5.9477800e+00
   8.4953800e-01   6.3966500e+00
  -9.3179700e-01   6.3537900e+00
  -2.6270900e+00   5.8255100e+00
  -4.1068500e+00   4.8554300e+00
  -5.2588800e+00   3.5209000e+00
  -5.9968200e+00   1.9268900e+00
  -6.2667100e+00   1.9778500e-01
  -6.0509600e+00  -1.5323600e+00
  -5.3695400e+00  -3.1301800e+00
  -4.2782500e+00  -4.4733400e+00
  -2.8642000e+00  -5.4598900e+00
  -1.2389000e+00  -6.0160800e+00
   4.7047100e-01  -6.1018800e+00
   2.1310100e+00  -5.7139200e+00
   3.6144200e+00  -4.8855400e+00
   4.8069400e+00  -3.6840300e+00
   5.6180700e+00  -2.2051700e+00
   5.9874600e+00  -5.6571700e-01
   5.8894700e+00   1.1058500e+00
   5.3349400e+00   2.6793100e+00
   4.3701800e+00   4.0328900e+00
   3.0731500e+00   5.0626500e+00
   1.5472500e+00   5.6905200e+00
  -8.6869300e-02   5.8702200e+00
  -1.7008100e+00   5.5907300e+00
  -3.1684800e+00   4.8769400e+00
  -4.3758800e+00   3.7875900e+00
  -5.2300100e+00   2.4104900e+00
  -5.6660200e+00   8.5550400e-01
  -5.6521200e+00  -7.5406400e-01
  -5.1919700e+00  -2.2912300e+00
  -4.3242600e+00  -3.6352700e+00
  -3.1194900e+00  -4.6811000e+00
  -1.6744000e+00  -5.3475300e+00
  -1.0426600e-01  -5.5834800e+00
   1.4661900e+00  -5.3718800e+00
   2.9125900e+00  -4.7309600e+00
   4.1206300e+00  -3.7126900e+00
   4.9950800e+00  -2.3986300e+00
   5.4671200e+00  -8.9346100e-01
   5.4997500e+00   6.8324700e-01
   5.0905900e+00   2.2064500e+00
   4.2720500e+00   3.5554200e+00
   3.1086900e+00   4.6232200e+00
   1.6922100e+00   5.3250200e+00
   1.3417100e-01   5.6047800e+00
  -1.4427100e+00   5.4395400e+00
  -2.9141500e+00   4.8412700e+00
  -4.1640600e+00   3.8558600e+00
  -5.0935300e+00   2.5595700e+00
  -5.6286200e+00   1.0530500e+00
  -5.7261000e+00  -5.4647500e-01
  -5.3767900e+00  -2.1143600e+00
  -4.6063200e+00  -3.5282500e+00
  -3.4731400e+00  -4.6775400e+00
  -2.0639600e+00  -5.4720600e+00
  -4.8705400e-01  -5.8489800e+00
   1.1361300e+00  -5.7777600e+00
   2.6804100e+00  -5.2625100e+00
   4.0265000e+00  -4.3416400e+00
   5.0703100e+00  -3.0849500e+00
   5.7309300e+00  -1.5881700e+00
   5.9568700e+00   3.4370300e-02
   5.7300600e+00   1.6586000e+00
   5.0672200e+00   3.1602800e+00
   4.0185300e+00   4.4245300e+00
   2.6637500e+00   5.3546900e+00
   1.1060700e+00   5.8797400e+00
  -5.3583400e-01   5.9597200e+00
  -2.1369800e+00   5.5887200e+00
  -3.5756300e+00   4.7953600e+00
  -4.7426700e+00   3.6404400e+00
  -5.5499000e+00   2.2122700e+00
  -5.9367800e+00   6.1984700e-01
  -5.8750100e+00  -1.0156100e+00
  -5.3705700e+00  -2.5699100e+00
  -4.4631900e+00  -3.9254700e+00
  -3.2231600e+00  -4.9802400e+00
  -1.7459000e+00  -5.6555300e+00
  -1.4448700e-01  -5.9018800e+00
   1.4590200e+00  -5.7027600e+00
   2.9430000e+00  -5.0757200e+00
   4.1955500e+00  -4.0708400e+00
   5.1230800e+00  -2.7667700e+00
   5.6573000e+00  -1.2645700e+00
   5.7604000e+00   3.2019900e-01
   5.4277700e+00   1.8663600e+00
   4.6881500e+00   3.2565000e+00
   3.6012300e+00   4.3859500e+00
   2.2529100e+00   5.1707200e+00
   7.4850000e-01   5.5538800e+00
  -7.9547400e-01   5.5097500e+00
  -2.2603400e+00   5.0456700e+00
  -3.5344100e+00   4.2012200e+00
  -4.5215900e+00   3.0449900e+00
  -5.1486500e+00   1.6690400e+00
  -5.3707400e+00   1.8166400e-01
  -5.1746900e+00  -1.3011000e+00
  -4.5797900e+00  -2.6645000e+00
  -3.6360900e+00  -3.8039600e+00
  -2.4203000e+00  -4.6331300e+00
  -1.0296600e+00  -5.0904400e+00
   4.2575000e-01  -5.1437500e+00
   1.8316400e+00  -4.7926100e+00
   3.0784800e+00  -4.0681500e+00
   4.0699400e+00  -3.0304200e+00
   4.7303800e+00  -1.7635200e+00
   5.0106000e+00  -3.6889800e-01
   4.8915100e+00   1.0426700e+00
   4.3855000e+00   2.3598000e+00
   3.5352500e+00   3.4792200e+00
   2.4102500e+00   4.3138200e+00
   1.1012100e+00   4.7993900e+00
  -2.8713600e-01   4.8995300e+00
  -1.6443400e+00   4.6084100e+00
  -2.8629200e+00   3.9510600e+00
  -3.8467700e+00   2.9813100e+00
  -4.5187100e+00   1.7774200e+00
  -4.8264200e+00   4.3589300e-01
  -4.7465400e+00  -9.3621900e-01
  -4.2863800e+00  -2.2297300e+00
  -3.4832700e+00  -3.3419000e+00
  -2.4015700e+00  -4.1845400e+00
  -1.1275300e+00  -4.6908600e+00
   2.3748200e-01  -4.8207100e+00
   1.5850200e+00  -4.5636800e+00
   2.8080400e+00  -3.9398900e+00
   3.8093400e+00  -2.9983700e+00
   4.5091400e+00  -1.8132200e+00
   4.8513600e+00  -4.7774000e-01
   4.8079700e+00   9.0286400e-01
   4.3812300e+00   2.2197100e+00
   3.6034800e+00   3.3687700e+00
   2.5346100e+00   4.2590200e+00
   1.2574100e+00   4.8195000e+00
  -1.2887700e-01   5.0049400e+00
  -1.5163100e+00   4.7992300e+00
  -2.7966400e+00   4.2167100e+00
  -3.8697300e+00   3.3011100e+00
  -4.6513300e+00   2.1221000e+00
  -5.0796600e+00   7.6996400e-01
  -5.1201900e+00  -6.5145700e-01
  -4.7683300e+00  -2.0327600e+00
  -4.0498000e+00  -3.2674600e+00
  -3.0186600e+00  -4.2602300e+00
  -1.7531200e+00  -4.9342700e+00
  -3.4949000e-01  -5.2372200e+00
   1.0852000e+00  -5.1452300e+00
   2.4415100e+00  -4.6647400e+00
   3.6159700e+00  -3.8320000e+00
   4.5190800e+00  -2.7102500e+00
   5.0821400e+00  -1.3848500e+00
   5.2625300e+00   4.3354100e-02
   5.0469600e+00   1.4657300e+00
   4.4524000e+00   2.7742700e+00
   3.5247500e+00   3.8698400e+00
   2.3352800e+00   4.6697800e+00
   9.7505800e-01   5.1142300e+00
  -4.5205500e-01   5.1706100e+00
  -1.8374000e+00   4.8360900e+00
  -3.0758900e+00   4.1376700e+00
  -4.0740100e+00   3.1300700e+00
  -4.7569900e+00   1.8913900e+00
  -5.0744500e+00   5.1705000e-01
  -5.0041600e+00  -8.8757300e-01
  -4.5536400e+00  -2.2153000e+00
  -3.7594300e+00  -3.3653600e+00
  -2.6842200e+00  -4.2510900e+00
  -1.4118200e+00  -4.8065400e+00
  -4.0692300e-02  -4.9914300e+00
   1.3237000e+00  -4.7940900e+00
   2.5770500e+00  -4.2322400e+00
   3.6242300e+00  -3.3514500e+00
   4.3865100e+00  -2.2215000e+00
   4.8075900e+00  -9.3085700e-01
   4.8577600e+00   4.2024600e-01
   4.5360700e+00   1.7275900e+00
   3.8702100e+00   2.8910600e+00
   2.9142100e+00   3.8223000e+00
   1.7441100e+00   4.4515100e+00
   4.5195300e-01   4.7327300e+00
  -8.6144100e-01   4.6472100e+00
  -2.0943300e+00   4.2047300e+00
  -3.1519500e+00   3.4426700e+00
  -3.9537800e+00   2.4229300e+00
  -4.4397700e+00   1.2269700e+00
  -4.5748300e+00  -5.0605300e-02
  -4.3514300e+00  -1.3095000e+00
  -3.7900300e+00  -2.4515400e+00
  -2.9373300e+00  -3.3883500e+00
  -1.8624600e+00  -4.0481200e+00
  -6.5151900e-01  -4.3811700e+00
   5.9928600e-01  -4.3636700e+00
   1.7911600e+00  -3.9994100e+00
   2.8304800e+00  -3.3193200e+00
   3.6360500e+00  -2.3789900e+00
   4.1454500e+00  -1.2541400e+00
   4.3197800e+00  -3.4666000e-02
   4.1466600e+00   1.1824600e+00
   3.6410500e+00   2.3008400e+00
   2.8440500e+00   3.2321400e+00
   1.8195000e+00   3.9030500e+00
   6.4902000e-01   4.2608900e+00
  -5.7453100e-01   4.2777700e+00
  -1.7542900e+00   3.9526300e+00
  -2.7970000e+00   3.3113100e+00
  -3.6203100e+00   2.4044400e+00
  -4.1591900e+00   1.3034300e+00
  -4.3709700e+00   9.4870200e-02
  -4.2386700e+00  -1.1262900e+00
  -3.7722500e+00  -2.2641500e+00
  -3.0078100e+00  -3.2293900e+00
  -2.0047700e+00  -3.9461800e+00
  -8.4113700e-01  -4.3581200e+00
   3.9252600e-01  -4.4325800e+00
   1.6002100e+00  -4.1632600e+00
   2.6879400e+00  -3.5706200e+00
   3.5710400e+00  -2.7002700e+00
   4.1807900e+00  -1.6194100e+00
   4.4696600e+00  -4.1156600e-01
   4.4150500e+00   8.2988700e-01
   4.0209700e+00   2.0090000e+00
   3.3177300e+00   3.0346900e+00
   2.3595600e+00   3.8277900e+00
   1.2203500e+00   4.3271700e+00
  -1.2054000e-02   4.4944500e+00
  -1.2427100e+00   4.3169300e+00
  -2.3769000e+00   3.8085500e+00
  -3.3274700e+00   3.0087400e+00
  -4.0215400e+00   1.9793800e+00
  -4.4061400e+00   7.9992600e-01
  -4.4522100e+00  -4.3873700e-01
  -4.1568400e+00  -1.6413300e+00
  -3.5434300e+00  -2.7155500e+00
  -2.6597900e+00  -3.5791800e+00
  -1.5744300e+00  -4.1664300e+00
  -3.7122600e-01  -4.4329300e+00
   8.5713800e-01  -4.3591300e+00
   2.0162900e+00  -3.9517200e+00
   3.0174900e+00  -3.2430400e+00
   3.7844300e+00  -2.2885000e+00
   4.2590800e+00  -1.1622600e+00
   4.4061300e+00   4.8588700e-02
   4.2156100e+00   1.2507700e+00
   3.7035600e+00   2.3520200e+00
   2.9107200e+00   3.2682400e+00
   1.8992800e+00   3.9299000e+00
   7.4801300e-01   4.2874200e+00
  -4.5390400e-01   4.3148400e+00
  -1.6137900e+00   4.0117800e+00
  -2.6426400e+00   3.4033600e+00
  -3.4619800e+00   2.5381100e+00
  -4.0099100e+00   1.4841600e+00
  -4.2457900e+00   3.2388700e-01
  -4.1533100e+00  -8.5255400e-01
  -3.7416100e+00  -1.9542100e+00
  -3.0445000e+00  -2.8963800e+00
  -2.1177300e+00  -3.6071700e+00
  -1.0345100e+00  -4.0329600e+00
   1.2014800e-01  -4.1425200e+00
   1.2561600e+00  -3.9293200e+00
   2.2853500e+00  -3.4119300e+00
   3.1282600e+00  -2.6324500e+00
   3.7203400e+00  -1.6531500e+00
   4.0168400e+00  -5.5156800e-01
   3.9962600e+00   5.8562000e-01
   3.6619000e+00   1.6693500e+00
   3.0414700e+00   2.6151200e+00
   2.1849400e+00   3.3495400e+00
   1.1604400e+00   3.8160200e+00
   4.8989900e-02   3.9790800e+00
  -1.0619000e+00   3.8270900e+00
  -2.0850800e+00   3.3730600e+00
  -2.9405000e+00   2.6535300e+00
  -3.5614800e+00   1.7257200e+00
  -3.8998300e+00   6.6293800e-01
  -3.9295600e+00  -4.5114600e-01
  -3.6488600e+00  -1.5290400e+00
  -3.0801600e+00  -2.4862700e+00
  -2.2683200e+00  -3.2479300e+00
  -1.2771300e+00  -3.7545300e+00
  -1.8424600e-01  -3.9665600e+00
   9.2485000e-01  -3.8675200e+00
   1.9635200e+00  -3.4652000e+00
   2.8507300e+00  -2.7909900e+00
   3.5172900e+00  -1.8973800e+00
   3.9112700e+00  -8.5389800e-01
   4.0019500e+00   2.5835000e-01
   3.7822300e+00   1.3530100e+00
   3.2690500e+00   2.3451500e+00
   2.5021200e+00   3.1579000e+00
   1.5407700e+00   3.7283400e+00
   4.5931300e-01   4.0123800e+00
  -6.5873600e-01   3.9881400e+00
  -1.7271200e+00   3.6575800e+00
  -2.6635500e+00   3.0463500e+00
  -3.3960300e+00   2.2017100e+00
  -3.8684000e+00   1.1888500e+00
  -4.0446800e+00   8.5835800e-02
  -3.9117500e+00  -1.0224800e+00
  -3.4803600e+00  -2.0510100e+00
  -2.7842000e+00  -2.9209900e+00
  -1.8772500e+00  -3.5660500e+00
  -8.2958100e-01  -3.9373000e+00
   2.7810500e-01  -4.0070500e+00
   1.3607400e+00  -3.7708700e+00
   2.3354500e+00  -3.2478800e+00
   3.1279200e+00  -2.4791600e+00
   3.6781500e+00  -1.5245700e+00
   3.9449400e+00  -4.5800500e-01
   3.9090600e+00   6.3831400e-01
   3.5746500e+00   1.6802200e+00
   2.9687700e+00   2.5880800e+00
   2.1392200e+00   3.2929500e+00
   1.1508100e+00   3.7418100e+00
   8.0241200e-02   3.9016000e+00
  -9.8982800e-01   3.7616700e+00
  -1.9772200e+00   3.3345300e+00
  -2.8065600e+00   2.6547100e+00
  -3.4150600e+00   1.7760500e+00
  -3.7573300e+00   7.6741600e-01
  -3.8087700e+00  -2.9268700e-01
  -3.5673800e+00  -1.3222500e+00
  -3.0538000e+00  -2.2421100e+00
  -2.3095700e+00  -2.9820500e+00
  -1.3938400e+00  -3.4862300e+00
  -3.7867600e-01  -3.7173900e+00
   6.5661300e-01  -3.6596700e+00
   1.6316500e+00  -3.3197200e+00
   2.4712300e+00  -2.7260600e+00
   3.1111600e+00  -1.9267400e+00
   3.5031800e+00  -9.8551300e-01
   3.6186100e+00   2.3202800e-02
   3.4505200e+00   1.0201900e+00
   3.0141500e+00   1.9276100e+00
   2.3455900e+00   2.6750800e+00
   1.4989000e+00   3.2051300e+00
   5.4175400e-01   3.4776000e+00
  -4.4984400e-01   3.4727300e+00
  -1.3975900e+00   3.1926200e+00
  -2.2269900e+00   2.6609400e+00
  -2.8731600e+00   1.9210100e+00
  -3.2859300e+00   1.0323500e+00
  -3.4336200e+00   6.5935900e-02
  -3.3055600e+00  -9.0137700e-01
  -2.9127900e+00  -1.7929100e+00
  -2.2871800e+00  -2.5381600e+00
  -1.4788600e+00  -3.0783100e+00
  -5.5223400e-01  -3.3708300e+00
   4.1907900e-01  -3.3927300e+00
   1.3580300e+00  -3.1423900e+00
   2.1902000e+00  -2.6396000e+00
   2.8496100e+00  -1.9240100e+00
   3.2838700e+00  -1.0519800e+00
   3.4583000e+00  -9.2174100e-02
   3.3585900e+00   8.7982600e-01
   2.9919600e+00   1.7874400e+00
   2.3865100e+00   2.5590800e+00
   1.5891000e+00   3.1337200e+00
   6.6164200e-01   3.4656600e+00
  -3.2369700e-01   3.5281100e+00
  -1.2901400e+00   3.3152500e+00
  -2.1622600e+00   2.8427100e+00
  -2.8718400e+00   2.1463500e+00
  -3.3632000e+00   1.2794900e+00
  -3.5974900e+00   3.0874700e-01
  -3.5557400e+00  -6.9108700e-01
  -3.2403000e+00  -1.6428600e+00
  -2.6746900e+00  -2.4730400e+00
  -1.9017600e+00  -3.1173700e+00
  -9.8041400e-01  -3.5258600e+00
   1.8965700e-02  -3.6666300e+00
   1.0199400e+00  -3.5283600e+00
   1.9459100e+00  -3.1211800e+00
   2.7259800e+00  -2.4758600e+00
   3.3004800e+00  -1.6414200e+00
   3.6254400e+00  -6.8136900e-01
   3.6760500e+00   3.3120200e-01
   3.4484800e+00   1.3192400e+00
   2.9601400e+00   2.2076300e+00
   2.2483600e+00   2.9289900e+00
   1.3674400e+00   3.4287600e+00
   3.8445500e-01   3.6694200e+00
  -6.2587000e-01   3.6332500e+00
  -1.5869400e+00   3.3236900e+00
  -2.4261300e+00   2.7649900e+00
  -3.0803600e+00   2.0002500e+00
  -3.5008300e+00   1.0881400e+00
  -3.6567600e+00   9.8278600e-02
  -3.5376300e+00  -8.9410800e-01
  -3.1538900e+00  -1.8139600e+00
  -2.5361000e+00  -2.5921200e+00
  -1.7324500e+00  -3.1706200e+00
  -8.0501600e-01  -3.5070400e+00
   1.7509100e-01  -3.5776500e+00
   1.1332100e+00  -3.3791600e+00
   1.9968900e+00  -2.9288400e+00
   2.7014000e+00  -2.2630400e+00
   3.1946700e+00  -1.4343100e+00
   3.4412000e+00  -5.0726300e-01
   3.4246600e+00   4.4651600e-01
   3.1490500e+00   1.3539800e+00
   2.6381900e+00   2.1462500e+00
   1.9338000e+00   2.7639500e+00
   1.0920800e+00   3.1616300e+00
   1.7934600e-01   3.3112500e+00
  -7.3324300e-01   3.2041600e+00
  -1.5751900e+00   2.8516400e+00
  -2.2821400e+00   2.2839000e+00
  -2.8008000e+00   1.5475400e+00
  -3.0930200e+00   7.0185200e-01
  -3.1386200e+00  -1.8590500e-01
  -2.9368600e+00  -1.0458100e+00
  -2.5063200e+00  -1.8107300e+00
  -1.8833500e+00  -2.4215600e+00
  -1.1190600e+00  -2.8317800e+00
  -2.7524500e-01  -3.0110000e+00
   5.8051600e-01  -2.9472400e+00
   1.3802200e+00  -2.6477700e+00
   2.0607700e+00  -2.1384000e+00
   2.5688900e+00  -1.4613300e+00
   2.8653100e+00  -6.7178800e-01
   2.9277100e+00   1.6641900e-01
   2.7524700e+00   9.8596500e-01
   2.3548200e+00   1.7213300e+00
   1.7676000e+00   2.3139400e+00
   1.0385700e+00   2.7168000e+00
   2.2661600e-01   2.8981300e+00
  -6.0295400e-01   2.8438500e+00
  -1.3835600e+00   2.5586200e+00
  -2.0526200e+00   2.0654800e+00
  -2.5564800e+00   1.4039500e+00
  -2.8546600e+00   6.2689500e-01
  -2.9229900e+00  -2.0363100e-01
  -2.7555500e+00  -1.0213200e+00
  -2.3650900e+00  -1.7608100e+00
  -1.7820600e+00  -2.3628800e+00
  -1.0521900e+00  -2.7790500e+00
  -2.3290700e-01  -2.9754700e+00
   6.1114800e-01  -2.9355400e+00
   1.4132300e+00  -2.6612400e+00
   2.1096800e+00  -2.1730400e+00
   2.6449600e+00  -1.5082500e+00
   2.9759900e+00  -7.1820900e-01
   3.0755400e+00   1.3578100e-01
   2.9343700e+00   9.8717600e-01
   2.5620300e+00   1.7693900e+00
   1.9861100e+00   2.4209600e+00
   1.2501500e+00   2.8903800e+00
   4.1028700e-01   3.1400700e+00
  -4.6907500e-01   3.1493700e+00
  -1.3202400e+00   2.9161200e+00
  -2.0774700e+00   2.4569000e+00
  -2.6820100e+00   1.8057900e+00
  -3.0867200e+00   1.0117100e+00
  -3.2596500e+00   1.3474600e-01
  -3.1865400e+00  -7.5851600e-01
  -2.8719700e+00  -1.6000800e+00
  -2.3389700e+00  -2.3257600e+00
  -1.6273000e+00  -2.8801100e+00
  -7.9040700e-01  -3.2206800e+00
   1.0868300e-01  -3.3212600e+00
   1.0021700e+00  -3.1738700e+00
   1.8226900e+00  -2.7893800e+00
   2.5084000e+00  -2.1966500e+00
   3.0077700e+00  -1.4403100e+00
   3.2834100e+00  -5.7735200e-01
   3.3149800e+00   3.2728500e-01
   3.1006300e+00   1.2056300e+00
   2.6571100e+00   1.9918900e+00
   2.0184600e+00   2.6274400e+00
   1.2333600e+00   3.0652700e+00
   3.6134200e-01   3.2734900e+00
  -5.3176600e-01   3.2377500e+00
  -1.3788700e+00   2.9622100e+00
  -2.1167400e+00   2.4691200e+00
  -2.6907900e+00   1.7970900e+00
  -3.0591900e+00   9.9800500e-01
  -3.1959900e+00   1.3302100e-01
  -3.0929900e+00  -7.3216500e-01
  -2.7602300e+00  -1.5323500e+00
  -2.2251600e+00  -2.2078100e+00
  -1.5303500e+00  -2.7088000e+00
  -7.3015200e-01  -2.9993300e+00
   1.1352300e-01  -3.0597600e+00
   9.3605300e-01  -2.8882300e+00
   1.6750600e+00  -2.5006200e+00
   2.2751800e+00  -1.9292100e+00
   2.6922900e+00  -1.2200400e+00
   2.8967600e+00  -4.2928600e-01
   2.8756700e+00   3.8120700e-01
   2.6336300e+00   1.1487100e+00
   2.1922600e+00   1.8144900e+00
   1.5884300e+00   2.3283000e+00
   8.7119500e-01   2.6522400e+00
   9.7923699e-02   2.7635600e+00
  -6.7024000e-01   2.6563100e+00
  -1.3731800e+00   2.3416800e+00
  -1.9564800e+00   1.8469600e+00
  -2.3756200e+00   1.2132900e+00
  -2.5994300e+00   4.9234600e-01
  -2.6123500e+00  -2.5780900e-01
  -2.4156100e+00  -9.7731399e-01
  -2.0269600e+00  -1.6092300e+00
  -1.4792200e+00  -2.1039800e+00
  -8.1752300e-01  -2.4232400e+00
  -9.5767599e-02  -2.5428600e+00
   6.2774000e-01  -2.4546800e+00
   1.2948900e+00  -2.1671300e+00
   1.8523600e+00  -1.7044400e+00
   2.2558000e+00  -1.1047000e+00
   2.4733400e+00  -4.1672700e-01
   2.4880000e+00   3.0375700e-01
   2.2990500e+00   9.9861799e-01
   1.9220000e+00   1.6118900e+00
   1.3873100e+00   2.0941900e+00
   7.3800300e-01   2.4066400e+00
   2.6193300e-02   2.5239200e+00
  -6.9101000e-01   2.4362300e+00
  -1.3560400e+00   2.1500900e+00
  -1.9154000e+00   1.6878000e+00
  -2.3239200e+00   1.0856800e+00
  -2.5482900e+00   3.9122000e-01
  -2.5697100e+00  -3.4065800e-01
  -2.3854000e+00  -1.0519200e+00
  -2.0087800e+00  -1.6859900e+00
  -1.4685200e+00  -2.1921700e+00
  -8.0625900e-01  -2.5296600e+00
  -7.3383400e-02  -2.6707500e+00
   6.7297900e-01  -2.6030400e+00
   1.3744100e+00  -2.3304200e+00
   1.9757600e+00  -1.8728000e+00
   2.4294700e+00  -1.2646200e+00
   2.6992400e+00  -5.5214800e-01
   2.7629600e+00   2.1001700e-01
   2.6143800e+00   9.6322599e-01
   2.2636600e+00   1.6492900e+00
   1.7366300e+00   2.2150100e+00
   1.0727800e+00   2.6162500e+00
   3.2229400e-01   2.8214200e+00
  -4.5786000e-01   2.8139100e+00
  -1.2082700e+00   2.5933500e+00
  -1.8716800e+00   2.1757300e+00
  -2.3973500e+00   1.5921200e+00
  -2.7449900e+00   8.8635099e-01
  -2.8878400e+00   1.1160300e-01
  -2.8147200e+00  -6.7361900e-01
  -2.5308900e+00  -1.4099900e+00
  -2.0576300e+00  -2.0418900e+00
  -1.4306200e+00  -2.5216700e+00
  -6.9717500e-01  -2.8132500e+00
   8.7377199e-02  -2.8949000e+00
   8.6391599e-01  -2.7608200e+00
   1.5740600e+00  -2.4215900e+00
   2.1646000e+00  -1.9033100e+00
   2.5915800e+00  -1.2455600e+00
   2.8235500e+00  -4.9835200e-01
   2.8439800e+00   2.8172300e-01
   2.6524300e+00   1.0358400e+00
   2.2645400e+00   1.7074100e+00
   1.7107400e+00   2.2464100e+00
   1.0338700e+00   2.6131500e+00
   2.8584700e-01   2.7812500e+00
  -4.7633000e-01   2.7395900e+00
  -1.1949800e+00   2.4930500e+00
  -1.8161600e+00   2.0620500e+00
  -2.2937200e+00   1.4809400e+00
  -2.5928400e+00   7.9518599e-01
  -2.6925800e+00   5.7907200e-02
  -2.5873900e+00  -6.7429800e-01
  -2.2874700e+00  -1.3457000e+00
  -1.8178000e+00  -1.9057300e+00
  -1.2162000e+00  -2.3127800e+00
  -5.3023800e-01  -2.5373900e+00
   1.8645200e-01  -2.5644100e+00
   8.7836999e-01  -2.3940400e+00
   1.4924500e+00  -2.0417000e+00
   1.9821300e+00  -1.5367400e+00
   2.3109400e+00  -9.2004699e-01
   2.4551800e+00  -2.4078900e-01
   2.4057500e+00   4.4746600e-01
   2.1686700e+00   1.0909400e+00
   1.7645400e+00   1.6398100e+00
   1.2268100e+00   2.0521100e+00
   5.9908300e-01   2.2968700e+00
  -6.8344900e-02   2.3565300e+00
  -7.2247800e-01   2.2281500e+00
  -1.3117700e+00   1.9235900e+00
  -1.7901600e+00   1.4684900e+00
  -2.1206400e+00   9.0012899e-01
  -2.2780900e+00   2.6447200e-01
  -2.2512200e+00  -3.8749300e-01
  -2.0433300e+00  -1.0037900e+00
  -1.6720100e+00  -1.5355500e+00
  -1.1677100e+00  -1.9408200e+00
  -5.7122000e-01  -2.1878400e+00
   6.9510800e-02  -2.2575200e+00
   7.0321900e-01  -2.1448700e+00
   1.2793600e+00  -1.8593300e+00
   1.7520700e+00  -1.4240300e+00
   2.0838000e+00  -8.7388699e-01
   2.2482200e+00  -2.5285000e-01
   2.2322700e+00   3.8959600e-01
   2.0371800e+00   1.0023200e+00
   1.6783300e+00   1.5365800e+00
   1.1840300e+00   1.9498500e+00
   5.9327500e-01   2.2091400e+00
  -4.7307700e-02   2.2936300e+00
  -6.8715200e-01   2.1962100e+00
  -1.2757100e+00   1.9241300e+00
  -1.7664000e+00   1.4983400e+00
  -2.1202800e+00   9.5192199e-01
  -2.3091000e+00   3.2744500e-01
  -2.3174700e+00  -3.2633300e-01
  -2.1441200e+00  -9.5828299e-01
  -1.8019700e+00  -1.5188900e+00
  -1.3171400e+00  -1.9641300e+00
  -7.2691699e-01  -2.2588800e+00
  -7.6864999e-02  -2.3796700e+00
   5.8272000e-01  -2.3165400e+00
   1.2007200e+00  -2.0737500e+00
   1.7291400e+00  -1.6695300e+00
   2.1268700e+00  -1.1346500e+00
   2.3628500e+00  -5.1000600e-01
   2.4184600e+00   1.5650000e-01
   2.2890000e+00   8.1368699e-01
   1.9840200e+00   1.4110400e+00
   1.5266100e+00   1.9026300e+00
   9.5157599e-01   2.2506100e+00
   3.0279900e-01   2.4282000e+00
  -3.7018900e-01   2.4216700e+00
  -1.0160100e+00   2.2314500e+00
  -1.5853900e+00   1.8720300e+00
  -2.0349500e+00   1.3708700e+00
  -2.3305400e+00   7.6624099e-01
  -2.4498400e+00   1.0429300e-01
  -2.3840500e+00  -5.6452500e-01
  -2.1385400e+00  -1.1893400e+00
  -1.7324200e+00  -1.7227400e+00
  -1.1970200e+00  -2.1244700e+00
  -5.7345600e-01  -2.3644000e+00
   9.0548699e-02  -2.4249000e+00
   7.4434299e-01  -2.3021000e+00
   1.3382500e+00  -2.0061600e+00
   1.8273700e+00  -1.5604500e+00
   2.1750200e+00  -9.9966599e-01
   2.3555000e+00  -3.6717000e-01
   2.3560400e+00   2.8840400e-01
   2.1777100e+00   9.1689799e-01
   1.8352600e+00   1.4705000e+00
   1.3559800e+00   1.9073800e+00
   7.7748499e-01   2.1949300e+00
   1.4478100e-01   2.3121800e+00
  -4.9321600e-01   2.2513700e+00
  -1.0874800e+00   2.0184700e+00
  -1.5926600e+00   1.6326900e+00
  -1.9705400e+00   1.1248500e+00
  -2.1929600e+00   5.3502700e-01
  -2.2439500e+00  -9.0649999e-02
  -2.1208500e+00  -7.0357199e-01
  -1.8345100e+00  -1.2564200e+00
  -1.4083200e+00  -1.7068400e+00
  -8.7635199e-01  -2.0206500e+00
  -2.8066900e-01  -2.1744900e+00
   3.3198600e-01  -2.1575300e+00
   9.1383399e-01  -1.9723000e+00
   1.4197800e+00  -1.6343600e+00
   1.8108800e+00  -1.1710500e+00
   2.0573800e+00  -6.1932400e-01
   2.1409100e+00  -2.2802600e-02
   2.0559200e+00   5.7163900e-01
   1.8100200e+00   1.1175300e+00
   1.4233300e+00   1.5724400e+00
   9.2686199e-01   1.9012300e+00
   3.6003300e-01   2.0787700e+00
  -2.3241200e-01   2.0918700e+00
  -8.0392699e-01   1.9402300e+00
  -1.3098000e+00   1.6364300e+00
  -1.7106200e+00   1.2048900e+00
  -1.9753400e+00   6.7991899e-01
  -2.0836600e+00   1.0300100e-01
  -2.0276000e+00  -4.8045700e-01
  -1.8120200e+00  -1.0246900e+00
  -1.4542500e+00  -1.4871300e+00
  -9.8268399e-01  -1.8317300e+00
  -4.3453000e-01  -2.0317700e+00
   1.4712000e-01  -2.0718600e+00
   7.1666399e-01  -1.9491700e+00
   1.2295500e+00  -1.6735700e+00
   1.6457500e+00  -1.2668500e+00
   1.9328700e+00  -7.6099399e-01
   2.0686300e+00  -1.9563900e-01
   2.0426100e+00   3.8500200e-01
   1.8570200e+00   9.3561199e-01
   1.5264800e+00   1.4132900e+00
   1.0769000e+00   1.7808900e+00
   5.4338600e-01   2.0099000e+00
  -3.2482600e-02   2.0826400e+00
  -6.0589399e-01   1.9935800e+00
  -1.1323100e+00   1.7498200e+00
  -1.5709000e+00   1.3704300e+00
  -1.8877500e+00   8.8499399e-01
  -2.0584300e+00   3.3126600e-01
  -2.0699100e+00  -2.4776300e-01
  -1.9215100e+00  -8.0722399e-01
  -1.6249600e+00  -1.3038500e+00
  -1.2034400e+00  -1.6993200e+00
  -6.8975599e-01  -1.9632500e+00
  -1.2379100e-01  -2.0754700e+00
   4.5061800e-01  -2.0276500e+00
   9.8908399e-01  -1.8238100e+00
   1.4501100e+00  -1.4800800e+00
   1.7982800e+00  -1.0233500e+00
   2.0070300e+00  -4.8917800e-01
   2.0606300e+00   8.0964399e-02
   1.9554000e+00   6.4295299e-01
   1.6999600e+00   1.1534200e+00
   1.3145200e+00   1.5731100e+00
   8.2929299e-01   1.8699000e+00
   2.8210800e-01   2.0213100e+00
  -2.8452600e-01   2.0161300e+00
  -8.2673699e-01   1.8553400e+00
  -1.3026900e+00   1.5519600e+00
  -1.6758000e+00   1.1299900e+00
  -1.9176100e+00   6.2253899e-01
  -2.0098900e+00   6.9220299e-02
  -1.9460800e+00  -4.8693300e-01
  -1.7317200e+00  -1.0028200e+00
  -1.3840200e+00  -1.4386100e+00
  -9.3043899e-01  -1.7608100e+00
  -4.0657500e-01  -1.9448700e+00
   1.4665500e-01  -1.9770200e+00
   6.8619599e-01  -1.8553400e+00
   1.1702000e+00  -1.5898200e+00
   1.5612600e+00  -1.2016100e+00
   1.8293300e+00  -7.2130299e-01
   1.9539900e+00  -1.8654400e-01
   1.9260100e+00   3.6091700e-01
   1.7480800e+00   8.7847299e-01
   1.4345000e+00   1.3259700e+00
   1.0100600e+00   1.6688200e+00
   5.0809700e-01   1.8806700e+00
  -3.2118800e-02   1.9454000e+00
  -5.6846799e-01   1.8583900e+00
  -1.0592400e+00   1.6268000e+00
  -1.4663900e+00   1.2690100e+00
  -1.7584600e+00   8.1315599e-01
  -1.9129900e+00   2.9491200e-01
  -1.9183000e+00  -2.4528700e-01
  -1.7742900e+00  -7.6540099e-01
  -1.4924700e+00  -1.2250500e+00
  -1.0950200e+00  -1.5886400e+00
  -6.1303399e-01  -1.8281100e+00
  -8.4103399e-02  -1.9251100e+00
   4.5062300e-01  -1.8723600e+00
   9.4963499e-01  -1.6742200e+00
   1.3742800e+00  -1.3463100e+00
   1.6917600e+00  -9.1427199e-01
   1.8776300e+00  -4.1177800e-01
   1.9177100e+00   1.2213100e-01
   1.8091300e+00   6.4605799e-01
   1.5605300e+00   1.1194700e+00
   1.1913700e+00   1.5058100e+00
   7.3038699e-01   1.7753700e+00
   2.1336100e-01   1.9075000e+00
  -3.1968500e-01   1.8922400e+00
  -8.2757899e-01   1.7310300e+00
  -1.2711900e+00   1.4365800e+00
  -1.6164500e+00   1.0318600e+00
  -1.8369700e+00   5.4827499e-01
  -1.9160400e+00   2.3243500e-02
  -1.8479200e+00  -5.0272899e-01
  -1.6382300e+00  -9.8918199e-01
  -1.3034800e+00  -1.3988200e+00
  -8.6977199e-01  -1.7004000e+00
  -3.7073700e-01  -1.8710800e+00
   1.5507200e-01  -1.8982100e+00
   6.6717999e-01  -1.7802200e+00
   1.1263200e+00  -1.5267400e+00
   1.4974600e+00  -1.1577900e+00
   1.7524800e+00  -7.0219999e-01
   1.8723400e+00  -1.9536500e-01
   1.8484900e+00   3.2353700e-01
   1.6835000e+00   8.1457399e-01
   1.3907900e+00   1.2401500e+00
   9.9358699e-01   1.5678900e+00
   5.2304899e-01   1.7731200e+00
   1.5845300e-02   1.8407800e+00
  -4.8871599e-01   1.7664600e+00
  -9.5173599e-01   1.5567800e+00
  -1.3377300e+00   1.2287600e+00
  -1.6173700e+00   8.0849399e-01
  -1.7696900e+00   3.2906800e-01
  -1.7837300e+00  -1.7203000e-01
  -1.6592800e+00  -6.5584099e-01
  -1.4068700e+00  -1.0849600e+00
  -1.0469000e+00  -1.4264200e+00
  -6.0800999e-01  -1.6542400e+00
  -1.2480500e-01  -1.7514300e+00
   3.6484400e-01  -1.7112000e+00
   8.2277099e-01  -1.5375100e+00
   1.2134800e+00  -1.2446900e+00
   1.5068800e+00  -8.5622999e-01
   1.6806300e+00  -4.0299400e-01
   1.7218200e+00   7.9281299e-02
   1.6279300e+00   5.5276799e-01
   1.4070100e+00   9.8050099e-01
   1.0769600e+00   1.3292600e+00
   6.6415899e-01   1.5721500e+00
   2.0130200e-01   1.6906600e+00
  -2.7512500e-01   1.6760800e+00
  -7.2772999e-01   1.5301400e+00
  -1.1211300e+00   1.2648500e+00
  -1.4247100e+00   9.0150399e-01
  -1.6149900e+00   4.6901299e-01
  -1.6774600e+00   1.5914600e-03
  -1.6076600e+00  -4.6391599e-01
  -1.4115100e+00  -8.9092399e-01
  -1.1048100e+00  -1.2459700e+00
  -7.1198699e-01  -1.5013100e+00
  -2.6417600e-01  -1.6370900e+00
   2.0325200e-01  -1.6428700e+00
   6.5345199e-01  -1.5184200e+00
   1.0509900e+00  -1.2737200e+00
   1.3646000e+00  -9.2816399e-01
   1.5696400e+00  -5.0902199e-01
   1.6499900e+00  -4.9310299e-02
   1.5993000e+00   4.1480200e-01
   1.4214700e+00   8.4681499e-01
   1.1303700e+00   1.2127500e+00
   7.4868999e-01   1.4837900e+00
   3.0622000e-01   1.6385200e+00
  -1.6250500e-01   1.6646100e+00
  -6.2088999e-01   1.5597400e+00
  -1.0331200e+00   1.3317900e+00
  -1.3669600e+00   9.9821699e-01
  -1.5962300e+00   5.8469999e-01
  -1.7028600e+00   1.2314200e-01
  -1.6782700e+00  -3.5081000e-01
  -1.5240500e+00  -8.0053099e-01
  -1.2518100e+00  -1.1912500e+00
  -8.8226899e-01  -1.4927300e+00
  -4.4368399e-01  -1.6816300e+00
   3.0374800e-02  -1.7432900e+00
   5.0360499e-01  -1.6728200e+00
   9.3977999e-01  -1.4755400e+00
   1.3055400e+00  -1.1664800e+00
   1.5729600e+00  -7.6926699e-01
   1.7217000e+00  -3.1426600e-01
   1.7405400e+00   1.6376600e-01
   1.6282400e+00   6.2835999e-01
   1.3936300e+00   1.0441400e+00
   1.0548700e+00   1.3795600e+00
   6.3807199e-01   1.6092800e+00
   1.7524800e-01   1.7161400e+00
  -2.9815500e-01   1.6924400e+00
  -7.4599399e-01   1.5404900e+00
  -1.1342000e+00   1.2724300e+00
  -1.4334100e+00   9.0923899e-01
  -1.6211700e+00   4.7910799e-01
  -1.6836700e+00   1.5240200e-02
  -1.6167500e+00  -4.4671299e-01
  -1.4262000e+00  -8.7140399e-01
  -1.1272500e+00  -1.2265000e+00
  -7.4338299e-01  -1.4851800e+00
  -3.0447400e-01  -1.6281100e+00
   1.5552300e-01  -1.6449800e+00
   6.0121099e-01  -1.5351800e+00
   9.9848399e-01  -1.3078500e+00
   1.3171400e+00  -9.8110699e-01
   1.5331800e+00  -5.8059199e-01
   1.6306600e+00  -1.3748500e-01
   1.6028100e+00   3.1394900e-01
   1.4525800e+00   7.3901099e-01
   1.1922900e+00   1.1052500e+00
   8.4270099e-01   1.3849400e+00
   4.3128299e-01   1.5572200e+00
  -9.8845999e-03   1.6096500e+00
  -4.4665099e-01   1.5391200e+00
  -8.4543599e-01   1.3520400e+00
  -1.1758300e+00   1.0637800e+00
  -1.4129400e+00   6.9745699e-01
  -1.5392700e+00   2.8204500e-01
  -1.5460300e+00  -1.4986800e-01
  -1.4338000e+00  -5.6464999e-01
  -1.2124000e+00  -9.3023899e-01
  -9.0006899e-01  -1.2186300e+00
  -5.2202499e-01  -1.4080300e+00
  -1.0843100e-01  -1.4845300e+00
   3.0797100e-01  -1.4431300e+00
   6.9442899e-01  -1.2880800e+00
   1.0207400e+00  -1.0325400e+00
   1.2616000e+00  -6.9744199e-01
   1.3985500e+00  -3.0986800e-01
   1.4214100e+00   9.9121399e-02
   1.3290200e+00   4.9693199e-01
   1.1292900e+00   8.5199199e-01
   8.3856299e-01   1.1362300e+00
   4.8029599e-01   1.3272400e+00
   8.3192399e-02   1.4100700e+00
  -3.2106000e-01   1.3782900e+00
  -7.0028199e-01   1.2345700e+00
  -1.0243300e+00   9.9035099e-01
  -1.2674500e+00   6.6499899e-01
  -1.4102900e+00   2.8423700e-01
  -1.4414000e+00  -1.2187600e-01
  -1.3581300e+00  -5.2130399e-01
  -1.1668000e+00  -8.8254599e-01
  -8.8220799e-01  -1.1771000e+00
  -5.2646199e-01  -1.3816900e+00
  -1.2724900e-01  -1.4800800e+00
   2.8434400e-01  -1.4643200e+00
   6.7624899e-01  -1.3353900e+00
   1.0179200e+00  -1.1030900e+00
   1.2827300e+00  -7.8527599e-01
   1.4500100e+00  -4.0647999e-01
   1.5066800e+00   4.0267299e-03
   1.4482600e+00   4.1450199e-01
   1.2791800e+00   7.9320299e-01
   1.0125000e+00   1.1108500e+00
   6.6880699e-01   1.3429100e+00
   2.7466900e-01   1.4714700e+00
  -1.3945100e-01   1.4866600e+00
  -5.4155599e-01   1.3873800e+00
  -9.0059599e-01   1.1813800e+00
  -1.1888700e+00   8.8467299e-01
  -1.3841700e+00   5.2026299e-01
  -1.4714800e+00   1.1637500e-01
  -1.4441600e+00  -2.9574200e-01
  -1.3044000e+00  -6.8423199e-01
  -1.0630800e+00  -1.0190900e+00
  -7.3891899e-01  -1.2744900e+00
  -3.5698000e-01  -1.4307500e+00
   5.3236499e-02  -1.4758600e+00
   4.6009299e-01  -1.4063800e+00
   8.3225099e-01  -1.2277100e+00
   1.1410900e+00  -9.5362799e-01
   1.3629000e+00  -6.0524199e-01
   1.4807100e+00  -2.0932900e-01
   1.4855700e+00   2.0373700e-01
   1.3771900e+00   6.0232499e-01
   1.1640100e+00   9.5599099e-01
   8.6247199e-01   1.2378100e+00
   4.9572799e-01   1.4264400e+00
   9.1871499e-02   1.5077600e+00
  -3.1826000e-01   1.4758800e+00
  -7.0346099e-01   1.3336300e+00
  -1.0345600e+00   1.0922800e+00
  -1.2866500e+00   7.7062899e-01
  -1.4409900e+00   3.9354599e-01
  -1.4864200e+00  -9.9742599e-03
  -1.4201900e+00  -4.0906199e-01
  -1.2481300e+00  -7.7335699e-01
  -9.8414799e-01  -1.0753400e+00
  -6.4913399e-01  -1.2924400e+00
  -2.6931400e-01  -1.4087700e+00
   1.2580900e-01  -1.4162600e+00
   5.0574299e-01  -1.3153200e+00
   8.4136699e-01  -1.1147000e+00
   1.1071800e+00  -8.3077699e-01
   1.2832400e+00  -4.8628699e-01
   1.3566900e+00  -1.0848900e-01
   1.3227300e+00   2.7295200e-01
   1.1849000e+00   6.2828299e-01
   9.5480899e-01   9.2996599e-01
   6.5115899e-01   1.1548100e+00
   2.9827800e-01   1.2857400e+00
  -7.5810299e-02   1.3131100e+00
  -4.4158299e-01   1.2353900e+00
  -7.7031899e-01   1.0592900e+00
  -1.0363400e+00   7.9914699e-01
  -1.2189700e+00   4.7580999e-01
  -1.3041700e+00   1.1497700e-01
  -1.2855600e+00  -2.5482800e-01
  -1.1649000e+00  -6.0448899e-01
  -9.5195699e-01  -9.0656799e-01
  -6.6364099e-01  -1.1374400e+00
  -3.2272700e-01  -1.2791400e+00
   4.3971999e-02  -1.3206800e+00
   4.0770099e-01  -1.2589900e+00
   7.4001299e-01  -1.0990200e+00
   1.0149800e+00  -8.5340699e-01
   1.2112200e+00  -5.4143999e-01
   1.3135400e+00  -1.8753700e-01
   1.3140800e+00   1.8066700e-01
   1.2129800e+00   5.3448199e-01
   1.0182400e+00   8.4639999e-01
   7.4518199e-01   1.0922300e+00
   4.1517199e-01   1.2529900e+00
   5.3968099e-02   1.3163300e+00
  -3.1029700e-01   1.2775400e+00
  -6.4930999e-01   1.1398400e+00
  -9.3678099e-01   9.1412999e-01
  -1.1504800e+00   6.1815499e-01
  -1.2739600e+00   2.7506600e-01
  -1.2978000e+00  -8.8366099e-02
  -1.2203800e+00  -4.4384299e-01
  -1.0479100e+00  -7.6374199e-01
  -7.9398099e-01  -1.0232600e+00
  -4.7849899e-01  -1.2023200e+00
  -1.2609300e-01  -1.2871600e+00
   2.3578100e-01  -1.2713100e+00
   5.7898699e-01  -1.1561700e+00
   8.7688799e-01  -9.5080799e-01
   1.1064100e+00  -6.7129299e-01
   1.2498200e+00  -3.3939799e-01
   1.2960800e+00   1.9079600e-02
   1.2417200e+00   3.7633199e-01
   1.0910400e+00   7.0469899e-01
   8.5580299e-01   9.7880598e-01
   5.5427399e-01   1.1775300e+00
   2.0981000e-01   1.2856000e+00
  -1.5096400e-01   1.2948100e+00
  -5.0022299e-01   1.2045800e+00
  -8.1109899e-01   1.0220100e+00
  -1.0597500e+00   7.6131599e-01
  -1.2272000e+00   4.4269299e-01
  -1.3007700e+00   9.0744499e-02
  -1.2750800e+00  -2.6743400e-01
  -1.1523900e+00  -6.0435399e-01
  -9.4244399e-01  -8.9425699e-01
  -6.6165199e-01  -1.1151100e+00
  -3.3182799e-01  -1.2502600e+00
   2.1528800e-02  -1.2897600e+00
   3.7121799e-01  -1.2310400e+00
   6.9044299e-01  -1.0791400e+00
   9.5488798e-01  -8.4624999e-01
   1.1445800e+00  -5.5074099e-01
   1.2454200e+00  -2.1573500e-01
   1.2502500e+00   1.3272300e-01
   1.1593700e+00   4.6768399e-01
   9.8048198e-01   7.6339399e-01
   7.2807899e-01   9.9728298e-01
   4.2225999e-01   1.1517000e+00
   8.7162799e-02   1.2152600e+00
  -2.5093400e-01   1.1837100e+00
  -5.6565899e-01   1.0602200e+00
  -8.3260399e-01   8.5509499e-01
  -1.0312100e+00   5.8496199e-01
  -1.1463600e+00   2.7144000e-01
  -1.1695300e+00  -6.0564499e-02
  -1.0994200e+00  -3.8480899e-01
  -9.4205498e-01  -6.7576699e-01
  -7.1024899e-01  -9.1061899e-01
  -4.2262399e-01  -1.0710200e+00
  -1.0211600e-01  -1.1445200e+00
   2.2582200e-01  -1.1255100e+00
   5.3521399e-01  -1.0156800e+00
   8.0158999e-01  -8.2379799e-01
   1.0038900e+00  -5.6507999e-01
   1.1261100e+00  -2.5995200e-01
   1.1585200e+00   6.7544599e-02
   1.0984400e+00   3.9163299e-01
   9.5042198e-01   6.8681299e-01
   7.2586999e-01   9.2984998e-01
   4.4217799e-01   1.1015800e+00
   1.2134500e-01   1.1883800e+00
  -2.1173600e-01   1.1832600e+00
  -5.3121299e-01   1.0863700e+00
  -8.1228599e-01   9.0496298e-01
  -1.0331300e+00   6.5287499e-01
  -1.1765900e+00   3.4940299e-01
  -1.2314800e+00   1.7823500e-02
  -1.1934900e+00  -3.1642299e-01
  -1.0654600e+00  -6.2769899e-01
  -8.5718699e-01  -8.9215799e-01
  -5.8464699e-01  -1.0895800e+00
  -2.6874200e-01  -1.2049300e+00
   6.6309299e-02  -1.2295200e+00
   3.9485399e-01  -1.1616600e+00
   6.9178199e-01  -1.0067700e+00
   9.3446898e-01  -7.7695499e-01
   1.1045100e+00  -4.9007099e-01
   1.1891300e+00  -1.6831200e-01
   1.1821500e+00   1.6349500e-01
   1.0844800e+00   4.7981499e-01
   9.0398298e-01   7.5637099e-01
   6.5487799e-01   9.7201498e-01
   3.5663099e-01   1.1103500e+00
   3.2429699e-02   1.1609600e+00
  -2.9260399e-01   1.1202200e+00
  -5.9335699e-01   9.9155598e-01
  -8.4665799e-01   7.8512999e-01
  -1.0330500e+00   5.1706299e-01
  -1.1382900e+00   2.0816500e-01
  -1.1543900e+00  -1.1767900e-01
  -1.0802600e+00  -4.3535599e-01
  -9.2171598e-01  -7.2046299e-01
  -6.9103999e-01  -9.5117598e-01
  -4.0599599e-01  -1.1099200e+00
  -8.8443098e-02  -1.1847000e+00
   2.3736000e-01  -1.1699800e+00
   5.4663299e-01  -1.0671300e+00
   8.1597699e-01  -8.8421598e-01
   1.0251700e+00  -6.3539299e-01
   1.1586800e+00  -3.3977299e-01
   1.2068900e+00  -1.9925000e-02
   1.1667300e+00   2.9988199e-01
   1.0419100e+00   5.9555299e-01
   8.4261299e-01   8.4502199e-01
   5.8460899e-01   1.0299400e+00
   2.8805099e-01   1.1370600e+00
  -2.4133400e-02   1.1592300e+00
  -3.2802999e-01   1.0959000e+00
  -6.0059599e-01   9.5310198e-01
  -8.2143799e-01   7.4296199e-01
  -9.7437598e-01   4.8268699e-01
  -1.0486700e+00   1.9320100e-01
  -1.0398000e+00  -1.0251100e-01
  -9.4979998e-01  -3.8121199e-01
  -7.8703499e-01  -6.2122599e-01
  -5.6549899e-01  -8.0412599e-01
  -3.0368799e-01  -9.1615098e-01
  -2.3117300e-02  -9.4925798e-01
   2.5338500e-01  -9.0171398e-01
   5.0348099e-01  -7.7819999e-01
   7.0708299e-01  -5.8940199e-01
   8.4791598e-01  -3.5114299e-01
   9.1479498e-01  -8.3111298e-02
   9.0247398e-01   1.9271200e-01
   8.1204899e-01   4.5379499e-01
   6.5084499e-01   6.7883499e-01
   4.3182199e-01   8.4943798e-01
   1.7253700e-01   9.5156798e-01
  -1.0624900e-01   9.7663998e-01
  -3.8221499e-01   9.2219798e-01
  -6.3324299e-01   7.9209299e-01
  -8.3916298e-01   5.9617999e-01
  -9.8333698e-01   3.4953999e-01
  -1.0539700e+00   7.1284399e-02
  -1.0450500e+00  -2.1694000e-01
  -9.5678898e-01  -4.9265599e-01
  -7.9564899e-01  -7.3431899e-01
  -5.7381199e-01  -9.2300898e-01
  -3.0823799e-01  -1.0439100e+00
  -1.9342300e-02  -1.0874800e+00
   2.7060299e-01  -1.0502100e+00
   5.3920299e-01  -9.3486698e-01
   7.6569399e-01  -7.5033599e-01
   9.3256198e-01  -5.1089699e-01
   1.0269100e+00  -2.3513000e-01
   1.0414800e+00   5.5528299e-02
   9.7520798e-01   3.3844999e-01
   8.3332498e-01   5.9157699e-01
   6.2695999e-01   7.9513298e-01
   3.7227899e-01   9.3316498e-01
   8.9239698e-02   9.9478898e-01
  -1.9994900e-01   9.7503698e-01
  -4.7254499e-01   8.7525198e-01
  -7.0703399e-01   7.0299799e-01
  -8.8478998e-01   4.7148199e-01
  -9.9151998e-01   1.9854200e-01
  -1.0183800e+00  -9.4716498e-02
  -9.6263598e-01  -3.8554299e-01
  -8.2793398e-01  -6.5128899e-01
  -6.2397899e-01  -8.7114598e-01
  -3.6582399e-01  -1.0277400e+00
  -7.2715699e-02  -1.1084800e+00
   2.3336900e-01  -1.1065000e+00
   5.2940399e-01  -1.0211900e+00
   7.9306198e-01  -8.5826498e-01
   1.0044200e+00  -6.2930399e-01
   1.1474600e+00  -3.5087899e-01
   1.2112900e+00  -4.3285399e-02
   1.1909600e+00   2.7099899e-01
   1.0878200e+00   5.6902099e-01
   9.0939298e-01   8.2908998e-01
   6.6879699e-01   1.0324100e+00
   3.8372799e-01   1.1645000e+00
   7.5101599e-02   1.2162500e+00
  -2.3454700e-01   1.1845900e+00
  -5.2277099e-01   1.0726900e+00
  -7.6890998e-01   8.8968798e-01
  -9.5563998e-01   6.4992099e-01
  -1.0702600e+00   3.7184299e-01
  -1.1056200e+00   7.6566598e-02
  -1.0606200e+00  -2.1375200e-01
  -9.4020198e-01  -4.7760999e-01
  -7.5498399e-01  -6.9579099e-01
  -5.2033899e-01  -8.5280298e-01
  -2.5519199e-01  -9.3803198e-01
   1.9463600e-02  -9.4649898e-01
   2.8220499e-01  -8.7918498e-01
   5.1282799e-01  -7.4289599e-01
   6.9389099e-01  -5.4967099e-01
   8.1203598e-01  -3.1580199e-01
   8.5897698e-01  -6.0527799e-02
   8.3209098e-01   1.9549200e-01
   7.3456299e-01   4.3179499e-01
   5.7507899e-01   6.2970299e-01
   3.6709599e-01   7.7376998e-01
   1.2774500e-01   8.5294698e-01
  -1.2354400e-01   8.6141498e-01
  -3.6658799e-01   7.9898798e-01
  -5.8203599e-01   6.7107799e-01
  -7.5288698e-01   4.8822499e-01
  -8.6580498e-01   2.6522499e-01
  -9.1213998e-01   1.9930500e-02
  -8.8857798e-01  -2.2817800e-01
  -7.9735998e-01  -4.5954499e-01
  -6.4606699e-01  -6.5607899e-01
  -4.4698599e-01  -8.0257998e-01
  -2.1611000e-01  -8.8791898e-01
   2.8157399e-02  -9.0589898e-01
   2.6646799e-01  -8.5571598e-01
   4.8007499e-01  -7.4199698e-01
   6.5231599e-01  -5.7440499e-01
   7.6993098e-01  -3.6684799e-01
   8.2410498e-01  -1.3635400e-01
   8.1115398e-01   9.8290798e-02
   7.3280198e-01   3.1805299e-01
   5.9603599e-01   5.0516599e-01
   4.1253199e-01   6.4454699e-01
   1.9772500e-01   7.2499798e-01
  -3.0432799e-02   7.4010198e-01
  -2.5290099e-01   6.8873099e-01
  -4.5107099e-01   5.7514699e-01
  -6.0825599e-01   4.0866399e-01
  -7.1101999e-01   2.0292200e-01
  -7.5026498e-01  -2.5191199e-02
  -7.2196598e-01  -2.5686999e-01
  -6.2751299e-01  -4.7287899e-01
  -4.7362799e-01  -6.5507599e-01
  -2.7185899e-01  -7.8785498e-01
  -3.7694499e-02  -8.5939398e-01
   2.1063000e-01  -8.6260498e-01
   4.5354999e-01  -7.9572698e-01
   6.7169699e-01  -6.6249499e-01
   8.4741398e-01  -4.7188599e-01
   9.6613798e-01  -2.3745399e-01
   1.0175600e+00   2.3693999e-02
   9.9644198e-01   2.9219599e-01
   9.0305998e-01   5.4791999e-01
   7.4321298e-01   7.7150598e-01
   5.2781199e-01   9.4585998e-01
   2.7206399e-01   1.0574700e+00
  -5.6591799e-03   1.0974800e+00
  -2.8521499e-01   1.0623200e+00
  -5.4621299e-01   9.5408598e-01
  -7.6956098e-01   7.8032998e-01
  -9.3891598e-01   5.5353199e-01
  -1.0419200e+00   2.9015799e-01
  -1.0711700e+00   9.4219398e-03
  -1.0247100e+00  -2.6816399e-01
  -9.0625298e-01  -5.2233199e-01
  -7.2487098e-01  -7.3459298e-01
  -4.9428999e-01  -8.8961698e-01
  -2.3186199e-01  -9.7639198e-01
   4.2747699e-02  -9.8903398e-01
   3.0905299e-01  -9.2721998e-01
   5.4728699e-01  -7.9619098e-01
   7.3989298e-01  -6.0633599e-01
   8.7283098e-01  -3.7238499e-01
   9.3661798e-01  -1.1228200e-01
   9.2702298e-01   1.5418900e-01
   8.4534998e-01   4.0689999e-01
   6.9830698e-01   6.2690599e-01
   4.9746499e-01   7.9786298e-01
   2.5834699e-01   9.0723998e-01
  -7.6989198e-04   9.4724498e-01
  -2.6026199e-01   9.1536998e-01
  -5.0065199e-01   8.1453898e-01
  -7.0408298e-01   6.5284299e-01
  -8.5565498e-01   4.4287399e-01
  -9.4452998e-01   2.0073400e-01
  -9.6471398e-01  -5.5227599e-02
  -9.1546098e-01  -3.0582699e-01
  -8.0127598e-01  -5.3251599e-01
  -6.3151399e-01  -7.1878998e-01
  -4.1961199e-01  -8.5142198e-01
  -1.8201000e-01  -9.2143798e-01
   6.3137999e-02  -9.2475098e-01
   2.9738299e-01  -8.6241598e-01
   5.0340199e-01  -7.4048298e-01
   6.6631698e-01  -5.6946999e-01
   7.7481898e-01  -3.6348799e-01
   8.2199098e-01  -1.3910400e-01
   8.0579098e-01   8.5978298e-02
   7.2915098e-01   2.9431599e-01
   5.9967799e-01   4.7008299e-01
   4.2899999e-01   6.0029499e-01
   2.3180299e-01   6.7578898e-01
   2.4632599e-02   6.9190598e-01
  -1.7543500e-01   6.4880199e-01
  -3.5215599e-01   5.5138499e-01
  -4.9139899e-01   4.0887099e-01
  -5.8225699e-01   2.3400899e-01
  -6.1788499e-01   4.2026199e-02
  -5.9601999e-01  -1.5061100e-01
  -5.1912399e-01  -3.2753299e-01
  -3.9415699e-01  -4.7377699e-01
  -2.3198999e-01  -5.7699399e-01
  -4.6510599e-02  -6.2842199e-01
   1.4650800e-01  -6.2358999e-01
   3.3068999e-01  -5.6266099e-01
   4.9037599e-01  -4.5041299e-01
   6.1188799e-01  -2.9584899e-01
   6.8463498e-01  -1.1147200e-01
   7.0196898e-01   8.7718798e-02
   6.6172398e-01   2.8543499e-01
   5.6640899e-01   4.6540199e-01
   4.2301299e-01   6.1266599e-01
   2.4246899e-01   7.1479998e-01
   3.8792999e-02   7.6290498e-01
  -1.7201800e-01   7.5234098e-01
  -3.7324899e-01   6.8311698e-01
  -5.4879099e-01   5.5991699e-01
  -6.8442298e-01   3.9175799e-01
  -7.6894698e-01   1.9130100e-01
  -7.9508898e-01  -2.6120999e-02
  -7.6009898e-01  -2.4369399e-01
  -6.6599598e-01  -4.4443399e-01
  -5.1944099e-01  -6.1251199e-01
  -3.3124799e-01  -7.3450198e-01
  -1.1556700e-01  -8.0044198e-01
   1.1119300e-01  -8.0462798e-01
   3.3162199e-01  -7.4608998e-01
   5.2865499e-01  -6.2868698e-01
   6.8688498e-01  -4.6084499e-01
   7.9376498e-01  -2.5493299e-01
   8.4058698e-01  -2.6329799e-02
   8.2316698e-01   2.0773700e-01
   7.4219498e-01   4.2950099e-01
   6.0319499e-01   6.2201399e-01
   4.1613199e-01   7.7044298e-01
   1.9466700e-01   8.6320198e-01
  -4.4870099e-02   8.9285198e-01
  -2.8470799e-01   8.5666698e-01
  -5.0697799e-01   7.5686398e-01
  -6.9506498e-01   6.0043499e-01
  -8.3486298e-01   3.9863099e-01
  -9.1584298e-01   1.6611700e-01
  -9.3184198e-01  -8.0131198e-02
  -8.8153098e-01  -3.2210499e-01
  -7.6850598e-01  -5.4211699e-01
  -6.0101499e-01  -7.2412598e-01
  -3.9132599e-01  -8.5493998e-01
  -1.5479600e-01  -9.2519198e-01
   9.1287698e-02  -9.3003598e-01
   3.2901199e-01  -8.6948398e-01
   5.4118399e-01  -7.4838698e-01
   7.1261298e-01  -5.7604099e-01
   8.3123498e-01  -3.6546699e-01
   8.8900198e-01  -1.3240700e-01
   8.8244798e-01   1.0587700e-01
   8.1291798e-01   3.3190799e-01
   6.8642298e-01   5.2931499e-01
   5.1314299e-01   6.8404698e-01
   3.0662299e-01   7.8541698e-01
   8.2714598e-02   8.2686398e-01
  -1.4164900e-01   8.0641498e-01
  -3.4974499e-01   7.2677298e-01
  -5.2632699e-01   5.9506299e-01
  -6.5876598e-01   4.2223699e-01
  -7.3798398e-01   2.2218699e-01
  -7.5909798e-01   1.0653900e-02
  -7.2174098e-01  -1.9600700e-01
  -6.3003098e-01  -3.8208599e-01
  -4.9219799e-01  -5.3372099e-01
  -3.1988999e-01  -6.3994398e-01
  -1.2722900e-01  -6.9348698e-01
   7.0317198e-02  -6.9130098e-01
   2.5715599e-01  -6.3473798e-01
   4.1878899e-01  -5.2938599e-01
   5.4293099e-01  -3.8458099e-01
   6.2044698e-01  -2.1262499e-01
   6.4603298e-01  -2.7788799e-02
   6.1858798e-01   1.5484300e-01
   5.4125699e-01   3.2056799e-01
   4.2113299e-01   4.5623099e-01
   2.6865599e-01   5.5124799e-01
   9.6752398e-02   5.9842898e-01
  -8.0221698e-02   5.9451598e-01
  -2.4763499e-01   5.4041699e-01
  -3.9175599e-01   4.4109799e-01
  -5.0084299e-01   3.0515699e-01
  -5.6607799e-01   1.4411900e-01
  -5.8225698e-01  -2.8510199e-02
  -5.4819199e-01  -1.9833399e-01
  -4.6679299e-01  -3.5122699e-01
  -3.4482199e-01  -4.7446699e-01
  -1.9234200e-01  -5.5775599e-01
  -2.1903499e-02  -5.9404798e-01
   1.5246400e-01  -5.8010598e-01
   3.1637899e-01  -5.1676899e-01
   4.5625999e-01  -4.0888499e-01
   5.6041499e-01  -2.6493099e-01
   6.1998398e-01  -9.6337497e-02
   6.2965098e-01   8.3410498e-02
   5.8808098e-01   2.5984799e-01
   4.9804199e-01   4.1867799e-01
   3.6620199e-01   5.4690799e-01
   2.0261399e-01   6.3388698e-01
   1.9938099e-02   6.7216398e-01
  -1.6754400e-01   6.5808698e-01
  -3.4505299e-01   5.9211898e-01
  -4.9846599e-01   4.7881899e-01
  -6.1543498e-01   3.2650799e-01
  -6.8636198e-01   1.4663900e-01
  -7.0516798e-01  -4.7080099e-02
  -6.6978398e-01  -2.3974399e-01
  -5.8233798e-01  -4.1640499e-01
  -4.4901199e-01  -5.6322999e-01
  -2.7958799e-01  -6.6858298e-01
  -8.6705098e-02  -7.2393298e-01
   1.1509500e-01  -7.2453298e-01
   3.1048199e-01  -6.6980098e-01
   4.8451099e-01  -5.6338198e-01
   6.2376998e-01  -4.1289499e-01
   7.1741298e-01  -2.2935499e-01
   7.5799598e-01  -2.6354399e-02
   7.4206198e-01   1.8097400e-01
   6.7040698e-01   3.7709799e-01
   5.4803699e-01   5.4727099e-01
   3.8379299e-01   6.7864798e-01
   1.8968599e-01   7.6126598e-01
  -2.0007099e-02   7.8879798e-01
  -2.2982299e-01   7.5903298e-01
  -4.2428099e-01   6.7404298e-01
  -5.8904898e-01   5.4002499e-01
  -7.1202298e-01   3.6682399e-01
  -7.8423498e-01   1.6718900e-01
  -8.0052098e-01  -4.4196599e-02
  -7.5989698e-01  -2.5182599e-01
  -6.6561798e-01  -4.4053999e-01
  -5.2491299e-01  -5.9666398e-01
  -3.4842599e-01  -7.0903398e-01
  -1.4938900e-01  -7.6981698e-01
   5.7384298e-02  -7.7509098e-01
   2.5662999e-01  -7.2510298e-01
   4.3378799e-01  -6.2423098e-01
   5.7609298e-01  -4.8061599e-01
   6.7352998e-01  -3.0551599e-01
   7.1956898e-01  -1.1243100e-01
   7.1162298e-01   8.3946098e-02
   6.5121598e-01   2.6885099e-01
   5.4381898e-01   4.2857599e-01
   3.9840099e-01   5.5150298e-01
   2.2670699e-01   6.2896498e-01
   4.2326899e-02   6.5588598e-01
  -1.4036000e-01   6.3112698e-01
  -3.0729999e-01   5.5753098e-01
  -4.4584299e-01   4.4166499e-01
  -5.4570298e-01   2.9327199e-01
  -5.9972298e-01   1.2448600e-01
  -6.0440398e-01  -5.1135399e-02
  -5.6012898e-01  -2.1967399e-01
  -4.7110199e-01  -3.6793699e-01
  -3.4497199e-01  -4.8448099e-01
  -1.9221099e-01  -5.6047798e-01
  -2.5263399e-02  -5.9038798e-01
   1.4244400e-01  -5.7235798e-01
   2.9756499e-01  -5.0833199e-01
   4.2787899e-01  -4.0386799e-01
   5.2324499e-01  -2.6766799e-01
   5.7637898e-01  -1.1086700e-01
   5.8340698e-01   5.3860598e-02
   5.4414698e-01   2.1331599e-01
   4.6209599e-01   3.5481799e-01
   3.4412899e-01   4.6720699e-01
   1.9993499e-01   5.4171498e-01
   4.1231499e-02   5.7264898e-01
  -1.1917100e-01   5.5782098e-01
  -2.6839599e-01   4.9871299e-01
  -3.9451799e-01   4.0033599e-01
  -4.8750899e-01   2.7081999e-01
  -5.4002698e-01   1.2076100e-01
  -5.4799198e-01  -3.7632799e-02
  -5.1090199e-01  -1.9150999e-01
  -4.3186599e-01  -3.2840399e-01
  -3.1735499e-01  -4.3721599e-01
  -1.7667799e-01  -5.0910199e-01
  -2.1247899e-02  -5.3817098e-01
   1.3632500e-01  -5.2195198e-01
   2.8323499e-01  -4.6159099e-01
   4.0749299e-01  -3.6176699e-01
   4.9887799e-01  -2.3032399e-01
   5.4974498e-01  -7.7657398e-02
   5.5563898e-01   8.4102998e-02
   5.1564898e-01   2.4204299e-01
   4.3249499e-01   3.8347999e-01
   3.1231799e-01   4.9695799e-01
   1.6421500e-01   5.7315498e-01
  -4.6956899e-04   6.0561498e-01
  -1.6901700e-01   5.9126298e-01
  -3.2832499e-01   5.3065998e-01
  -4.6592899e-01   4.2796699e-01
  -5.7096698e-01   2.9063599e-01
  -6.3503398e-01   1.2884400e-01
  -6.5283498e-01  -4.5292299e-02
  -6.2260498e-01  -2.1864099e-01
  -5.4625598e-01  -3.7806999e-01
  -4.2923399e-01  -5.1145698e-01
  -2.8011299e-01  -6.0861998e-01
  -1.0993600e-01  -6.6211198e-01
   6.8622698e-02  -6.6778598e-01
   2.4223199e-01  -6.2512098e-01
   3.9792199e-01  -5.3726198e-01
   5.2407398e-01  -4.1078199e-01
   6.1130898e-01  -2.5517799e-01
   6.5320298e-01  -8.2143398e-02
   6.4677398e-01   9.5324897e-02
   5.9270298e-01   2.6392099e-01
   4.9527699e-01   4.1104499e-01
   3.6205399e-01   5.2576198e-01
   2.0327699e-01   5.9963098e-01
   3.1086599e-02   6.2734298e-01
  -1.4141100e-01   6.0711298e-01
  -3.0114799e-01   5.4080598e-01
  -4.3609099e-01   4.3377999e-01
  -5.3615698e-01   2.9446299e-01
  -5.9397298e-01   1.3369300e-01
  -6.0542798e-01  -3.6116299e-02
  -5.6996898e-01  -2.0193499e-01
  -4.9062999e-01  -3.5111699e-01
  -3.7377499e-01  -4.7236299e-01
  -2.2859999e-01  -5.5658298e-01
  -6.6404998e-02  -5.9757498e-01
   1.0027900e-01  -5.9248798e-01
   2.5866199e-01  -5.4201798e-01
   3.9667399e-01  -4.5033499e-01
   5.0389198e-01  -3.2474299e-01
   5.7232898e-01  -1.7509399e-01
   5.9703298e-01  -1.3019200e-02
   5.7644898e-01   1.4898000e-01
   5.1251598e-01   2.9850199e-01
   4.1049499e-01   4.2419799e-01
   2.7854099e-01   5.1664298e-01
   1.2705300e-01   5.6904698e-01
  -3.2143399e-02   5.7776798e-01
  -1.8672199e-01   5.4256798e-01
  -3.2481299e-01   4.6660799e-01
  -4.3591999e-01   3.5618299e-01
  -5.1172598e-01   2.2021299e-01
  -5.4672298e-01   6.9529498e-02
  -5.3862498e-01  -8.3977097e-02
  -4.8851998e-01  -2.2828899e-01
  -4.0077199e-01  -3.5219899e-01
  -2.8265099e-01  -4.4617799e-01
  -1.4375600e-01  -5.0310998e-01
   4.7505699e-03  -5.1883198e-01
   1.5102600e-01  -4.9244498e-01
   2.8347399e-01  -4.2636699e-01
   3.9165399e-01  -3.2612499e-01
   4.6708899e-01  -1.9990799e-01
   5.0392798e-01  -5.7916298e-02
   4.9938598e-01   8.8451797e-02
   4.5395399e-01   2.2749399e-01
   3.7135099e-01   3.4812399e-01
   2.5821699e-01   4.4073999e-01
   1.2358500e-01   4.9797098e-01
  -2.1831799e-02   5.1525298e-01
  -1.6648699e-01   4.9117498e-01
  -2.9890599e-01   4.2758299e-01
  -4.0858499e-01   3.2943199e-01
  -4.8681198e-01   2.0439199e-01
  -5.2734498e-01   6.2238098e-02
  -5.2689798e-01  -8.5908797e-02
  -4.8539198e-01  -2.2845899e-01
  -4.0595899e-01  -3.5425799e-01
  -2.9469299e-01  -4.5345499e-01
  -1.6017099e-01  -5.1826998e-01
  -1.2785100e-02  -5.4360098e-01
   1.3607100e-01  -5.2741298e-01
   2.7488899e-01  -4.7089798e-01
   3.9293999e-01  -3.7837699e-01
   4.8110498e-01  -2.5696099e-01
   5.3258598e-01  -1.1599600e-01
   5.4342698e-01   3.3665499e-02
   5.1281698e-01   1.8050499e-01
   4.4314799e-01   3.1323599e-01
   3.3982699e-01   4.2167399e-01
   2.1085199e-01   4.9752398e-01
   6.6186898e-02   5.3502098e-01
  -8.3012897e-02   5.3136698e-01
  -2.2526399e-01   4.8694798e-01
  -3.4964299e-01   4.0528999e-01
  -4.4663299e-01   2.9278399e-01
  -5.0885398e-01   1.5818499e-01
  -5.3162598e-01   1.1926100e-02
  -5.1332598e-01  -1.3468800e-01
  -4.5550399e-01  -2.7035799e-01
  -3.6275699e-01  -3.8466699e-01
  -2.4235999e-01  -4.6887498e-01
  -1.0369900e-01  -5.1659898e-01
   4.2461299e-02  -5.2429198e-01
   1.8481399e-01  -4.9150798e-01
   3.1238699e-01  -4.2093299e-01
   4.1538799e-01  -3.1815999e-01
   4.8595998e-01  -1.9124899e-01
   5.1878198e-01  -5.0097298e-02
   5.1146998e-01   9.4334997e-02
   4.6475198e-01   2.3087599e-01
   3.8240199e-01   3.4900799e-01
   2.7093399e-01   4.3967699e-01
   1.3909100e-01   4.9598998e-01
  -2.8427499e-03   5.1374098e-01
  -1.4384200e-01   4.9172698e-01
  -2.7299999e-01   4.3182699e-01
  -3.8036999e-01   3.3885099e-01
  -4.5773398e-01   2.2014999e-01
  -4.9923498e-01   8.5039097e-02
  -5.0181998e-01  -5.5929798e-02
  -4.6546798e-01  -1.9179499e-01
  -3.9317999e-01  -3.1203299e-01
  -2.9073499e-01  -4.0737899e-01
  -1.6623199e-01  -4.7053698e-01
  -2.9451299e-02  -4.9673898e-01
   1.0890900e-01  -4.8411198e-01
   2.3806999e-01  -4.3380599e-01
   3.4800499e-01  -3.4990199e-01
   4.3022299e-01  -2.3907899e-01
   4.7841998e-01  -1.1008800e-01
   4.8895998e-01   2.6930699e-02
   4.6115698e-01   1.6124699e-01
   3.9731099e-01   2.8237299e-01
   3.0252799e-01   3.8087899e-01
   1.8430999e-01   4.4912498e-01
   5.1968298e-02   4.8184798e-01
  -8.4107197e-02   4.7656998e-01
  -2.1325699e-01   4.3377799e-01
  -3.2538399e-01   3.5688399e-01
  -4.1173499e-01   2.5195299e-01
  -4.6557798e-01   1.2722300e-01
  -4.8272398e-01  -7.5366297e-03
  -4.6184698e-01  -1.4178800e-01
  -4.0457999e-01  -2.6504399e-01
  -3.1538399e-01  -3.6768399e-01
  -2.0119799e-01  -4.4169598e-01
  -7.0895498e-02  -4.8129698e-01
   6.5404698e-02  -4.8337798e-01
   1.9712599e-01  -4.4774098e-01
   3.1405299e-01  -3.7710799e-01
   4.0712099e-01  -2.7690499e-01
   4.6911598e-01  -1.5484199e-01
   4.9522598e-01  -2.0308199e-02
   4.8341298e-01   1.1635200e-01
   4.3456198e-01   2.4463999e-01
   3.5240599e-01   3.5471799e-01
   2.4323499e-01   4.3815698e-01
   1.1540400e-01   4.8859198e-01
  -2.1315299e-02   5.0220198e-01
  -1.5649199e-01   4.7799698e-01
  -2.7983799e-01   4.1789199e-01
  -3.8199899e-01   3.2654299e-01
  -4.5527598e-01   2.1098699e-01
  -4.9420298e-01   8.0088897e-02
  -4.9596798e-01  -5.6145398e-02
  -4.6061198e-01  -1.8734299e-01
  -3.9101899e-01  -3.0356099e-01
  -2.9268199e-01  -3.9605399e-01
  -1.7326499e-01  -4.5793698e-01
  -4.2008199e-02  -4.8470598e-01
   9.0994197e-02  -4.7457598e-01
   2.1557299e-01  -4.2860598e-01
   3.2226799e-01  -3.5059699e-01
   4.0305299e-01  -2.4679099e-01
   4.5194998e-01  -1.2537100e-01
   4.6547298e-01   4.1754899e-03
   4.4288598e-01   1.3180100e-01
   3.8624799e-01   2.4767399e-01
   3.0022899e-01   3.4293899e-01
   1.9174199e-01   4.1039599e-01
   6.9389198e-02   4.4504598e-01
  -5.7211598e-02   4.4446798e-01
  -1.7817999e-01   4.0898899e-01
  -2.8413899e-01   3.4164499e-01
  -3.6694299e-01   2.4792699e-01
  -4.2029998e-01   1.3534000e-01
  -4.4025298e-01   1.2809100e-02
  -4.2547298e-01  -1.1002200e-01
  -3.7734799e-01  -2.2354799e-01
  -2.9985799e-01  -3.1894899e-01
  -1.9925399e-01  -3.8887599e-01
  -8.3556497e-02  -4.2801198e-01
   3.8081499e-02  -4.3348098e-01
   1.5609299e-01  -4.0505599e-01
   2.6124699e-01  -3.4516799e-01
   3.4536999e-01  -2.5870099e-01
   4.0198099e-01  -1.5259699e-01
   4.2678898e-01  -3.5305699e-02
   4.1802398e-01   8.3884197e-02
   3.7655999e-01   1.9557799e-01
   3.0584199e-01   2.9100999e-01
   2.1160299e-01   3.6273299e-01
   1.0140700e-01   4.0519099e-01
  -1.5951099e-02   4.1515698e-01
  -1.3113700e-01   3.9197699e-01
  -2.3501499e-01   3.3761299e-01
  -3.1936299e-01   2.5648399e-01
  -3.7751899e-01   1.5511499e-01
  -4.0489799e-01   4.1619398e-02
  -3.9935299e-01  -7.4940097e-02
  -3.6133999e-01  -1.8526499e-01
  -2.9387699e-01  -2.8055199e-01
  -2.0230799e-01  -3.5318199e-01
  -9.3885297e-02  -3.9731699e-01
   2.2804999e-02  -4.0936298e-01
   1.3851099e-01  -3.8824299e-01
   2.4404099e-01  -3.3549299e-01
   3.3098099e-01  -2.5513299e-01
   3.9235699e-01  -1.5336299e-01
   4.2317498e-01  -3.8077499e-02
   4.2081798e-01   8.1749197e-02
   3.8524899e-01   1.9675899e-01
   3.1901899e-01   2.9793699e-01
   2.2707399e-01   3.7731599e-01
   1.1636800e-01   4.2859298e-01
  -4.6641098e-03   4.4761898e-01
  -1.2676700e-01   4.3272798e-01
  -2.4057299e-01   3.8486299e-01
  -3.3732899e-01   3.0750899e-01
  -4.0956698e-01   2.0642599e-01
  -4.5168798e-01   8.9205097e-02
  -4.6038498e-01  -3.5309899e-02
  -4.3490598e-01  -1.5770699e-01
  -3.7710399e-01  -2.6872499e-01
  -2.9129999e-01  -3.5996499e-01
  -1.8395099e-01  -4.2453298e-01
  -6.3147198e-02  -4.5756898e-01
   6.2000298e-02  -4.5660998e-01
   1.8206299e-01  -4.2178398e-01
   2.8801399e-01  -3.5578799e-01
   3.7191499e-01  -2.6367999e-01
   4.2752598e-01  -1.5248899e-01
   4.5076798e-01  -3.0670299e-02
   4.4003498e-01   9.2543996e-02
   3.9630398e-01   2.0784999e-01
   3.2305599e-01   3.0658299e-01
   2.2599299e-01   3.8137599e-01
   1.1260100e-01   4.2671798e-01
  -8.4335197e-03   4.3936198e-01
  -1.2789300e-01   4.1856798e-01
  -2.3673199e-01   3.6614099e-01
  -3.2677099e-01   2.8628099e-01
  -3.9131398e-01   1.8525099e-01
  -4.2565198e-01   7.0884297e-02
  -4.2741298e-01  -4.8026298e-02
  -3.9672698e-01  -1.6240499e-01
  -3.3619799e-01  -2.6358999e-01
  -2.5069299e-01  -3.4399599e-01
  -1.4694399e-01  -3.9768898e-01
  -3.3028499e-02  -4.2082898e-01
   8.2270997e-02  -4.1194698e-01
   1.9014199e-01  -3.7204499e-01
   2.8242099e-01  -3.0449699e-01
   3.5222099e-01  -2.1477099e-01
   3.9444898e-01  -1.0999000e-01
   4.0618598e-01   1.6302899e-03
   3.8689798e-01   1.1142600e-01
   3.3845399e-01   2.1096199e-01
   2.6496399e-01   2.9267899e-01
   1.7243999e-01   3.5047799e-01
   6.8315797e-02   3.8018199e-01
  -3.9145998e-02   3.7984299e-01
  -1.4150299e-01   3.4987899e-01
  -2.3079299e-01   2.9302199e-01
  -3.0015499e-01   2.1408699e-01
  -3.4435699e-01   1.1958100e-01
  -3.6019499e-01   1.7176199e-02
  -3.4672899e-01  -8.4894097e-02
  -3.0534399e-01  -1.7849099e-01
  -2.3962499e-01  -2.5620799e-01
  -1.5506299e-01  -3.1194999e-01
  -5.8609198e-02  -3.4140699e-01
   4.1877398e-02  -3.4238599e-01
   1.3825899e-01  -3.1497299e-01
   2.2276199e-01  -2.6151799e-01
   2.8858799e-01  -1.8643699e-01
   3.3045299e-01  -9.5860996e-02
   3.4499699e-01   2.8583899e-03
   3.3104699e-01   1.0173200e-01
   2.8970499e-01   1.9276599e-01
   2.2425899e-01   2.6859699e-01
   1.3991799e-01   3.2306999e-01
   4.3398998e-02   3.5172699e-01
  -5.7601298e-02   3.5215899e-01
  -1.5501799e-01   3.2419299e-01
  -2.4104999e-01   2.6991099e-01
  -3.0877999e-01   1.9348399e-01
  -3.5271699e-01   1.0084800e-01
  -3.6922799e-01  -7.6327297e-04
  -3.5683099e-01  -1.0338100e-01
  -3.1631199e-01  -1.9892899e-01
  -2.5066999e-01  -2.7985299e-01
  -1.6488099e-01  -3.3971699e-01
  -6.5522097e-02  -3.7370398e-01
   3.9746898e-02  -3.7899998e-01
   1.4277299e-01  -3.5501399e-01
   2.3554399e-01  -3.0343099e-01
   3.1081499e-01  -2.2808699e-01
   3.6266799e-01  -1.3467299e-01
   3.8697498e-01  -3.0299499e-02
   3.8172198e-01   7.7050997e-02
   3.4716999e-01   1.7913999e-01
   2.8583399e-01   2.6810699e-01
   2.0229699e-01   3.3707899e-01
   1.0285800e-01   3.8069898e-01
  -4.9500798e-03   3.9554198e-01
  -1.1293600e-01   3.8037498e-01
  -2.1288299e-01   3.3625999e-01
  -2.9717399e-01   2.6647099e-01
  -3.5937699e-01   1.7623999e-01
  -3.9473898e-01   7.2361697e-02
  -4.0054398e-01  -3.7327298e-02
  -3.7632398e-01  -1.4455099e-01
  -3.2389199e-01  -2.4122299e-01
  -2.4719399e-01  -3.2006399e-01
  -1.5201599e-01  -3.7515598e-01
  -4.5528498e-02  -4.0239098e-01
   6.4256397e-02  -3.9977598e-01
   1.6909899e-01  -3.6758298e-01
   2.6116099e-01  -3.0831999e-01
   3.3359899e-01  -2.2653099e-01
   3.8108298e-01  -1.2844199e-01
   4.0019098e-01  -2.1484499e-02
   3.8966998e-01   8.6281796e-02
   3.5050899e-01   1.8678199e-01
