   5.0000000e+00   5.5728000e-16
   4.8266400e+00   1.2013200e+00
   4.3379200e+00   2.3034000e+00
   3.5777500e+00   3.2202900e+00
   2.6134800e+00   3.8834400e+00
   1.5294300e+00   4.2480100e+00
   4.1881200e-01   4.2967200e+00
  -6.2511300e-01   4.0412000e+00
  -1.5178400e+00   3.5204400e+00
  -2.1915100e+00   2.7966300e+00
  -2.6010600e+00   1.9488800e+00
  -2.7282100e+00   1.0652700e+00
  -2.5827300e+00   2.3418200e-01
  -2.2009800e+00  -4.6439500e-01
  -1.6419100e+00  -9.6656700e-01
  -9.8078700e-01  -1.2306500e+00
  -3.0144300e-01  -1.2410400e+00
   3.1228200e-01  -1.0094200e+00
   7.8505400e-01  -5.7336100e-01
   1.0576600e+00   7.7685400e-03
   1.0930000e+00   6.5893200e-01
   8.7980100e-01   1.2971600e+00
   4.3384200e-01   1.8400400e+00
  -2.0360200e-01   2.2141200e+00
  -9.6979800e-01   2.3625000e+00
  -1.7867600e+00   2.2506500e+00
  -2.5689400e+00   1.8701900e+00
  -3.2317600e+00   1.2399400e+00
  -3.6999600e+00   4.0442200e-01
  -3.9151800e+00  -5.7026200e-01
  -3.8418400e+00  -1.6026200e+00
  -3.4708400e+00  -2.6035200e+00
  -2.8207100e+00  -3.4846400e+00
  -1.9360500e+00  -4.1669700e+00
  -8.8352100e-01  -4.5883200e+00
   2.5433800e-01  -4.7092700e+00
   1.3868300e+00  -4.5169900e+00
   2.4235400e+00  -4.0263600e+00
   3.2828200e+00  -3.2786300e+00
   3.8992600e+00  -2.3373900e+00
   4.2297900e+00  -1.2825700e+00
   4.2574100e+00  -2.0280100e-01
   3.9925400e+00   8.1295700e-01
   3.4716600e+00   1.6837600e+00
   2.7535300e+00   2.3441900e+00
   1.9132400e+00   2.7503400e+00
   1.0347600e+00   2.8836000e+00
   2.0267800e-01   2.7520600e+00
  -5.0595000e-01   2.3891800e+00
  -1.0290700e+00   1.8501200e+00
  -1.3254600e+00   1.2059100e+00
  -1.3785200e+00   5.3612000e-01
  -1.1975600e+00  -7.9200800e-02
  -8.1654900e-01  -5.6764600e-01
  -2.9043600e-01  -8.7170100e-01
   3.1063700e-01  -9.5449900e-01
   9.0856200e-01  -8.0349300e-01
   1.4252800e+00  -4.3169600e-01
   1.7907900e+00   1.2363100e-01
   1.9503100e+00   8.0470000e-01
   1.8699500e+00   1.5389700e+00
   1.5403300e+00   2.2463700e+00
   9.7775900e-01   2.8473100e+00
   2.2286000e-01   3.2706400e+00
  -6.6316000e-01   3.4608500e+00
  -1.6043100e+00   3.3836700e+00
  -2.5170700e+00   3.0297100e+00
  -3.3183800e+00   2.4156200e+00
  -3.9336700e+00   1.5827600e+00
  -4.3040200e+00   5.9346500e-01
  -4.3918500e+00  -4.7471500e-01
  -4.1846000e+00  -1.5362700e+00
  -3.6959600e+00  -2.5057000e+00
  -2.9645800e+00  -3.3055400e+00
  -2.0504800e+00  -3.8735300e+00
  -1.0293100e+00  -4.1683900e+00
   1.4768000e-02  -4.1734800e+00
   9.9698700e-01  -3.8981800e+00
   1.8399400e+00  -3.3767000e+00
   2.4807300e+00  -2.6645600e+00
   2.8767000e+00  -1.8330300e+00
   3.0091500e+00  -9.6213400e-01
   2.8847200e+00  -1.3285800e-01
   2.5342900e+00   5.8068200e-01
   2.0095700e+00   1.1182900e+00
   1.3776900e+00   1.4393500e+00
   7.1423300e-01   1.5264700e+00
   9.5684600e-02   1.3868900e+00
  -4.0831500e-01   1.0513700e+00
  -7.4188800e-01   5.7078100e-01
  -8.6846000e-01   1.0796900e-02
  -7.7434200e-01  -5.5496300e-01
  -4.7002400e-01  -1.0524800e+00
   1.0939100e-02  -1.4149100e+00
   6.1534800e-01  -1.5894500e+00
   1.2757200e+00  -1.5427800e+00
   1.9170900e+00  -1.2645600e+00
   2.4645200e+00  -7.6868700e-01
   2.8507000e+00  -9.2100200e-02
   3.0227100e+00   7.0864200e-01
   2.9475000e+00   1.5627700e+00
   2.6153300e+00   2.3920800e+00
   2.0410300e+00   3.1185200e+00
   1.2628200e+00   3.6717300e+00
   3.3883900e-01   3.9959100e+00
  -6.5816500e-01   4.0552300e+00
  -1.6476900e+00   3.8373800e+00
  -2.5490100e+00   3.3548700e+00
  -3.2887400e+00   2.6439000e+00
  -3.8077000e+00   1.7609700e+00
  -4.0664200e+00   7.7763600e-01
  -4.0487000e+00  -2.2629200e-01
  -3.7630200e+00  -1.1701800e+00
  -3.2414500e+00  -1.9801300e+00
  -2.5364600e+00  -2.5957800e+00
  -1.7157300e+00  -2.9758500e+00
  -8.5547200e-01  -3.1017100e+00
  -3.3152400e-02  -2.9787900e+00
   6.7998900e-01  -2.6356700e+00
   1.2256700e+00  -2.1209200e+00
   1.5639800e+00  -1.4980100e+00
   1.6769900e+00  -8.3884700e-01
   1.5701200e+00  -2.1652800e-01
   1.2712400e+00   3.0194000e-01
   8.2755900e-01   6.6228100e-01
   3.0061700e-01   8.2826600e-01
  -2.4009700e-01   7.8521600e-01
  -7.2429500e-01   5.4133900e-01
  -1.0880800e+00   1.2678200e-01
  -1.2804800e+00  -4.0948800e-01
  -1.2686700e+00  -1.0046900e+00
  -1.0414200e+00  -1.5885700e+00
  -6.1032500e-01  -2.0905600e+00
  -8.8639900e-03  -2.4468600e+00
   7.1080300e-01  -2.6069900e+00
   1.4828300e+00  -2.5389800e+00
   2.2340600e+00  -2.2327000e+00
   2.8911800e+00  -1.7012000e+00
   3.3878100e+00  -9.7965300e-01
   3.6710800e+00  -1.2219500e-01
   3.7068000e+00   8.0307500e-01
   3.4829200e+00   1.7204800e+00
   3.0107900e+00   2.5538900e+00
   2.3241900e+00   3.2338900e+00
   1.4762900e+00   3.7043100e+00
   5.3460500e-01   3.9274600e+00
  -4.2525300e-01   3.8876600e+00
  -1.3267000e+00   3.5925400e+00
  -2.0993000e+00   3.0722300e+00
  -2.6852900e+00   2.3762900e+00
  -3.0448000e+00   1.5689300e+00
  -3.1594400e+00   7.2273000e-01
  -3.0336400e+00  -8.8283900e-02
  -2.6939200e+00  -7.9571900e-01
  -2.1859400e+00  -1.3432400e+00
  -1.5698200e+00  -1.6917900e+00
  -9.1395700e-01  -1.8230700e+00
  -2.8827600e-01  -1.7409400e+00
   2.4275800e-01  -1.4707100e+00
   6.2644400e-01  -1.0562400e+00
   8.2697200e-01  -5.5529600e-01
   8.2882800e-01  -3.3558200e-02
   6.3816600e-01   4.4215100e-01
   2.8202900e-01   8.1066900e-01
  -1.9451500e-01   1.0227300e+00
  -7.3301800e-01   1.0459900e+00
  -1.2676200e+00   8.6835900e-01
  -1.7317600e+00   4.9930200e-01
  -2.0649300e+00  -3.0981100e-02
  -2.2188900e+00  -6.7445600e-01
  -2.1626100e+00  -1.3699200e+00
  -1.8855900e+00  -2.0489700e+00
  -1.3991100e+00  -2.6427200e+00
  -7.3542600e-01  -3.0885900e+00
   5.5186600e-02  -3.3364600e+00
   9.0907500e-01  -3.3536700e+00
   1.7552000e+00  -3.1283600e+00
   2.5218700e+00  -2.6707400e+00
   3.1434800e+00  -2.0122900e+00
   3.5667700e+00  -1.2029000e+00
   3.7558500e+00  -3.0622000e-01
   3.6955300e+00   6.0626400e-01
   3.3927000e+00   1.4619100e+00
   2.8756300e+00   2.1937100e+00
   2.1911500e+00   2.7464600e+00
   1.4001100e+00   3.0818200e+00
   5.7159200e-01   3.1817300e+00
  -2.2374600e-01   3.0498000e+00
  -9.2032700e-01   2.7106900e+00
  -1.4638100e+00   2.2074100e+00
  -1.8160800e+00   1.5969000e+00
  -1.9586500e+00   9.4429500e-01
  -1.8940900e+00   3.1646800e-01
  -1.6454200e+00  -2.2456100e-01
  -1.2534500e+00  -6.2766400e-01
  -7.7250700e-01  -8.5751900e-01
  -2.6472400e-01  -8.9793200e-01
   2.0628200e-01  -7.5323800e-01
   5.8190500e-01  -4.4765800e-01
   8.1448300e-01  -2.2688700e-02
   8.7212600e-01   4.6721900e-01
   7.4195900e-01   9.6025900e-01
   4.3146100e-01   1.3935900e+00
  -3.2226300e-02   1.7097500e+00
  -6.0493500e-01   1.8625300e+00
  -1.2298100e+00   1.8217900e+00
  -1.8429200e+00   1.5766000e+00
  -2.3795500e+00   1.1365500e+00
  -2.7806600e+00   5.3109300e-01
  -2.9987100e+00  -1.9319600e-01
  -3.0024700e+00  -9.7691800e-01
  -2.7802100e+00  -1.7534800e+00
  -2.3410300e+00  -2.4554100e+00
  -1.7141600e+00  -3.0208100e+00
  -9.4632100e-01  -3.3992200e+00
  -9.7407500e-02  -3.5564700e+00
   7.6508500e-01  -3.4778700e+00
   1.5723700e+00  -3.1696600e+00
   2.2607900e+00  -2.6583100e+00
   2.7777100e+00  -1.9880200e+00
   3.0863500e+00  -1.2164700e+00
   3.1690800e+00  -4.0929400e-01
   3.0288400e+00   3.6612100e-01
   2.6886000e+00   1.0469900e+00
   2.1889100e+00   1.5810000e+00
   1.5837500e+00   1.9310800e+00
   9.3514000e-01   2.0787300e+00
   3.0704500e-01   2.0254300e+00
  -2.4090000e-01   1.7921600e+00
  -6.5913700e-01   1.4169900e+00
  -9.1291200e-01   9.5105700e-01
  -9.8550700e-01   4.5323600e-01
  -8.7965400e-01  -1.5854500e-02
  -6.1703300e-01  -4.0000300e-01
  -2.3587800e-01  -6.5306800e-01
   2.1303600e-01  -7.4361300e-01
   6.7164200e-01  -6.5805700e-01
   1.0805400e+00  -4.0204200e-01
   1.3850800e+00   1.2797000e-04
   1.5409500e+00   5.0789100e-01
   1.5187700e+00   1.0684600e+00
   1.3071900e+00   1.6220700e+00
   9.1419300e-01   2.1079400e+00
   3.6651700e-01   2.4703000e+00
  -2.9277200e-01   2.6640400e+00
  -1.0083300e+00   2.6592400e+00
  -1.7178100e+00   2.4442700e+00
  -2.3577800e+00   2.0271100e+00
  -2.8698600e+00   1.4348000e+00
  -3.2062900e+00   7.1101600e-01
  -3.3345400e+00  -8.7993200e-02
  -3.2404600e+00  -8.9859900e-01
  -2.9296000e+00  -1.6557600e+00
  -2.4267700e+00  -2.2991100e+00
  -1.7736300e+00  -2.7785500e+00
  -1.0247700e+00  -3.0588700e+00
  -2.4249800e-01  -3.1229500e+00
   5.0900000e-01  -2.9731800e+00
   1.1697100e+00  -2.6310000e+00
   1.6893600e+00  -2.1346600e+00
   2.0320400e+00  -1.5353500e+00
   2.1793500e+00  -8.9213100e-01
   2.1318800e+00  -2.6615500e-01
   1.9088100e+00   2.8526300e-01
   1.5457200e+00   7.1414700e-01
   1.0908100e+00   9.8639200e-01
   5.9994100e-01   1.0849000e+00
   1.3091500e-01   1.0110200e+00
  -2.6231300e-01   7.8414800e-01
  -5.3505200e-01   4.3954500e-01
  -6.5633100e-01   2.4617200e-02
  -6.1195000e-01  -4.0601600e-01
  -4.0587000e-01  -7.9613700e-01
  -5.9776600e-02  -1.0936900e+00
   3.8911700e-01  -1.2561200e+00
   8.9181000e-01  -1.2547500e+00
   1.3924300e+00  -1.0777800e+00
   1.8338300e+00  -7.3166600e-01
   2.1633500e+00  -2.4057700e-01
   2.3381000e+00   3.5576500e-01
   2.3293500e+00   1.0058700e+00
   2.1255300e+00   1.6514100e+00
   1.7335300e+00   2.2328200e+00
   1.1782600e+00   2.6950600e+00
   5.0042900e-01   2.9929400e+00
  -2.4721000e-01   3.0955100e+00
  -1.0047800e+00   2.9890800e+00
  -1.7108600e+00   2.6786100e+00
  -2.3083000e+00   2.1872600e+00
  -2.7494800e+00   1.5542600e+00
  -3.0007800e+00   8.3120900e-01
  -3.0456500e+00   7.7187000e-02
  -2.8860000e+00  -6.4676100e-01
  -2.5418800e+00  -1.2833600e+00
  -2.0493700e+00  -1.7844000e+00
  -1.4570400e+00  -2.1151900e+00
  -8.2109600e-01  -2.2575600e+00
  -1.9999000e-01  -2.2113900e+00
   3.5124300e-01  -1.9942700e+00
   7.8622400e-01  -1.6395100e+00
   1.0715800e+00  -1.1926000e+00
   1.1899700e+00  -7.0657700e-01
   1.1415600e+00  -2.3661800e-01
   9.4371200e-01   1.6546500e-01
   6.2898800e-01   4.5638800e-01
   2.4170700e-01   6.0566100e-01
  -1.6668800e-01   5.9856100e-01
  -5.4292300e-01   4.3752800e-01
  -8.3734900e-01   1.4184200e-01
  -1.0090200e+00  -2.5437700e-01
  -1.0299200e+00  -7.0564100e-01
  -8.8782100e-01  -1.1596900e+00
  -5.8769600e-01  -1.5627900e+00
  -1.5130900e-01  -1.8651100e+00
   3.8478900e-01  -2.0258600e+00
   9.7275800e-01  -2.0174000e+00
   1.5580800e+00  -1.8281400e+00
   2.0848300e+00  -1.4639200e+00
   2.5011600e+00  -9.4758700e-01
   2.7643000e+00  -3.1699200e-01
   2.8447900e+00   3.7849300e-01
   2.7294000e+00   1.0826000e+00
   2.4224800e+00   1.7374200e+00
   1.9456100e+00   2.2889000e+00
   1.3356700e+00   2.6918700e+00
   6.4134000e-01   2.9142700e+00
  -8.1415500e-02   2.9401400e+00
  -7.7462800e-01   2.7710100e+00
  -1.3837200e+00   2.4256200e+00
  -1.8625800e+00   1.9380400e+00
  -2.1777400e+00   1.3542900e+00
  -2.3114200e+00   7.2788000e-01
  -2.2629200e+00   1.1462600e-01
  -2.0484100e+00  -4.3268100e-01
  -1.6991300e+00  -8.6927400e-01
  -1.2580800e+00  -1.1625800e+00
  -7.7564000e-01  -1.2951700e+00
  -3.0451800e-01  -1.2662000e+00
   1.0552800e-01  -1.0912200e+00
   4.1257700e-01  -8.0035300e-01
   5.8665200e-01  -4.3509600e-01
   6.1260700e-01  -4.3962500e-02
   4.9151900e-01   3.2249500e-01
   2.4047200e-01   6.1686300e-01
  -1.0925900e-01   7.9970300e-01
  -5.1543100e-01   8.4358200e-01
  -9.2914100e-01   7.3589500e-01
  -1.2997900e+00   4.8021700e-01
  -1.5802400e+00   9.6037400e-02
  -1.7315800e+00  -3.8307700e-01
  -1.7271600e+00  -9.1272100e-01
  -1.5553800e+00  -1.4419700e+00
  -1.2210000e+00  -1.9183700e+00
  -7.4489600e-01  -2.2930300e+00
  -1.6217200e-01  -2.5254900e+00
   4.8105100e-01  -2.5877000e+00
   1.1319700e+00  -2.4668300e+00
   1.7360800e+00  -2.1666100e+00
   2.2422900e+00  -1.7071300e+00
   2.6078300e+00  -1.1229600e+00
   2.8021600e+00  -4.5998400e-01
   2.8099400e+00   2.2889200e-01
   2.6323400e+00   8.8869400e-01
   2.2869100e+00   1.4675100e+00
   1.8057900e+00   1.9212800e+00
   1.2326000e+00   2.2178800e+00
   6.1820900e-01   2.3399400e+00
   1.5883200e-02   2.2863100e+00
  -5.2379700e-01   2.0719400e+00
  -9.5769100e-01   1.7261500e+00
  -1.2541000e+00   1.2896200e+00
  -1.3956300e+00   8.1025300e-01
  -1.3806000e+00   3.3839500e-01
  -1.2229700e+00  -7.8156700e-02
  -9.5064200e-01  -3.9882300e-01
  -6.0253400e-01  -5.9417900e-01
  -2.2446100e-01  -6.4875000e-01
   1.3554900e-01  -5.6241300e-01
   4.3216500e-01  -3.5025900e-01
   6.2735300e-01  -4.0957000e-02
   6.9424400e-01   3.2624300e-01
   6.1986900e-01   7.0553600e-01
   4.0650800e-01   1.0492400e+00
   7.1520800e-02   1.3126800e+00
  -3.5432400e-01   1.4587100e+00
  -8.2985100e-01   1.4615800e+00
  -1.3075200e+00   1.3096200e+00
  -1.7381000e+00   1.0065800e+00
  -2.0755300e+00   5.7138500e-01
  -2.2815000e+00   3.6537000e-02
  -2.3292700e+00  -5.5496400e-01
  -2.2063700e+00  -1.1536400e+00
  -1.9159300e+00  -1.7082300e+00
  -1.4765400e+00  -2.1705400e+00
  -9.2057400e-01  -2.5000500e+00
  -2.9119600e-01  -2.6677600e+00
   3.6165500e-01  -2.6589100e+00
   9.8592600e-01  -2.4743800e+00
   1.5323100e+00  -2.1305600e+00
   1.9588200e+00  -1.6577800e+00
   2.2346500e+00  -1.0973300e+00
   2.3429600e+00  -4.9755300e-01
   2.2822500e+00   9.0786000e-02
   2.0663400e+00   6.1928400e-01
   1.7228100e+00   1.0464500e+00
   1.2901900e+00   1.3415200e+00
   8.1402100e-01   1.4872300e+00
   3.4241000e-01   1.4812400e+00
  -7.8743200e-02   1.3360900e+00
  -4.1018500e-01   1.0777100e+00
  -6.2308400e-01   7.4263400e-01
  -7.0174000e-01   3.7418500e-01
  -6.4498000e-01   1.8046400e-02
  -4.6610500e-01  -2.8239400e-01
  -1.9140100e-01  -4.9042800e-01
   1.4262900e-01  -5.7972800e-01
   4.9304100e-01  -5.3700000e-01
   8.1485600e-01  -3.6333000e-01
   1.0656600e+00  -7.4095000e-02
   1.2099600e+00   3.0254800e-01
   1.2228000e+00   7.2844300e-01
   1.0924400e+00   1.1592100e+00
   8.2160000e-01   1.5486700e+00
   4.2740900e-01   1.8533800e+00
  -6.0164000e-02   2.0370700e+00
  -6.0108900e-01   2.0741700e+00
  -1.1490600e+00   1.9525500e+00
  -1.6559200e+00   1.6747400e+00
  -2.0762500e+00   1.2578800e+00
  -2.3717000e+00   7.3220500e-01
  -2.5147300e+00   1.3823800e-01
  -2.4911600e+00  -4.7694900e-01
  -2.3016000e+00  -1.0641500e+00
  -1.9613700e+00  -1.5766000e+00
  -1.4990100e+00  -1.9743500e+00
  -9.5360300e-01  -2.2279600e+00
  -3.7102100e-01  -2.3211100e+00
   2.0039600e-01  -2.2520900e+00
   7.1439800e-01  -2.0337000e+00
   1.1311500e+00  -1.6919000e+00
   1.4208800e+00  -1.2631900e+00
   1.5665800e+00  -7.9089400e-01
   1.5653600e+00  -3.2095800e-01
   1.4285400e+00   1.0255400e-01
   1.1802300e+00   4.4170700e-01
   8.5481300e-01   6.6830900e-01
   4.9329500e-01   7.6653200e-01
   1.3917200e-01   7.3430300e-01
  -1.6599200e-01   5.8331700e-01
  -3.8674700e-01   3.3770000e-01
  -4.9729700e-01   3.1433300e-02
  -4.8407000e-01  -2.9517500e-01
  -3.4706000e-01  -5.9964000e-01
  -9.9810800e-02  -8.4165500e-01
   2.3194500e-01  -9.8722000e-01
   6.1286500e-01  -1.0121400e+00
   1.0015300e+00  -9.0455600e-01
   1.3545800e+00  -6.6623700e-01
   1.6310600e+00  -3.1255600e-01
   1.7965400e+00   1.2890700e-01
   1.8266100e+00   6.2095000e-01
   1.7093700e+00   1.1202900e+00
   1.4467600e+00   1.5817300e+00
   1.0545200e+00   1.9624600e+00
   5.6079900e-01   2.2262600e+00
   3.5862000e-03   2.3469400e+00
  -5.7282800e-01   2.3109100e+00
  -1.1219900e+00   2.1185000e+00
  -1.5996300e+00   1.7839900e+00
  -1.9678000e+00   1.3342400e+00
  -2.1983900e+00   8.0617100e-01
  -2.2757100e+00   2.4326900e-01
  -2.1978200e+00  -3.0849900e-01
  -1.9766400e+00  -8.0500800e-01
  -1.6366300e+00  -1.2080800e+00
  -1.2123600e+00  -1.4890000e+00
  -7.4503600e-01  -1.6310600e+00
  -2.7854100e-01  -1.6310000e+00
   1.4485900e-01  -1.4990300e+00
   4.8854500e-01  -1.2576600e+00
   7.2500900e-01  -9.3923700e-01
   8.3839300e-01  -5.8265700e-01
   8.2586500e-01  -2.2936200e-01
   6.9769300e-01   8.0811800e-02
   4.7604300e-01   3.1361400e-01
   1.9259100e-01   4.4377900e-01
  -1.1478100e-01   4.5751200e-01
  -4.0589100e-01   3.5382000e-01
  -6.4238300e-01   1.4456600e-01
  -7.9164700e-01  -1.4676300e-01
  -8.3017200e-01  -4.8743500e-01
  -7.4598200e-01  -8.3877900e-01
  -5.3993400e-01  -1.1600800e+00
  -2.2573800e-01  -1.4126700e+00
   1.7129000e-01  -1.5638600e+00
   6.1663000e-01  -1.5902600e+00
   1.0698700e+00  -1.4802000e+00
   1.4885900e+00  -1.2350200e+00
   1.8325200e+00  -8.6909000e-01
   2.0674000e+00  -4.0855400e-01
   2.1683500e+00   1.1105200e-01
   2.1223300e+00   6.4811700e-01
   1.9294100e+00   1.1588500e+00
   1.6028500e+00   1.6014100e+00
   1.1678900e+00   1.9397900e+00
   6.5936100e-01   2.1472100e+00
   1.1843500e-01   2.2085900e+00
  -4.1124200e-01   2.1218800e+00
  -8.8763600e-01   1.8981700e+00
  -1.2742300e+00   1.5605000e+00
  -1.5433900e+00   1.1416100e+00
  -1.6788100e+00   6.8070000e-01
  -1.6769300e+00   2.1964300e-01
  -1.5470300e+00  -2.0104900e-01
  -1.3101200e+00  -5.4607300e-01
  -9.9673400e-01  -7.8865200e-01
  -6.4375200e-01  -9.1299100e-01
  -2.9069800e-01  -9.1562700e-01
   2.4226300e-02  -8.0557200e-01
   2.6793100e-01  -6.0321900e-01
   4.1568800e-01  -3.3813900e-01
   4.5353800e-01  -4.5982600e-02
   3.7960800e-01   2.3520000e-01
   2.0422500e-01   4.6885700e-01
  -5.1185800e-02   6.2367200e-01
  -3.5630900e-01   6.7676300e-01
  -6.7502200e-01   6.1604400e-01
  -9.6906100e-01   4.4150400e-01
  -1.2018900e+00   1.6528700e-01
  -1.3424400e+00  -1.8942700e-01
  -1.3682500e+00  -5.9065000e-01
  -1.2678200e+00  -1.0006700e+00
  -1.0419000e+00  -1.3797400e+00
  -7.0353500e-01  -1.6899200e+00
  -2.7694600e-01  -1.8988500e+00
   2.0469500e-01  -1.9828800e+00
   7.0235900e-01  -1.9294700e+00
   1.1748300e+00  -1.7384200e+00
   1.5825800e+00  -1.4220400e+00
   1.8915200e+00  -1.0039600e+00
   2.0761800e+00  -5.1700100e-01
   2.1220900e+00  -8.9132400e-05
   2.0271100e+00   5.0539400e-01
   1.8015700e+00   9.5947100e-01
   1.4671800e+00   1.3272800e+00
   1.0549400e+00   1.5822900e+00
   6.0211200e-01   1.7086700e+00
   1.4862300e-01   1.7026400e+00
  -2.6673200e-01   1.5726700e+00
  -6.0997300e-01   1.3384200e+00
  -8.5509800e-01   1.0287100e+00
  -9.8645500e-01   6.7857500e-01
  -1.0000800e+00   3.2571200e-01
  -9.0387600e-01   6.7589800e-03
  -7.1664300e-01  -2.4631800e-01
  -4.6602800e-01  -4.0934300e-01
  -1.8562800e-01  -4.6825400e-01
   8.8477800e-02  -4.2040500e-01
   3.2141600e-01  -2.7473400e-01
   4.8307300e-01  -5.0773000e-02
   5.5116000e-01   2.2338600e-01
   5.1348500e-01   5.1398000e-01
   3.6922800e-01   7.8501700e-01
   1.2906400e-01   1.0019400e+00
  -1.8583600e-01   1.1351600e+00
  -5.4586100e-01   1.1630700e+00
  -9.1585100e-01   1.0743300e+00
  -1.2585400e+00   8.6908300e-01
  -1.5382400e+00   5.5910700e-01
  -1.7243300e+00   1.6676400e-01
  -1.7943300e+00  -2.7703800e-01
  -1.7361500e+00  -7.3574400e-01
  -1.5493400e+00  -1.1706100e+00
  -1.2452400e+00  -1.5443500e+00
  -8.4596600e-01  -1.8247100e+00
  -3.8237400e-01  -1.9874900e+00
   1.0879500e-01  -2.0188500e+00
   5.8836300e-01  -1.9165800e+00
   1.0183700e+00  -1.6902800e+00
   1.3655900e+00  -1.3604100e+00
   1.6046200e+00  -9.5631400e-01
   1.7201400e+00  -5.1336900e-01
   1.7082400e+00  -6.9623300e-02
   1.5766700e+00   3.3782400e-01
   1.3438600e+00   6.7631300e-01
   1.0370600e+00   9.2065800e-01
   6.8953900e-01   1.0554300e+00
   3.3727100e-01   1.0762700e+00
   1.5396300e-02   9.9012600e-01
  -2.4522100e-01   8.1435500e-01
  -4.2097700e-01   5.7485000e-01
  -4.9776900e-01   3.0331400e-01
  -4.7228300e-01   3.4002200e-02
  -3.5220800e-01  -1.9977800e-01
  -1.5535400e-01  -3.6904100e-01
   9.2235300e-02  -4.5205800e-01
   3.5897100e-01  -4.3655100e-01
   6.1096400e-01  -3.2094600e-01
   8.1548400e-01  -1.1455400e-01
   9.4431200e-01   1.6333200e-01
   9.7663500e-01   4.8532900e-01
   9.0121900e-01   8.1866400e-01
   7.1763400e-01   1.1284200e+00
   4.3641900e-01   1.3809800e+00
   7.8165800e-02   1.5473900e+00
  -3.2838200e-01   1.6062500e+00
  -7.4903600e-01   1.5458800e+00
  -1.1474100e+00   1.3655600e+00
  -1.4883800e+00   1.0757000e+00
  -1.7414600e+00   6.9692000e-01
  -1.8836700e+00   2.5819700e-01
  -1.9017700e+00  -2.0585100e-01
  -1.7935000e+00  -6.5818900e-01
  -1.5677900e+00  -1.0628300e+00
  -1.2439000e+00  -1.3881700e+00
  -8.4956200e-01  -1.6099200e+00
  -4.1835400e-01  -1.7133200e+00
   1.3515400e-02  -1.6944100e+00
   4.1061100e-01  -1.5602700e+00
   7.4159800e-01  -1.3282400e+00
   9.8213900e-01  -1.0240600e+00
   1.1171000e+00  -6.7936700e-01
   1.1418300e+00  -3.2847800e-01
   1.0624500e+00  -5.0897700e-03
   8.9500800e-01   2.6102000e-01
   6.6380800e-01   4.4684000e-01
   3.9880300e-01   5.3829000e-01
   1.3254900e-01   5.3149300e-01
  -1.0311100e-01   4.3302300e-01
  -2.8025500e-01   2.5912500e-01
  -3.7769300e-01   3.3968200e-02
  -3.8308200e-01  -2.1286200e-01
  -2.9416100e-01  -4.4941800e-01
  -1.1897700e-01  -6.4466200e-01
   1.2492200e-01  -7.7164100e-01
   4.1223100e-01  -8.1026300e-01
   7.1241000e-01  -7.4938000e-01
   9.9272600e-01  -5.8800000e-01
   1.2215200e+00  -3.3548600e-01
   1.3713900e+00  -1.0737400e-02
   1.4219200e+00   3.5956400e-01
   1.3618100e+00   7.4348700e-01
   1.1900500e+00   1.1069000e+00
   9.1614600e-01   1.4167300e+00
   5.5928500e-01   1.6441700e+00
   1.4660900e-01   1.7674300e+00
  -2.8931200e-01   1.7738600e+00
  -7.1352700e-01   1.6611300e+00
  -1.0919600e+00   1.4375500e+00
  -1.3946100e+00   1.1212100e+00
  -1.5983100e+00   7.3830600e-01
  -1.6888700e+00   3.2065700e-01
  -1.6623100e+00  -9.7312500e-02
  -1.5251500e+00  -4.8180600e-01
  -1.2936900e+00  -8.0281200e-01
  -9.9229200e-01  -1.0368700e+00
  -6.5100000e-01  -1.1692100e+00
  -3.0257300e-01  -1.1949700e+00
   2.0702800e-02  -1.1195400e+00
   2.9012000e-01  -9.5784300e-01
   4.8328600e-01  -7.3268400e-01
   5.8620800e-01  -4.7240900e-01
   5.9454200e-01  -2.0799000e-01
   5.1387500e-01   3.0104800e-02
   3.5903600e-01   2.1496700e-01
   1.5248500e-01   3.2592800e-01
  -7.8038600e-02   3.5061100e-01
  -3.0237900e-01   2.8613500e-01
  -4.9106200e-01   1.3938500e-01
  -6.1830900e-01  -7.3705400e-02
  -6.6468800e-01  -3.2976100e-01
  -6.1912200e-01  -6.0032000e-01
  -4.8007600e-01  -8.5469100e-01
  -2.5579200e-01  -1.0630400e+00
   3.6433500e-02  -1.1993800e+00
   3.7187900e-01  -1.2442500e+00
   7.2075300e-01  -1.1866500e+00
   1.0510600e+00  -1.0253000e+00
   1.3317000e+00  -7.6881100e-01
   1.5354400e+00  -4.3497900e-01
   1.6416400e+00  -4.9181300e-02
   1.6381800e+00   3.5799500e-01
   1.5227000e+00   7.5360900e-01
   1.3028900e+00   1.1054500e+00
   9.9571000e-01   1.3850700e+00
   6.2588400e-01   1.5704100e+00
   2.2352000e-01   1.6478700e+00
  -1.7869800e-01   1.6135100e+00
  -5.4858300e-01   1.4733200e+00
  -8.5744200e-01   1.2426400e+00
  -1.0827200e+00   9.4451200e-01
  -1.2100400e+00   6.0749700e-01
  -1.2344500e+00   2.6283300e-01
  -1.1606900e+00  -5.8560600e-02
  -1.0026400e+00  -3.2904100e-01
  -7.8177800e-01  -5.2685900e-01
  -5.2493400e-01  -6.3817000e-01
  -2.6160200e-01  -6.5825300e-01
  -2.0948400e-02  -5.9183300e-01
   1.7108400e-01  -4.5246300e-01
   2.9434600e-01  -2.6104000e-01
   3.3645400e-01  -4.3610100e-02
   2.9398100e-01   1.7132600e-01
   1.7275200e-01   3.5574000e-01
  -1.2785100e-02   4.8494400e-01
  -2.4104300e-01   5.4011600e-01
  -4.8548600e-01   5.1023700e-01
  -7.1732100e-01   3.9325600e-01
  -9.0840300e-01   1.9635700e-01
  -1.0340900e+00  -6.4682200e-02
  -1.0757500e+00  -3.6699000e-01
  -1.0227000e+00  -6.8280200e-01
  -8.7333200e-01  -9.8214800e-01
  -6.3540600e-01  -1.2357700e+00
  -3.2538400e-01  -1.4179800e+00
   3.3065500e-02  -1.5091600e+00
   4.1126100e-01  -1.4977400e+00
   7.7820300e-01  -1.3813000e+00
   1.1034900e+00  -1.1669200e+00
   1.3601700e+00  -8.7049300e-01
   1.5272900e+00  -5.1529800e-01
   1.5918300e+00  -1.2979100e-01
   1.5499000e+00   2.5504200e-01
   1.4070400e+00   6.0859600e-01
   1.1776700e+00   9.0348500e-01
   8.8359900e-01   1.1180800e+00
   5.5194900e-01   1.2384400e+00
   2.1249400e-01   1.2595600e+00
  -1.0517900e-01   1.1856700e+00
  -3.7448900e-01   1.0296900e+00
  -5.7435300e-01   8.1185100e-01
  -6.9113000e-01   5.5760000e-01
  -7.1981500e-01   2.9503100e-01
  -6.6437700e-01   5.2075300e-02
  -5.3722500e-01  -1.4625600e-01
  -3.5783300e-01  -2.8033200e-01
  -1.5069200e-01  -3.3780000e-01
   5.7227600e-02  -3.1475500e-01
   2.3924000e-01  -2.1606500e-01
   3.7166900e-01  -5.4815200e-02
   4.3626100e-01   1.4905200e-01
   4.2205100e-01   3.7078700e-01
   3.2650400e-01   5.8335400e-01
   1.5580800e-01   7.6017800e-01
  -7.5687400e-02   8.7785100e-01
  -3.4685300e-01   9.1852399e-01
  -6.3183200e-01   8.7176000e-01
  -9.0256399e-01   7.3565600e-01
  -1.1315400e+00   5.1713300e-01
  -1.2944900e+00   2.3136100e-01
  -1.3728200e+00  -9.9624899e-02
  -1.3554200e+00  -4.4897600e-01
  -1.2398200e+00  -7.8755900e-01
  -1.0325000e+00  -1.0867100e+00
  -7.4832900e-01  -1.3209400e+00
  -4.0917300e-01  -1.4703500e+00
  -4.1894700e-02  -1.5225200e+00
   3.2417900e-01  -1.4736000e+00
   6.5998800e-01  -1.3287400e+00
   9.3944399e-01  -1.1014800e+00
   1.1418400e+00  -8.1245200e-01
   1.2537300e+00  -4.8739700e-01
   1.2701100e+00  -1.5467300e-01
   1.1947400e+00   1.5744100e-01
   1.0397000e+00   4.2341700e-01
   8.2406300e-01   6.2286500e-01
   5.7197900e-01   7.4240100e-01
   3.1022000e-01   7.7681200e-01
   6.5538500e-02   7.2941900e-01
  -1.3796000e-01   6.1160200e-01
  -2.8116400e-01   4.4154200e-01
  -3.5179300e-01   2.4229900e-01
  -3.4553300e-01   3.9429500e-02
  -2.6639300e-01  -1.4162900e-01
  -1.2622100e-01  -2.7814700e-01
   5.6556100e-02  -3.5240400e-01
   2.5883500e-01  -3.5349000e-01
   4.5520600e-01  -2.7842000e-01
   6.2054900e-01  -1.3245600e-01
   7.3259600e-01   7.1391100e-02
   7.7421700e-01   3.1362500e-01
   7.3519200e-01   5.7018200e-01
   6.1331700e-01   8.1479400e-01
   4.1470600e-01   1.0215900e+00
   1.5328900e-01   1.1676600e+00
  -1.5046400e-01   1.2353200e+00
  -4.7145700e-01   1.2139100e+00
  -7.8234700e-01   1.1009000e+00
  -1.0561300e+00   9.0218999e-01
  -1.2687400e+00   6.3162600e-01
  -1.4012900e+00   3.0973400e-01
  -1.4419300e+00  -3.8183000e-02
  -1.3869000e+00  -3.8440400e-01
  -1.2409400e+00  -7.0138200e-01
  -1.0167800e+00  -9.6430699e-01
  -7.3391800e-01  -1.1534000e+00
  -4.1676500e-01  -1.2557300e+00
  -9.2302699e-02  -1.2663200e+00
   2.1247000e-01  -1.1885700e+00
   4.7307500e-01  -1.0337500e+00
   6.6983900e-01  -8.1989899e-01
   7.8967899e-01  -5.6991600e-01
   8.2724599e-01  -3.0932900e-01
   7.8530799e-01  -6.3758100e-02
   6.7432700e-01   1.4357400e-01
   5.1130400e-01   2.9408600e-01
   3.1798300e-01   3.7560600e-01
   1.1861000e-01   3.8348200e-01
  -6.2543100e-02   3.2096200e-01
  -2.0363300e-01   1.9876600e-01
  -2.8744900e-01   3.3938900e-02
  -3.0314300e-01  -1.5193300e-01
  -2.4731600e-01  -3.3494400e-01
  -1.2437200e-01  -4.9131900e-01
   5.3921200e-02  -5.9984300e-01
   2.6959500e-01  -6.4404500e-01
   5.0025900e-01  -6.1389900e-01
   7.2132700e-01  -5.0689800e-01
   9.0846399e-01  -3.2838400e-01
   1.0400100e+00  -9.1101299e-02
   1.0991600e+00   1.8597200e-01
   1.0756600e+00   4.7941600e-01
   9.6689099e-01   7.6359299e-01
   7.7818699e-01   1.0131000e+00
   5.2241100e-01   1.2052000e+00
   2.1878300e-01   1.3220100e+00
  -1.0889700e-01   1.3522100e+00
  -4.3447100e-01   1.2921500e+00
  -7.3186399e-01   1.1461700e+00
  -9.7751999e-01   9.2622299e-01
  -1.1525900e+00   6.5072400e-01
  -1.2446500e+00   3.4279600e-01
  -1.2488300e+00   2.8080700e-02
  -1.1681700e+00  -2.6767800e-01
  -1.0132500e+00  -5.2105000e-01
  -8.0109799e-01  -7.1308800e-01
  -5.5345700e-01  -8.3105799e-01
  -2.9466000e-01  -8.6954199e-01
  -4.9236300e-02  -8.3083199e-01
   1.6045800e-01  -7.2457499e-01
   3.1638200e-01  -5.6669500e-01
   4.0651100e-01  -3.7772300e-01
   4.2592700e-01  -1.8068600e-01
   3.7720100e-01   1.2356600e-03
   2.7004100e-01   1.4703700e-01
   1.2022800e-01   2.3999400e-01
  -5.2046700e-02   2.6933100e-01
  -2.2426300e-01   2.3128400e-01
  -3.7389000e-01   1.2946200e-01
  -4.8069000e-01  -2.5516000e-02
  -5.2879500e-01  -2.1710000e-01
  -5.0835000e-01  -4.2446300e-01
  -4.1655500e-01  -6.2458600e-01
  -2.5801100e-01  -7.9456699e-01
  -4.4337900e-02  -9.1391799e-01
   2.0690800e-01  -9.6663699e-01
   4.7389600e-01  -9.4284299e-01
   7.3261299e-01  -8.3981399e-01
   9.5917399e-01  -6.6233400e-01
   1.1321300e+00  -4.2231300e-01
   1.2345200e+00  -1.3770700e-01
   1.2555800e+00   1.6913700e-01
   1.1917000e+00   4.7357200e-01
   1.0468900e+00   7.5095399e-01
   8.3234799e-01   9.7895299e-01
   5.6542500e-01   1.1396300e+00
   2.6800400e-01   1.2211000e+00
  -3.5574900e-02   1.2185900e+00
  -3.2080000e-01   1.1348600e+00
  -5.6528000e-01   9.7983399e-01
  -7.5081299e-01   7.6958899e-01
  -8.6504299e-01   5.2477800e-01
  -9.0253999e-01   2.6858700e-01
  -8.6520099e-01   2.4488100e-02
  -7.6193799e-01  -1.8601600e-01
  -6.0769600e-01  -3.4543700e-01
  -4.2188300e-01  -4.4193800e-01
  -2.2638700e-01  -4.7039400e-01
  -4.3365400e-02  -4.3279200e-01
   1.0697600e-01  -3.3792900e-01
   2.0838800e-01  -2.0043300e-01
   2.5018100e-01  -3.9217000e-02
   2.2826600e-01   1.2447800e-01
   1.4553600e-01   2.6927200e-01
   1.1545400e-02   3.7582900e-01
  -1.5846800e-01   4.2884400e-01
  -3.4512700e-01   4.1861200e-01
  -5.2687100e-01   3.4205100e-01
  -6.8213199e-01   2.0306200e-01
  -7.9151199e-01   1.2195200e-02
  -8.3975399e-01  -2.1433600e-01
  -8.1730799e-01  -4.5620800e-01
  -7.2134099e-01  -6.9094699e-01
  -5.5609800e-01  -8.9610599e-01
  -3.3256600e-01  -1.0514500e+00
  -6.7483399e-02  -1.1409200e+00
   2.1820400e-01  -1.1542400e+00
   5.0130800e-01  -1.0878700e+00
   7.5856999e-01  -9.4547899e-01
   9.6884999e-01  -7.3752399e-01
   1.1151100e+00  -4.8035100e-01
   1.1859800e+00  -1.9463400e-01
   1.1768500e+00   9.6554999e-02
   1.0901800e+00   3.6991400e-01
   9.3530299e-01   6.0407800e-01
   7.2741499e-01   7.8159999e-01
   4.8611400e-01   8.9053399e-01
   2.3348800e-01   9.2548499e-01
  -8.0221999e-03   8.8801799e-01
  -2.1775600e-01   7.8639199e-01
  -3.7879300e-01   6.3465099e-01
  -4.7951700e-01   4.5116300e-01
  -5.1465900e-01   2.5675100e-01
  -4.8570300e-01   7.2600099e-02
  -4.0063000e-01  -8.1844899e-02
  -2.7301900e-01  -1.9080000e-01
  -1.2061400e-01  -2.4368300e-01
   3.6527100e-02  -2.3612700e-01
   1.7808800e-01  -1.7037400e-01
   2.8557200e-01  -5.5006300e-02
   3.4419400e-01   9.5947999e-02
   3.4439000e-01   2.6445500e-01
   2.8281000e-01   4.3030700e-01
   1.6269300e-01   5.7317400e-01
  -6.4147199e-03   6.7466899e-01
  -2.0956900e-01   7.2022199e-01
  -4.2786600e-01   7.0057899e-01
  -6.4028699e-01   6.1278899e-01
  -8.2574399e-01   4.6056900e-01
  -9.6514799e-01   2.5401500e-01
  -1.0432900e+00   8.6966599e-03
  -1.0503400e+00  -2.5579000e-01
  -9.8285199e-01  -5.1765800e-01
  -8.4411499e-01  -7.5498599e-01
  -6.4390599e-01  -9.4778599e-01
  -3.9757700e-01  -1.0798900e+00
  -1.2463700e-01  -1.1404700e+00
   1.5307800e-01  -1.1250200e+00
   4.1344900e-01  -1.0358100e+00
   6.3612599e-01  -8.8157399e-01
   8.0441899e-01  -6.7667499e-01
   9.0681599e-01  -4.3970500e-01
   9.3799899e-01  -1.9168800e-01
   8.9925599e-01   4.5935700e-02
   7.9825799e-01   2.5334300e-01
   6.4822499e-01   4.1418900e-01
   4.6655300e-01   5.1711900e-01
   2.7306200e-01   5.5677300e-01
   8.8016599e-02   5.3420700e-01
  -6.9873099e-02   4.5667300e-01
  -1.8528500e-01   3.3680200e-01
  -2.4776300e-01   1.9126000e-01
  -2.5271000e-01   3.9018000e-02
  -2.0178600e-01  -1.0059800e-01
  -1.0268900e-01  -2.0987200e-01
   3.1665400e-02  -2.7450600e-01
   1.8448200e-01  -2.8506700e-01
   3.3680600e-01  -2.3795800e-01
   4.6945700e-01  -1.3579900e-01
   5.6497999e-01   1.2807300e-02
   6.0943699e-01   1.9410500e-01
   5.9384299e-01   3.9052800e-01
   5.1512100e-01   5.8242299e-01
   3.7647200e-01   7.4998199e-01
   1.8713900e-01   8.7519699e-01
  -3.8431400e-02   9.4364799e-01
  -2.8193500e-01   9.4594199e-01
  -5.2293200e-01   8.7866999e-01
  -7.4078299e-01   7.4479299e-01
  -9.1661199e-01   5.5340199e-01
  -1.0350900e+00   3.1889600e-01
  -1.0859100e+00   5.9649399e-02
  -1.0647200e+00  -2.0370200e-01
  -9.7355099e-01  -4.5019100e-01
  -8.2061099e-01  -6.6046999e-01
  -6.1946399e-01  -8.1860699e-01
  -3.8773100e-01  -9.1353699e-01
  -1.4540800e-01  -9.4005199e-01
   8.7046199e-02  -8.9921099e-01
   2.9063400e-01  -7.9815899e-01
   4.4960200e-01  -6.4934999e-01
   5.5288399e-01  -4.6927200e-01
   5.9508399e-01  -2.7679800e-01
   5.7689399e-01  -9.1313099e-02
   5.0492300e-01   6.9186199e-02
   3.9093800e-01   1.8983700e-01
   2.5061900e-01   2.6033500e-01
   1.0192800e-01   2.7589600e-01
  -3.6727100e-02   2.3766600e-01
  -1.4836300e-01   1.5254300e-01
  -2.1913900e-01   3.2424000e-02
  -2.3975100e-01  -1.0703700e-01
  -2.0637700e-01  -2.4804100e-01
  -1.2106300e-01  -3.7246900e-01
   8.4669699e-03  -4.6373300e-01
   1.6957000e-01  -5.0847599e-01
   3.4593100e-01  -4.9795300e-01
   5.1917799e-01  -4.2895400e-01
   6.7070099e-01  -3.0418700e-01
   7.8350799e-01  -1.3207500e-01
   8.4391299e-01   7.4009999e-02
   8.4292499e-01   2.9699600e-01
   7.7716799e-01   5.1772999e-01
   6.4926699e-01   7.1680199e-01
   4.6765300e-01   8.7639899e-01
   2.4579900e-01   9.8200899e-01
   9.8518699e-04   1.0238100e+00
  -2.4732000e-01   9.9760599e-01
  -4.7927200e-01   9.0523099e-01
  -6.7650599e-01   7.5436999e-01
  -8.2383999e-01   5.5781899e-01
  -9.1066999e-01   3.3226900e-01
  -9.3192199e-01   9.6716099e-02
  -8.8846799e-01  -1.2933800e-01
  -7.8697099e-01  -3.2771800e-01
  -6.3917699e-01  -4.8326800e-01
  -4.6072200e-01  -5.8523999e-01
  -2.6957600e-01  -6.2824599e-01
  -8.4280499e-02  -6.1267899e-01
   7.7861799e-02  -5.4457499e-01
   2.0245000e-01  -4.3491800e-01
   2.7935500e-01  -2.9848100e-01
   3.0365100e-01  -1.5229200e-01
   2.7603600e-01  -1.3899900e-02
   2.0268500e-01   1.0039800e-01
   9.4566999e-02   1.7719800e-01
  -3.3710500e-02   2.0732800e-01
  -1.6541700e-01   1.8676100e-01
  -2.8341400e-01   1.1701800e-01
  -3.7191500e-01   5.0085999e-03
  -4.1809800e-01  -1.3766000e-01
  -4.1343400e-01  -2.9584000e-01
  -3.5458100e-01  -4.5235700e-01
  -2.4377200e-01  -5.8972099e-01
  -8.8647599e-02  -6.9188499e-01
   9.8440999e-02  -7.4585099e-01
   3.0159700e-01  -7.4299399e-01
   5.0289299e-01  -6.7995599e-01
   6.8408999e-01  -5.5903299e-01
   8.2839099e-01  -3.8801300e-01
   9.2205899e-01  -1.7947600e-01
   9.5574899e-01   5.0360299e-02
   9.2540699e-01   2.8315400e-01
   8.3267699e-01   5.0015399e-01
   6.8474699e-01   6.8395299e-01
   4.9367499e-01   8.2010999e-01
   2.7525100e-01   8.9848499e-01
   4.7498599e-02   9.1415999e-01
  -1.7101700e-01   8.6784799e-01
  -3.6293200e-01   7.6577599e-01
  -5.1369799e-01   6.1902599e-01
  -6.1290799e-01   4.4242800e-01
  -6.5522199e-01   2.5309500e-01
  -6.4078999e-01   6.8749599e-02
  -5.7513799e-01  -9.3981899e-02
  -4.6854099e-01  -2.2116500e-01
  -3.3493600e-01  -3.0286800e-01
  -1.9048100e-01  -3.3407100e-01
  -5.1921999e-02  -3.1508100e-01
   6.5094399e-02  -2.5142900e-01
   1.4758300e-01  -1.5323900e-01
   1.8650600e-01  -3.4157800e-02
   1.7766400e-01   9.0066799e-02
   1.2209700e-01   2.0320500e-01
   2.5961900e-02   2.9021000e-01
  -1.0009100e-01   3.3875500e-01
  -2.4199800e-01   3.4050700e-01
  -3.8370100e-01   2.9199400e-01
  -5.0875399e-01   1.9499600e-01
  -6.0198999e-01   5.6411599e-02
  -6.5104699e-01  -1.1237700e-01
  -6.4763499e-01  -2.9658700e-01
  -5.8840299e-01  -4.7945399e-01
  -4.7531999e-01  -6.4384999e-01
  -3.1555000e-01  -7.7394399e-01
  -1.2081100e-01  -8.5673799e-01
   9.3702799e-02  -8.8333699e-01
   3.1073900e-01  -8.4982399e-01
   5.1260399e-01  -7.5765399e-01
   6.8282299e-01  -6.1353899e-01
   8.0768199e-01  -4.2882599e-01
   8.7750499e-01  -2.1842800e-01
   8.8753799e-01   5.7242099e-04
   8.3836599e-01   2.1052800e-01
   7.3580999e-01   3.9487900e-01
   5.9033199e-01   5.3968599e-01
   4.1599400e-01   6.3490399e-01
   2.2908500e-01   6.7527599e-01
   4.6541899e-02   6.6075499e-01
  -1.1567900e-01   5.9641699e-01
  -2.4411300e-01   4.9189199e-01
  -3.2905000e-01   3.6034100e-01
  -3.6541300e-01   2.1711400e-01
  -3.5318300e-01   7.8199299e-02
  -2.9731100e-01  -4.1375100e-02
  -2.0715900e-01  -1.2903000e-01
  -9.5492599e-02  -1.7587100e-01
   2.2846800e-02  -1.7755200e-01
   1.3246900e-01  -1.3467900e-01
   2.1901200e-01  -5.2724499e-02
   2.7061000e-01   5.8547699e-02
   2.7911000e-01   1.8607900e-01
   2.4091400e-01   3.1484500e-01
   1.5737400e-01   4.2937099e-01
   3.4687700e-02   5.1530699e-01
  -1.1667700e-01   5.6087999e-01
  -2.8299000e-01   5.5810399e-01
  -4.4858699e-01   5.0361999e-01
  -5.9739099e-01   3.9908000e-01
  -7.1448399e-01   2.5104200e-01
  -7.8756699e-01   7.0395299e-02
  -8.0817099e-01  -1.2865300e-01
  -7.7250099e-01  -3.2989900e-01
  -6.8182999e-01  -5.1666999e-01
  -5.4240899e-01  -6.7339399e-01
  -3.6489200e-01  -7.8706499e-01
  -1.6334900e-01  -8.4846499e-01
   4.6055799e-02  -8.5301299e-01
   2.4657300e-01  -8.0118199e-01
   4.2243399e-01  -6.9841899e-01
   5.6030999e-01  -5.5459699e-01
   6.5053399e-01  -3.8304800e-01
   6.8795999e-01  -1.9926800e-01
   6.7238499e-01  -1.9425700e-02
   6.0848899e-01   1.4117700e-01
   5.0530799e-01   2.6955100e-01
   3.7528700e-01   3.5623200e-01
   2.3301800e-01   3.9612599e-01
   9.3770199e-02   3.8893600e-01
  -2.8018100e-02   3.3910600e-01
  -1.2016500e-01   2.5530100e-01
  -1.7393000e-01   1.4948300e-01
  -1.8485000e-01   3.5660100e-02
  -1.5314500e-01  -7.1556699e-02
  -8.3661599e-02  -1.5844300e-01
   1.4647500e-02  -2.1356100e-01
   1.2965200e-01  -2.2892700e-01
   2.4728500e-01  -2.0082400e-01
   3.5297400e-01  -1.3020300e-01
   4.3312299e-01  -2.2605500e-02
   4.7650499e-01   1.1236300e-01
   4.7540999e-01   2.6196200e-01
   4.2646099e-01   4.1156399e-01
   3.3099600e-01   5.4608199e-01
   1.9499400e-01   6.5145799e-01
   2.8542800e-02   7.1604999e-01
  -1.5509300e-01   7.3178799e-01
  -3.4071900e-01   6.9498799e-01
  -5.1264399e-01   6.0674199e-01
  -6.5616499e-01   4.7285099e-01
  -7.5896399e-01   3.0330100e-01
  -8.1226799e-01   1.1134200e-01
  -8.1167399e-01  -8.7753199e-02
  -7.5755599e-01  -2.7811100e-01
  -6.5500899e-01  -4.4473899e-01
  -5.1334699e-01  -5.7492099e-01
  -3.4520300e-01  -6.5937499e-01
  -1.6530500e-01  -6.9309199e-01
   1.0921500e-02  -6.7574799e-01
   1.6882400e-01  -6.1166899e-01
   2.9589600e-01  -5.0934599e-01
   3.8293399e-01  -3.8055899e-01
   4.2486499e-01  -2.3918300e-01
   4.2116499e-01  -9.9808099e-02
   3.7582699e-01   2.3698400e-02
   2.9689000e-01   1.1954600e-01
   1.9557900e-01   1.7915900e-01
   8.5131299e-02   1.9798500e-01
  -2.0563400e-02   1.7590900e-01
  -1.0837600e-01   1.1721100e-01
  -1.6727000e-01   3.0098400e-02
  -1.8942200e-01  -7.4150899e-02
  -1.7100900e-01  -1.8235500e-01
  -1.1260800e-01  -2.8077300e-01
  -1.9146200e-02  -3.5651400e-01
   1.0057500e-01  -3.9884799e-01
   2.3474500e-01  -4.0031799e-01
   3.6970699e-01  -3.5752100e-01
   4.9130499e-01  -2.7149000e-01
   5.8628899e-01  -1.4764600e-01
   6.4363199e-01   4.6887299e-03
   6.5563499e-01   1.7315300e-01
   6.1870899e-01   3.4351800e-01
   5.3376799e-01   5.0102999e-01
   4.0617399e-01   6.3182499e-01
   2.4526800e-01   7.2424299e-01
   6.3501999e-02   7.6994499e-01
  -1.2471300e-01   7.6470399e-01
  -3.0435600e-01   7.0880299e-01
  -4.6120099e-01   6.0700499e-01
  -5.8313099e-01   4.6809099e-01
  -6.6126199e-01   3.0401700e-01
  -6.9073599e-01   1.2877300e-01
  -6.7113899e-01  -4.2944799e-02
  -6.0647899e-01  -1.9712300e-01
  -5.0474599e-01  -3.2174000e-01
  -3.7709599e-01  -4.0787499e-01
  -2.3672700e-01  -4.5050699e-01
  -9.7579499e-02  -4.4892699e-01
   2.7031600e-02  -4.0673399e-01
   1.2570400e-01  -3.3140200e-01
   1.9003900e-01  -2.3347800e-01
   2.1542900e-01  -1.2548800e-01
   2.0146300e-01  -2.0651700e-02
   1.5191400e-01   6.8460599e-02
   7.4312699e-02   1.3119200e-01
  -2.0847700e-02   1.5987400e-01
  -1.2120100e-01   1.5059000e-01
  -2.1377700e-01   1.0357400e-01
  -2.8633200e-01   2.3183900e-02
  -3.2860000e-01  -8.2529999e-02
  -3.3335200e-01  -2.0262400e-01
  -2.9715200e-01  -3.2434800e-01
  -2.2073900e-01  -4.3441999e-01
  -1.0900000e-01  -5.2034499e-01
   2.9471800e-02  -5.7166799e-01
   1.8317800e-01  -5.8103299e-01
   3.3880699e-01  -5.4493699e-01
   4.8250499e-01  -4.6410799e-01
   6.0120599e-01  -3.4348799e-01
   6.8388299e-01  -1.9178700e-01
   7.2261199e-01  -2.0691700e-02
   7.1333599e-01   1.5622600e-01
   6.5625499e-01   3.2477500e-01
   5.5581399e-01   4.7147099e-01
   4.2027999e-01   5.8479499e-01
   2.6096000e-01   6.5625799e-01
   9.1125899e-02   6.8116999e-01
  -7.5237899e-02   6.5904699e-01
  -2.2474800e-01   5.9361199e-01
  -3.4587299e-01   4.9239199e-01
  -4.2998699e-01   3.6595399e-01
  -4.7215099e-01   2.2685200e-01
  -4.7151399e-01   8.8403199e-02
  -4.3132499e-01  -3.6613699e-02
  -3.5854699e-01  -1.3718300e-01
  -2.6310900e-01  -2.0509900e-01
  -1.5687500e-01  -2.3572600e-01
  -5.2438099e-02  -2.2840200e-01
   3.8155299e-02  -1.8644600e-01
   1.0461100e-01  -1.1677400e-01
   1.3941200e-01  -2.9161700e-02
   1.3856600e-01   6.4776499e-02
   1.0199300e-01   1.5278200e-01
   3.3526299e-02   2.2321100e-01
  -5.9479299e-02   2.6622500e-01
  -1.6688600e-01   2.7480300e-01
  -2.7679400e-01   2.4547300e-01
  -3.7672899e-01   1.7869400e-01
  -4.5490199e-01   7.8842399e-02
  -5.0139399e-01  -4.6180099e-02
  -5.0916199e-01  -1.8569400e-01
  -4.7477199e-01  -3.2726199e-01
  -3.9877299e-01  -4.5788399e-01
  -2.8569100e-01  -5.6525199e-01
  -1.4363300e-01  -6.3894299e-01
   1.6458500e-02  -6.7142999e-01
   1.8182000e-01  -6.5881599e-01
   3.3906399e-01  -6.0122199e-01
   4.7543099e-01  -5.0278599e-01
   5.7998499e-01  -3.7128199e-01
   6.4463099e-01  -2.1738700e-01
   6.6485399e-01  -5.3675599e-02
   6.4012299e-01   1.0656100e-01
   5.7389999e-01   2.5056300e-01
   4.7327699e-01   3.6728699e-01
   3.4826399e-01   4.4841999e-01
   2.1080500e-01   4.8912399e-01
   7.3612699e-02   4.8844199e-01
  -5.1057499e-02   4.4931999e-01
  -1.5257700e-01   3.7825599e-01
  -2.2294500e-01   2.8461000e-01
  -2.5752800e-01   1.7963100e-01
  -2.5545100e-01   7.5325399e-02
  -2.1963200e-01  -1.6757800e-02
  -1.5643300e-01  -8.6670799e-02
  -7.4970199e-02  -1.2705200e-01
   1.3832500e-02  -1.3384800e-01
   9.8374498e-02  -1.0669700e-01
   1.6756700e-01  -4.8951699e-02
   2.1196700e-01   3.2674799e-02
   2.2474500e-01   1.2879300e-01
   2.0239500e-01   2.2828800e-01
   1.4510500e-01   3.1944399e-01
   5.6772499e-02   3.9112499e-01
  -5.5357699e-02   4.3390599e-01
  -1.8138000e-01   4.4103499e-01
  -3.0968399e-01   4.0913399e-01
  -4.2807899e-01   3.3857199e-01
  -5.2497599e-01   2.3347400e-01
  -5.9052299e-01   1.0136000e-01
  -6.1756899e-01  -4.7540199e-02
  -6.0236799e-01  -2.0124400e-01
  -5.4496099e-01  -3.4713899e-01
  -4.4918999e-01  -4.7316799e-01
  -3.2235199e-01  -5.6896499e-01
  -1.7451300e-01  -6.2682199e-01
  -1.7573200e-02  -6.4240499e-01
   1.3585600e-01  -6.1514699e-01
   2.7362600e-01  -5.4827099e-01
   3.8518299e-01  -4.4846199e-01
   4.6253399e-01  -3.2520099e-01
   5.0096699e-01  -1.8984500e-01
   4.9944599e-01  -5.4521899e-02
   4.6065099e-01   6.9024599e-02
   3.9065999e-01   1.7055400e-01
   2.9830599e-01   2.4228500e-01
   1.9426700e-01   2.7961000e-01
   8.9992598e-02   2.8148300e-01
  -3.4387699e-03   2.5046700e-01
  -7.6415699e-02   1.9242100e-01
  -1.2173500e-01   1.1586400e-01
  -1.3529900e-01   3.1081399e-02
  -1.1649700e-01  -5.0933499e-02
  -6.8244199e-02  -1.1960700e-01
   3.3350199e-03  -1.6586500e-01
   8.9541798e-02  -1.8305600e-01
   1.7999100e-01  -1.6763900e-01
   2.6366600e-01  -1.1954900e-01
   3.3004099e-01  -4.2231399e-02
   3.7014699e-01   5.7686299e-02
   3.7749699e-01   1.7102900e-01
   3.4875699e-01   2.8696499e-01
   2.8411900e-01   3.9406599e-01
   1.8731800e-01   4.8142499e-01
   6.5313399e-02   5.3972799e-01
  -7.2353499e-02   5.6217499e-01
  -2.1445000e-01   5.4516099e-01
  -3.4910899e-01   4.8864599e-01
  -4.6495099e-01   3.9618499e-01
  -5.5216199e-01   2.7461100e-01
  -6.0341399e-01   1.3340100e-01
  -6.1455499e-01  -1.6202700e-02
  -5.8498999e-01  -1.6225000e-01
  -5.1772099e-01  -2.9319399e-01
  -4.1904799e-01  -3.9896499e-01
  -2.9794699e-01  -4.7189999e-01
  -1.6520800e-01  -5.0742499e-01
  -3.2394899e-02  -5.0445499e-01
   8.9253598e-02  -4.6543599e-01
   1.8988500e-01  -3.9606399e-01
   2.6195200e-01  -3.0468099e-01
   3.0089399e-01  -2.0143000e-01
   3.0553199e-01  -9.7236098e-02
   2.7811799e-01  -2.7252300e-03
   2.2405700e-01   7.2818699e-02
   1.5132200e-01   1.2235600e-01
   6.9611499e-02   1.4176200e-01
  -1.0643400e-02   1.3021200e-01
  -7.9349199e-02   9.0223798e-02
  -1.2777500e-01   2.7383600e-02
  -1.4943800e-01  -5.0245399e-02
  -1.4076400e-01  -1.3295100e-01
  -1.0145600e-01  -2.1036700e-01
  -3.4533399e-02  -2.7252900e-01
   5.3953399e-02  -3.1089199e-01
   1.5551400e-01  -3.1920899e-01
   2.6005200e-01  -2.9418399e-01
   3.5685399e-01  -2.3583000e-01
   4.3565199e-01  -1.4751000e-01
   4.8763899e-01  -3.5641799e-02
   5.0634299e-01   9.0889998e-02
   4.8828799e-01   2.2157100e-01
   4.3335099e-01   3.4525099e-01
   3.4480499e-01   4.5120099e-01
   2.2903500e-01   5.3013899e-01
   9.4948898e-02   5.7510399e-01
  -4.6851899e-02   5.8212399e-01
  -1.8505900e-01   5.5058399e-01
  -3.0871599e-01   4.8327899e-01
  -4.0823399e-01   3.8613999e-01
  -4.7627999e-01   2.6765999e-01
  -5.0843499e-01   1.3808200e-01
  -5.0358199e-01   8.4199498e-03
  -4.6396299e-01  -1.1058300e-01
  -3.9492299e-01  -2.0946300e-01
  -3.0434899e-01  -2.8091699e-01
  -2.0187900e-01  -3.2045899e-01
  -9.7939198e-02  -3.2680199e-01
  -2.7198499e-03  -3.0193099e-01
   7.4816499e-02  -2.5084200e-01
   1.2779900e-01  -1.8100900e-01
   1.5209800e-01  -1.0159000e-01
   1.4670100e-01  -2.2493500e-02
   1.1377300e-01   4.6634799e-02
   5.8409899e-02   9.7386998e-02
  -1.1909200e-02   1.2344100e-01
  -8.8093098e-02   1.2119600e-01
  -1.6037500e-01   9.0139298e-02
  -2.1931100e-01   3.2896999e-02
  -2.5674800e-01  -4.5020099e-02
  -2.6665899e-01  -1.3576200e-01
  -2.4577500e-01  -2.2991800e-01
  -1.9393700e-01  -3.1744799e-01
  -1.1415000e-01  -3.8868199e-01
  -1.2314700e-02  -4.3528399e-01
   1.0331200e-01  -4.5109199e-01
   2.2290100e-01  -4.3274099e-01
   3.3598599e-01  -3.8002499e-01
   4.3246399e-01  -2.9594299e-01
   5.0355899e-01  -1.8644400e-01
   5.4266699e-01  -5.9884199e-02
   5.4598799e-01   7.3753399e-02
   5.1289199e-01   2.0378600e-01
   4.4597599e-01   3.1983199e-01
   3.5081899e-01   4.1277699e-01
   2.3544800e-01   4.7561699e-01
   1.0957900e-01   5.0409999e-01
  -1.6311700e-02   4.9709299e-01
  -1.3196800e-01   4.5665799e-01
  -2.2831600e-01   3.8781499e-01
  -2.9830599e-01   2.9802699e-01
  -3.3754399e-01   1.9645200e-01
  -3.4466899e-01   9.3040998e-02
  -3.2142899e-01  -2.4375100e-03
  -2.7245699e-01  -8.1337998e-02
  -2.0476800e-01  -1.3696600e-01
  -1.2702100e-01  -1.6520600e-01
  -4.8639199e-02  -1.6488700e-01
   2.1152500e-02  -1.3786100e-01
   7.4251699e-02  -8.8777498e-02
   1.0449100e-01  -2.4583500e-02
   1.0825300e-01   4.6201999e-02
   8.4825598e-02   1.1436600e-01
   3.6474399e-02   1.7094700e-01
  -3.1791299e-02   2.0815300e-01
  -1.1271800e-01   2.2015800e-01
  -1.9753400e-01   2.0371500e-01
  -2.7682799e-01   1.5849900e-01
  -3.4148799e-01   8.7170598e-02
  -3.8361899e-01  -4.8580599e-03
  -3.9734299e-01  -1.0992900e-01
  -3.7939699e-01  -2.1886600e-01
  -3.2948599e-01  -3.2185399e-01
  -2.5034299e-01  -4.0938199e-01
  -1.4749500e-01  -4.7316199e-01
  -2.8765099e-02  -5.0692899e-01
   9.6461798e-02  -5.0704899e-01
   2.1810900e-01  -4.7287599e-01
   3.2635499e-01  -4.0681799e-01
   4.1254899e-01  -3.1411599e-01
   4.7001699e-01  -2.0234900e-01
   4.9467499e-01  -8.0717098e-02
   4.8538999e-01   4.0822899e-02
   4.4406299e-01   1.5249600e-01
   3.7541299e-01   2.4561799e-01
   2.8650399e-01   3.1339899e-01
   1.8603800e-01   3.5155499e-01
   8.3507998e-02   3.5867499e-01
  -1.1725800e-02   3.3630499e-01
  -9.1332498e-02   2.8874999e-01
  -1.4880200e-01   2.2260300e-01
  -1.8004900e-01   1.4606400e-01
  -1.8377600e-01   6.8100099e-02
  -1.6155700e-01  -2.4595399e-03
  -1.1763900e-01  -5.7803699e-02
  -5.8482899e-02  -9.1916898e-02
   7.9186098e-03  -1.0117200e-01
   7.2863898e-02  -8.4682498e-02
   1.2783700e-01  -4.4380299e-02
   1.6537900e-01   1.5187100e-02
   1.7985300e-01   8.7319098e-02
   1.6802700e-01   1.6384000e-01
   1.2941600e-01   2.3591999e-01
   6.6356999e-02   2.9497099e-01
  -1.6204300e-02   3.3350599e-01
  -1.1117600e-01   3.4590799e-01
  -2.0999900e-01   3.2900399e-01
  -3.0347799e-01   2.8240899e-01
  -3.8266499e-01   2.0859500e-01
  -4.3973299e-01   1.1268500e-01
  -4.6873899e-01   1.9833900e-03
  -4.6620699e-01  -1.1470000e-01
  -4.3147399e-01  -2.2787400e-01
  -3.6676499e-01  -3.2825999e-01
  -2.7699499e-01  -4.0765899e-01
  -1.6930700e-01  -4.5972399e-01
  -5.2405799e-02  -4.8053899e-01
   6.4262399e-02  -4.6898299e-01
   1.7139300e-01  -4.2680999e-01
   2.6069099e-01  -3.5845999e-01
   3.2563199e-01  -2.7061699e-01
   3.6205699e-01  -1.7154900e-01
   3.6852599e-01  -7.0307398e-02
   3.4641199e-01   2.4145699e-02
   2.9972299e-01   1.0379200e-01
   2.3466799e-01   1.6231400e-01
   1.5901500e-01   1.9567500e-01
   8.1305098e-02   2.0247500e-01
   9.9940698e-03   1.8404700e-01
  -4.7387199e-02   1.4427600e-01
  -8.4974198e-02   8.9178298e-02
  -9.9140998e-02   2.6263899e-02
  -8.8845798e-02  -3.6237799e-02
  -5.5718599e-02  -9.0223998e-02
  -3.8826099e-03  -1.2854600e-01
   6.0472799e-02  -1.4573900e-01
   1.2972300e-01  -1.3858600e-01
   1.9558200e-01  -1.0645200e-01
   2.4994299e-01  -5.1364699e-02
   2.8570099e-01   2.2166700e-02
   2.9747599e-01   1.0758500e-01
   2.8217599e-01   1.9691700e-01
   2.3932499e-01   2.8154799e-01
   1.7114000e-01   3.5306499e-01
   8.2352998e-02   4.0407699e-01
  -2.0227500e-02   4.2894399e-01
  -1.2834600e-01   4.2433799e-01
  -2.3307599e-01   3.8957599e-01
  -3.2566299e-01   3.2670699e-01
  -3.9834799e-01   2.4032799e-01
  -4.4509799e-01   1.3716300e-01
  -4.6217199e-01   2.5432599e-02
  -4.4846399e-01  -8.5912598e-02
  -4.0559299e-01  -1.8803100e-01
  -3.3773799e-01  -2.7300999e-01
  -2.5122199e-01  -3.3459899e-01
  -1.5389500e-01  -3.6877299e-01
  -5.4383199e-02  -3.7408299e-01
   3.8741899e-02  -3.5175199e-01
   1.1777400e-01  -3.0551999e-01
   1.7659300e-01  -2.4124099e-01
   2.1122800e-01  -1.6628300e-01
   2.2020399e-01  -8.8783198e-02
   2.0464200e-01  -1.6841600e-02
   1.6810400e-01   4.2281299e-02
   1.1620000e-01   8.2872898e-02
   5.5998099e-02   1.0131900e-01
  -4.7102299e-03   9.6444398e-02
  -5.8205099e-02   6.9606698e-02
  -9.7626598e-02   2.4540899e-02
  -1.1767200e-01  -3.3033699e-02
  -1.1513800e-01  -9.6002298e-02
  -8.9248298e-02  -1.5658200e-01
  -4.1743799e-02  -2.0711300e-01
   2.3279099e-02  -2.4084099e-01
   9.9764898e-02  -2.5260899e-01
   1.8029000e-01  -2.3939199e-01
   2.5678899e-01  -2.0062000e-01
   3.2135099e-01  -1.3826800e-01
   3.6699399e-01  -5.6689899e-02
   3.8836599e-01   3.7781299e-02
   3.8227199e-01   1.3742200e-01
   3.4800899e-01   2.3384799e-01
   2.8745199e-01   3.1880799e-01
   2.0489000e-01   3.8496599e-01
   1.0664100e-01   4.2659899e-01
   4.5782199e-04   4.4013299e-01
  -1.0519300e-01   4.2448399e-01
  -2.0192200e-01   3.8114599e-01
  -2.8219699e-01   3.1404999e-01
  -3.4003999e-01   2.2917199e-01
  -3.7156999e-01   1.3396400e-01
  -3.7534299e-01   3.6635699e-02
  -3.5245599e-01  -5.4621999e-02
  -3.0640399e-01  -1.3241300e-01
  -2.4271199e-01  -1.9082300e-01
  -1.6837100e-01  -2.2596299e-01
  -9.1140198e-02  -2.3630299e-01
  -1.8775900e-02  -2.2278299e-01
   4.1724099e-02  -1.8867400e-01
   8.4800498e-02  -1.3921900e-01
   1.0686300e-01  -8.1076898e-02
   1.0662300e-01  -2.1635699e-02
   8.5196098e-02   3.1741999e-02
   4.5962999e-02   7.2466698e-02
  -5.7876699e-03   9.5388998e-02
  -6.3411398e-02   9.7319298e-02
  -1.1958900e-01   7.7351998e-02
  -1.6707700e-01   3.6960799e-02
  -1.9944500e-01  -2.0142700e-02
  -2.1173899e-01  -8.8372998e-02
  -2.0099000e-01  -1.6082100e-01
  -1.6654100e-01  -2.2993899e-01
  -1.1013000e-01  -2.8828299e-01
  -3.5747699e-02  -3.2925899e-01
   5.0725499e-02  -3.4777999e-01
   1.4207500e-01  -3.4077499e-01
   2.3043599e-01  -3.0751699e-01
   3.0803799e-01  -2.4970799e-01
   3.6795399e-01  -1.7134400e-01
   4.0475599e-01  -7.8344998e-02
   4.1503599e-01   2.1988999e-02
   3.9772999e-01   1.2166000e-01
   3.5421799e-01   2.1272099e-01
   2.8819199e-01   2.8801299e-01
   2.0529699e-01   3.4183199e-01
   1.1259800e-01   3.7044599e-01
   1.7903200e-02   3.7242999e-01
  -7.0971798e-02   3.4876999e-01
  -1.4694000e-01   3.0273899e-01
  -2.0429799e-01   2.3955499e-01
  -2.3925099e-01   1.6585600e-01
  -2.5023599e-01   8.9036498e-02
  -2.3803799e-01   1.6526100e-02
  -2.0566999e-01  -4.4935299e-02
  -1.5803800e-01  -8.9944898e-02
  -1.0142500e-01  -1.1494800e-01
  -4.2844699e-02  -1.1856400e-01
   1.0674800e-02  -1.0169100e-01
   5.2798399e-02  -6.7392898e-02
   7.8522298e-02  -2.0562499e-02
   8.4674598e-02   3.2587699e-02
   7.0231898e-02   8.5168098e-02
   3.6420999e-02   1.3031800e-01
  -1.3403800e-02   1.6190700e-01
  -7.4095098e-02   1.7516600e-01
  -1.3922500e-01   1.6718200e-01
  -2.0172699e-01   1.3720500e-01
  -2.5459799e-01   8.6745798e-02
  -2.9160299e-01   1.9453699e-02
  -3.0789999e-01  -5.9225498e-02
  -3.0053599e-01  -1.4256200e-01
  -2.6875099e-01  -2.2318299e-01
  -2.1408299e-01  -2.9378299e-01
  -1.4023700e-01  -3.4781899e-01
  -5.2753099e-02  -3.8014999e-01
   4.1508099e-02  -3.8752499e-01
   1.3500400e-01  -3.6890299e-01
   2.2021599e-01  -3.2555199e-01
   2.9035299e-01  -2.6093599e-01
   3.3997999e-01  -1.8038200e-01
   3.6551999e-01  -9.0580598e-02
   3.6557599e-01   1.0516200e-03
   3.4103699e-01   8.7066998e-02
   2.9497199e-01   1.6068500e-01
   2.3231299e-01   2.1642099e-01
   1.5936100e-01   2.5058199e-01
   8.3164898e-02   2.6159299e-01
   1.0836600e-02   2.5010699e-01
  -5.1137299e-02   2.1890499e-01
  -9.7513897e-02   1.7258700e-01
  -1.2478600e-01   1.1708900e-01
  -1.3149900e-01   5.9075698e-02
  -1.1836400e-01   5.2620099e-03
  -8.8155098e-02  -3.8258299e-02
  -4.5406899e-02  -6.6622298e-02
   4.0658899e-03  -7.6679598e-02
   5.3769199e-02  -6.7301898e-02
   9.7196597e-02  -3.9489899e-02
   1.2849600e-01   3.7321899e-03
   1.4307100e-01   5.7623498e-02
   1.3805200e-01   1.1620400e-01
   1.1260300e-01   1.7285500e-01
   6.8020098e-02   2.2098599e-01
   7.6247798e-03   2.5469399e-01
  -6.3547898e-02   2.6936899e-01
  -1.3922800e-01   2.6215599e-01
  -2.1251199e-01   2.3226599e-01
  -2.7653099e-01   1.8107200e-01
  -3.2511499e-01   1.1200000e-01
  -3.5339099e-01   3.0221699e-02
  -3.5825799e-01  -5.7825698e-02
  -3.3869499e-01  -1.4504000e-01
  -2.9586599e-01  -2.2431899e-01
  -2.3301299e-01  -2.8922799e-01
  -1.5515600e-01  -3.3459899e-01
  -6.8621798e-02  -3.5701199e-01
   1.9553099e-02  -3.5510299e-01
   1.0228200e-01  -3.2967599e-01
   1.7308900e-01  -2.8361299e-01
   2.2670899e-01  -2.2157399e-01
   2.5956499e-01  -1.4954100e-01
   2.7008399e-01  -7.4230498e-02
   2.5880699e-01  -2.4467599e-03
   2.2830799e-01   5.9573998e-02
   1.8290899e-01   1.0675300e-01
   1.2822200e-01   1.3564100e-01
   7.0586898e-02   1.4472900e-01
   1.6422800e-02   1.3456400e-01
  -2.8406399e-02   1.0766400e-01
  -5.9175298e-02   6.8234898e-02
  -7.2760098e-02   2.1726399e-02
  -6.7941198e-02  -2.5731699e-02
  -4.5513799e-02  -6.7961498e-02
  -8.1990098e-03  -9.9368597e-02
   3.9638099e-02  -1.1551400e-01
   9.2432697e-02  -1.1357100e-01
   1.4398400e-01  -9.2620097e-02
   1.8808099e-01  -5.3753698e-02
   2.1913299e-01   1.5901500e-05
   2.3273999e-01   6.4042098e-02
   2.2613999e-01   1.3249000e-01
   1.9850899e-01   1.9889899e-01
   1.5105900e-01   2.5681699e-01
   8.6945898e-02   3.0042099e-01
   1.0987500e-02   3.2509599e-01
  -7.0787298e-02   3.2788199e-01
  -1.5170000e-01   3.0777699e-01
  -2.2505199e-01   2.6583799e-01
  -2.8475499e-01   2.0509699e-01
  -3.2590199e-01   1.3027500e-01
  -3.4522599e-01   4.7347799e-02
  -3.4140399e-01  -3.7019599e-02
  -3.1516499e-01  -1.1609300e-01
  -2.6921199e-01  -1.8369999e-01
  -2.0795099e-01  -2.3479599e-01
  -1.3705900e-01  -2.6592799e-01
  -6.2932098e-02  -2.7553599e-01
   7.9264298e-03  -2.6407099e-01
   6.9527198e-02  -2.3392099e-01
   1.1695900e-01  -1.8914899e-01
   1.4684200e-01  -1.3507200e-01
   1.5763100e-01  -7.7719698e-02
   1.4973200e-01  -2.3233599e-02
   1.2543200e-01   2.2743699e-02
   8.8638397e-02   5.5622298e-02
   4.4468799e-02   7.2311298e-02
  -1.2846800e-03   7.1512998e-02
  -4.2748299e-02   5.3838298e-02
  -7.4566898e-02   2.1730899e-02
  -9.2449597e-02  -2.0789799e-02
  -9.3608297e-02  -6.8542798e-02
  -7.7044998e-02  -1.1571400e-01
  -4.3661099e-02  -1.5644600e-01
   3.8218999e-03  -1.8543699e-01
   6.1122698e-02  -1.9847999e-01
   1.2281600e-01  -1.9289699e-01
   1.8286099e-01  -1.6782300e-01
   2.3519399e-01  -1.2431800e-01
   2.7432499e-01  -6.5276498e-02
   2.9587599e-01   4.8249199e-03
   2.9702299e-01   8.0348698e-02
   2.7677599e-01   1.5502400e-01
   2.3609199e-01   2.2253999e-01
   1.7779399e-01   2.7714299e-01
   1.0631700e-01   3.1417899e-01
   2.7294899e-02   3.3053499e-01
  -5.2968498e-02   3.2492699e-01
  -1.2808400e-01   2.9801799e-01
  -1.9217699e-01   2.5234399e-01
  -2.4042599e-01   1.9206799e-01
  -2.6950699e-01   1.2257200e-01
  -2.7788499e-01   4.9945299e-02
  -2.6593499e-01  -1.9603599e-02
  -2.3587899e-01  -8.0330198e-02
  -1.9154199e-01  -1.2749400e-01
  -1.3796200e-01  -1.5779500e-01
  -8.0881598e-02  -1.6966699e-01
  -2.6173999e-02  -1.6339700e-01
   2.0730899e-02  -1.4106600e-01
   5.5378098e-02  -1.0631200e-01
   7.4715798e-02  -6.3946098e-02
   7.7382598e-02  -1.9448699e-02
   6.3824898e-02   2.1588799e-02
   3.6234599e-02   5.4034398e-02
  -1.6860699e-03   7.3736298e-02
  -4.5109999e-02   7.7943298e-02
  -8.8580397e-02   6.5585398e-02
  -1.2656800e-01   3.7385499e-02
  -1.5403800e-01  -4.2063599e-03
  -1.6695999e-01  -5.5251698e-02
  -1.6273100e-01  -1.1071000e-01
  -1.4044800e-01  -1.6493199e-01
  -1.0101800e-01  -2.1222399e-01
  -4.7087399e-02  -2.4740199e-01
   1.7194499e-02  -2.6631799e-01
   8.6564697e-02  -2.6626799e-01
   1.5514300e-01  -2.4627199e-01
   2.1699099e-01  -2.0718599e-01
   2.6667499e-01  -1.5163500e-01
   2.9978699e-01  -8.3774197e-02
   3.1336199e-01  -8.9051697e-03
   3.0615799e-01   6.7017098e-02
   2.7877499e-01   1.3794200e-01
   2.3359199e-01   1.9828499e-01
   1.7453799e-01   2.4344899e-01
   1.0671400e-01   2.7024199e-01
   3.5908699e-02   2.7716399e-01
  -3.1956099e-02   2.6452699e-01
  -9.1378497e-02   2.3440099e-01
  -1.3779300e-01   1.9039399e-01
  -1.6798699e-01   1.3728100e-01
  -1.8038899e-01   8.0530097e-02
  -1.7518499e-01   2.5760499e-02
  -1.5427500e-01  -2.1805299e-02
  -1.2105200e-01  -5.7847498e-02
  -8.0043397e-02  -7.9360597e-02
  -3.6443499e-02  -8.4932897e-02
   4.4199899e-03  -7.4865898e-02
   3.7624599e-02  -5.1124298e-02
   5.9149898e-02  -1.7120199e-02
   6.6281498e-02   2.2644699e-02
   5.7884298e-02   6.3043598e-02
   3.4516399e-02   9.8850797e-02
  -1.6250599e-03   1.2527600e-01
  -4.6921099e-02   1.3845600e-01
  -9.6689897e-02   1.3585300e-01
  -1.4565200e-01   1.1652300e-01
  -1.8845499e-01   8.1228397e-02
  -2.2020799e-01   3.2377099e-02
  -2.3696999e-01  -2.6193299e-02
  -2.3614999e-01  -8.9577397e-02
  -2.1677699e-01  -1.5226800e-01
  -1.7960699e-01  -2.0868099e-01
  -1.2706800e-01  -2.5369099e-01
  -6.3047298e-02  -2.8312599e-01
   7.4744398e-03  -2.9416099e-01
   7.8881797e-02  -2.8559799e-01
   1.4545200e-01  -2.5797799e-01
   2.0188699e-01  -2.1352699e-01
   2.4380999e-01  -1.5595199e-01
   2.6816499e-01  -9.0081497e-02
   2.7349199e-01  -2.1411399e-02
   2.6005199e-01   4.4415499e-02
   2.2977699e-01   1.0213800e-01
   1.8606999e-01   1.4736900e-01
   1.3346000e-01   1.7699199e-01
   7.7155897e-02   1.8943899e-01
   2.2529999e-02   1.8481699e-01
  -2.5397099e-02   1.6486299e-01
  -6.2441598e-02   1.3274700e-01
  -8.5651497e-02   9.2739097e-02
  -9.3577997e-02   4.9764398e-02
  -8.6396897e-02   8.9051697e-03
  -6.5868098e-02  -2.5113499e-02
  -3.5139699e-02  -4.8396898e-02
   1.5850799e-03  -5.8268298e-02
   3.9483899e-02  -5.3535198e-02
   7.3611198e-02  -3.4604399e-02
   9.9404397e-02  -3.4398699e-03
   1.1315200e-01   3.6636499e-02
   1.1237700e-01   8.1277697e-02
   9.6094597e-02   1.2554700e-01
   6.4927498e-02   1.6441399e-01
   2.1057399e-02   1.9325699e-01
  -3.1974399e-02   2.0833099e-01
  -8.9602397e-02   2.0714799e-01
  -1.4667400e-01   1.8873899e-01
  -1.9794199e-01   1.5376199e-01
  -2.3857699e-01   1.0445700e-01
  -2.6462699e-01   4.4448199e-02
  -2.7340699e-01  -2.1590699e-02
  -2.6375699e-01  -8.8373897e-02
  -2.3615999e-01  -1.5049599e-01
  -1.9269999e-01  -2.0294099e-01
  -1.3686500e-01  -2.4154599e-01
  -7.3222598e-02  -2.6339099e-01
  -6.9840198e-03  -2.6706399e-01
   5.6481898e-02  -2.5277999e-01
   1.1215300e-01  -2.2234699e-01
   1.5581999e-01  -1.7897599e-01
   1.8446799e-01  -1.2696400e-01
   1.9655099e-01  -7.1267698e-02
   1.9210499e-01  -1.7024599e-02
   1.7272499e-01   3.0943899e-02
   1.4137800e-01   6.8591198e-02
   1.0209600e-01   9.3025897e-02
   5.9555398e-02   1.0277500e-01
   1.8606199e-02   9.7905897e-02
  -1.6212999e-02   7.9995897e-02
  -4.1128699e-02   5.1953198e-02
  -5.3503998e-02   1.7707399e-02
  -5.2096998e-02  -1.8199799e-02
  -3.7177699e-02  -5.1081598e-02
  -1.0495200e-02  -7.6586497e-02
   2.4903099e-02  -9.1143797e-02
   6.4980698e-02  -9.2330397e-02
   1.0512000e-01  -7.9123097e-02
   1.4059000e-01  -5.2012098e-02
   1.6701899e-01  -1.2964300e-02
   1.8084399e-01   3.4759399e-02
   1.7967099e-01   8.6915397e-02
   1.6252799e-01   1.3868600e-01
   1.2997800e-01   1.8514699e-01
   8.4077697e-02   2.2174399e-01
   2.8199899e-02   2.4473899e-01
  -3.3280599e-02   2.5157599e-01
  -9.5394697e-02   2.4113099e-01
  -1.5304499e-01   2.1383299e-01
  -2.0148599e-01   1.7162499e-01
  -2.3676699e-01   1.1778700e-01
  -2.5610399e-01   5.6630198e-02
  -2.5813299e-01  -6.9083498e-03
  -2.4303299e-01  -6.7728898e-02
  -2.1249399e-01  -1.2104400e-01
  -1.6954899e-01  -1.6282499e-01
  -1.1827100e-01  -1.9016599e-01
  -6.3377898e-02  -2.0154499e-01
  -9.7775197e-03  -1.9694699e-01
   3.7903999e-02  -1.7783899e-01
   7.5759097e-02  -1.4700399e-01
   1.0096400e-01  -1.0825300e-01
   1.1203300e-01  -6.6027998e-02
   1.0894200e-01  -2.4962599e-02
   9.3105597e-02   1.0583900e-02
   6.7215098e-02   3.6955599e-02
   3.4949399e-02   5.1558298e-02
   5.9167998e-04   5.3109198e-02
  -3.1410799e-02   4.1755499e-02
  -5.6902498e-02   1.9050399e-02
  -7.2443297e-02  -1.2211600e-02
  -7.5660597e-02  -4.8281498e-02
  -6.5493898e-02  -8.4837897e-02
  -4.2309098e-02  -1.1742600e-01
  -7.8704297e-03  -1.4190799e-01
   3.4825399e-02  -1.5488799e-01
   8.1838297e-02  -1.5405699e-01
   1.2866800e-01  -1.3844000e-01
   1.7069199e-01  -1.0850200e-01
   2.0361899e-01  -6.6125698e-02
   2.2391099e-01  -1.4440399e-02
   2.2913299e-01   4.2465298e-02
   2.1819699e-01   9.9927396e-02
   1.9147399e-01   1.5314499e-01
   1.5077299e-01   1.9763499e-01
   9.9171696e-02   2.2965199e-01
   4.0734099e-02   2.4654499e-01
  -1.9870999e-02   2.4700199e-01
  -7.7805697e-02   2.3116799e-01
  -1.2851500e-01   2.0062599e-01
  -1.6814899e-01   1.5823699e-01
  -1.9391399e-01   1.0786200e-01
  -2.0432399e-01   5.3989098e-02
  -1.9932099e-01   1.3012800e-03
  -1.8025999e-01  -4.5767298e-02
  -1.4975599e-01  -8.3449697e-02
  -1.1141000e-01  -1.0899600e-01
  -6.9449997e-02  -1.2091900e-01
  -2.8300599e-02  -1.1911800e-01
   7.8495797e-03  -1.0486600e-01
   3.5460599e-02  -8.0655097e-02
   5.1983898e-02  -4.9935698e-02
   5.6104898e-02  -1.6752799e-02
   4.7861898e-02   1.4668499e-02
   2.8630199e-02   4.0354899e-02
   9.7237996e-04   5.6988498e-02
  -3.1627399e-02   6.2244198e-02
  -6.5121398e-02   5.5027098e-02
  -9.5311596e-02   3.5586599e-02
  -1.1827700e-01   5.4975398e-03
  -1.3077500e-01  -3.2491399e-02
  -1.3057500e-01  -7.4725597e-02
  -1.1669200e-01  -1.1700200e-01
  -8.9501597e-02  -1.5498399e-01
  -5.0714498e-02  -1.8462699e-01
  -3.2281999e-03  -2.0258099e-01
   4.9143498e-02  -2.0652399e-01
   1.0202900e-01  -1.9539699e-01
   1.5091199e-01  -1.6951799e-01
   1.9156099e-01  -1.3056300e-01
   2.2043099e-01  -8.1414497e-02
   2.3499999e-01  -2.5896699e-02
   2.3400699e-01   3.1581499e-02
   2.1756699e-01   8.6438297e-02
   1.8716299e-01   1.3434599e-01
   1.4549099e-01   1.7163399e-01
   9.6209596e-02   1.9562299e-01
   4.3583198e-02   2.0486799e-01
  -7.9229597e-03   1.9927999e-01
  -5.4064598e-02   1.8011099e-01
  -9.1216997e-02   1.4982199e-01
  -1.1670900e-01   1.1182300e-01
  -1.2906400e-01   7.0132697e-02
  -1.2811900e-01   2.8981299e-02
  -1.1501800e-01  -7.6088397e-03
  -9.2077196e-02  -3.6212099e-02
  -6.2536498e-02  -5.4329398e-02
  -3.0220999e-02  -6.0623398e-02
   8.5080697e-04  -5.5037098e-02
   2.6875799e-02  -3.8785199e-02
   4.4650998e-02  -1.4218699e-02
   5.1897098e-02   1.5421899e-02
   4.7488098e-02   4.6341498e-02
   3.1565999e-02   7.4579697e-02
   5.5288298e-03   9.6415496e-02
  -2.8106199e-02   1.0874800e-01
  -6.5951497e-02   1.0941800e-01
  -1.0408300e-01   9.7429496e-02
  -1.3843199e-01   7.3068397e-02
  -1.6518399e-01   3.7883399e-02
  -1.8116599e-01  -5.4507798e-03
  -1.8415999e-01  -5.3382498e-02
  -1.7313299e-01  -1.0182000e-01
  -1.4834999e-01  -1.4651799e-01
  -1.1135600e-01  -1.8348899e-01
  -6.4846197e-02  -2.0937699e-01
  -1.2411700e-02  -2.2178699e-01
   4.1790598e-02  -2.1950499e-01
   9.3427796e-02  -2.0262299e-01
   1.3839499e-01  -1.7252399e-01
   1.7319799e-01  -1.3175099e-01
   1.9527399e-01  -8.3763497e-02
   2.0322599e-01  -3.2611099e-02
   1.9693599e-01   1.7453899e-02
   1.7756999e-01   6.2374898e-02
   1.4744199e-01   9.8670196e-02
   1.0978400e-01   1.2375400e-01
   6.8418997e-02   1.3616599e-01
   2.7387399e-02   1.3569499e-01
  -9.4482296e-03   1.2337400e-01
  -3.8776098e-02   1.0135800e-01
  -5.8150898e-02   7.2693597e-02
  -6.6220997e-02   4.1002998e-02
  -6.2847398e-02   1.0112300e-02
  -4.9100798e-02  -1.6335399e-02
  -2.7139799e-02  -3.5246099e-02
   1.8659799e-05  -4.4385098e-02
   2.8812399e-02  -4.2599798e-02
   5.5500498e-02  -2.9933599e-02
   7.6546797e-02  -7.6212697e-03
   8.8982096e-02   2.2035499e-02
   9.0709596e-02   5.5897898e-02
   8.0724397e-02   9.0303096e-02
   5.9224698e-02   1.2143000e-01
   2.7603799e-02   1.4568299e-01
  -1.1674900e-02   1.6005199e-01
  -5.5309598e-02   1.6241399e-01
  -9.9473996e-02   1.5176099e-01
  -1.4018399e-01   1.2829999e-01
  -1.7368099e-01   9.3453696e-02
  -1.9679199e-01   4.9732198e-02
  -2.0724199e-01   5.0349398e-04
  -2.0386499e-01  -5.0319998e-02
  -1.8672799e-01  -9.8646896e-02
  -1.5712099e-01  -1.4058999e-01
  -1.1743600e-01  -1.7282799e-01
  -7.0944497e-02  -1.9291599e-01
  -2.1485299e-02  -1.9950399e-01
   2.6896899e-02  -1.9245799e-01
   7.0330397e-02  -1.7286099e-01
   1.0547800e-01  -1.4289499e-01
   1.2984199e-01  -1.0561900e-01
   1.4198899e-01  -6.4671797e-02
   1.4166799e-01  -2.3912399e-02
   1.2981499e-01   1.2953399e-02
   1.0844100e-01   4.2727498e-02
   8.0414297e-02   6.3022097e-02
   4.9168198e-02   7.2480497e-02
   1.8348899e-02   7.0893597e-02
  -8.5511796e-03   5.9204398e-02
  -2.8542299e-02   3.9396498e-02
  -3.9434598e-02   1.4282699e-02
  -4.0053198e-02  -1.2789399e-02
  -3.0352599e-02  -3.8281698e-02
  -1.1417100e-02  -5.8829298e-02
   1.4650799e-02  -7.1584097e-02
   4.4943298e-02  -7.4507897e-02
   7.6040497e-02  -6.6584297e-02
   1.0435400e-01  -4.7928698e-02
   1.2648899e-01  -1.9787099e-02
   1.3958599e-01   1.5578099e-02
   1.4161499e-01   5.5101598e-02
   1.3158199e-01   9.5209596e-02
   1.0964100e-01   1.3216399e-01
   7.7093697e-02   1.6242599e-01
   3.6272498e-02   1.8299599e-01
  -9.6707496e-03   1.9171099e-01
