   2.9188000e+00   5.4468300e-05
   2.8692500e+00   5.9373400e-01
   2.6855900e+00   1.1611200e+00
   2.3787500e+00   1.6700600e+00
   1.9675200e+00   2.0924300e+00
   1.4771600e+00   2.4061200e+00
   9.3755300e-01   2.5964100e+00
   3.8103400e-01   2.6569000e+00
  -1.5990200e-01   2.5897800e+00
  -6.5488100e-01   2.4055000e+00
  -1.0777200e+00   2.1217700e+00
  -1.4081800e+00   1.7621900e+00
  -1.6331600e+00   1.3542900e+00
  -1.7474900e+00   9.2753800e-01
  -1.7539700e+00   5.1105500e-01
  -1.6628900e+00   1.3155600e-01
  -1.4910000e+00  -1.8855100e-01
  -1.2600500e+00  -4.3267900e-01
  -9.9490600e-01  -5.9109200e-01
  -7.2154800e-01  -6.6139400e-01
  -4.6503400e-01  -6.4845200e-01
  -2.4754600e-01  -5.6375200e-01
  -8.6737000e-02  -4.2427300e-01
   5.5533500e-03  -2.5095100e-01
   2.4088800e-02  -6.6875500e-02
  -2.9497400e-02   1.0464800e-01
  -1.4698200e-01   2.4201600e-01
  -3.1434600e-01   3.2707900e-01
  -5.1300600e-01   3.4658900e-01
  -7.2139700e-01   2.9324900e-01
  -9.1675800e-01   1.6627500e-01
  -1.0770000e+00  -2.8557500e-02
  -1.1825200e+00  -2.7937800e-01
  -1.2177500e+00  -5.6916300e-01
  -1.1724400e+00  -8.7706900e-01
  -1.0425300e+00  -1.1800500e+00
  -8.3045000e-01  -1.4546500e+00
  -5.4503800e-01  -1.6787800e+00
  -2.0088300e-01  -1.8334400e+00
   1.8271400e-01  -1.9041400e+00
   5.8315300e-01  -1.8820400e+00
   9.7617300e-01  -1.7645700e+00
   1.3376100e+00  -1.5556700e+00
   1.6451300e+00  -1.2655000e+00
   1.8798100e+00  -9.0973000e-01
   2.0274800e+00  -5.0836400e-01
   2.0796600e+00  -8.4345500e-02
   2.0341000e+00   3.3808100e-01
   1.8948900e+00   7.3507000e-01
   1.6720200e+00   1.0848200e+00
   1.3806400e+00   1.3690300e+00
   1.0398800e+00   1.5741100e+00
   6.7142100e-01   1.6920000e+00
   2.9795900e-01   1.7205500e+00
  -5.8436000e-02   1.6635500e+00
  -3.7782200e-01   1.5302200e+00
  -6.4371900e-01   1.3344300e+00
  -8.4414500e-01   1.0934900e+00
  -9.7230000e-01   8.2683900e-01
  -1.0268500e+00   5.5453100e-01
  -1.0117800e+00   2.9575200e-01
  -9.3593200e-01   6.7457300e-02
  -8.1206000e-01  -1.1680100e-01
  -6.5576900e-01  -2.4774600e-01
  -4.8418000e-01  -3.2090100e-01
  -3.1455100e-01  -3.3673500e-01
  -1.6293100e-01  -3.0042900e-01
  -4.2939500e-02  -2.2129200e-01
   3.5225900e-02  -1.1186800e-01
   6.5495200e-02   1.3173600e-02
   4.6292200e-02   1.3828300e-01
  -1.9457500e-02   2.4831600e-01
  -1.2466700e-01   3.2975500e-01
  -2.5874800e-01   3.7177800e-01
  -4.0852200e-01   3.6709600e-01
  -5.5932600e-01   3.1249600e-01
  -6.9620600e-01   2.0906500e-01
  -8.0511200e-01   6.2072000e-02
  -8.7401500e-01  -1.1946700e-01
  -8.9384100e-01  -3.2351000e-01
  -8.5917800e-01  -5.3592600e-01
  -7.6868200e-01  -7.4158100e-01
  -6.2518700e-01  -9.2549000e-01
  -4.3548400e-01  -1.0739400e+00
  -2.0981900e-01  -1.1755000e+00
   3.8863200e-02  -1.2218500e+00
   2.9587000e-01  -1.2084000e+00
   5.4581500e-01  -1.1345600e+00
   7.7371800e-01  -1.0037800e+00
   9.6605300e-01  -8.2328400e-01
   1.1116700e+00  -6.0348000e-01
   1.2025500e+00  -3.5723900e-01
   1.2342800e+00  -9.8949700e-02
   1.2063000e+00   1.5649500e-01
   1.1218800e+00   3.9471900e-01
   9.8776100e-01   6.0283600e-01
   8.1362400e-01   7.7027800e-01
   6.1135200e-01   8.8945000e-01
   3.9413800e-01   9.5614600e-01
   1.7554200e-01   9.6971800e-01
  -3.1450100e-02   9.3298400e-01
  -2.1529400e-01   8.5190000e-01
  -3.6662600e-01   7.3501300e-01
  -4.7881400e-01   5.9275500e-01
  -5.4830100e-01   4.3662400e-01
  -5.7470700e-01   2.7832200e-01
  -5.6070300e-01   1.2891500e-01
  -5.1166700e-01  -1.9331100e-03
  -4.3515900e-01  -1.0659200e-01
  -3.4025900e-01  -1.7992000e-01
  -2.3681600e-01  -2.1952300e-01
  -1.3467400e-01  -2.2579400e-01
  -4.2933200e-02  -2.0175200e-01
   3.0714900e-02  -1.5268900e-01
   8.0509700e-02  -8.5659300e-02
   1.0298600e-01  -8.8590900e-03
   9.7150600e-02   6.9055900e-02
   6.4467600e-02   1.3966500e-01
   8.6580100e-03   1.9543200e-01
  -6.4662800e-02   2.3027000e-01
  -1.4847900e-01   2.3997600e-01
  -2.3495800e-01   2.2251000e-01
  -3.1607700e-01   1.7810400e-01
  -3.8424900e-01   1.0919800e-01
  -4.3289300e-01   2.0215300e-02
  -4.5692000e-01  -8.2808700e-02
  -4.5309400e-01  -1.9270300e-01
  -4.2024800e-01  -3.0170900e-01
  -3.5933900e-01  -4.0206100e-01
  -2.7335900e-01  -4.8654800e-01
  -1.6708800e-01  -5.4902900e-01
  -4.6733500e-02  -5.8484800e-01
   8.0522400e-02  -5.9114700e-01
   2.0703800e-01  -5.6703200e-01
   3.2524400e-01  -5.1360800e-01
   4.2815000e-01  -4.3386100e-01
   5.0981000e-01  -3.3243000e-01
   5.6568900e-01  -2.1525700e-01
   5.9293600e-01  -8.9167200e-02
   5.9052000e-01   3.8600400e-02
   5.5925500e-01   1.6087300e-01
   5.0168800e-01   2.7100800e-01
   4.2188000e-01   3.6329800e-01
   3.2509900e-01   4.3331000e-01
   2.1743700e-01   4.7811400e-01
   1.0539200e-01   4.9641900e-01
  -4.5583500e-03   4.8858100e-01
  -1.0636400e-01   4.5651500e-01
  -1.9477100e-01   4.0350200e-01
  -2.6561000e-01   3.3392100e-01
  -3.1601200e-01   2.5291700e-01
  -3.4452400e-01   1.6603600e-01
  -3.5112700e-01   7.8858100e-02
  -3.3716400e-01  -3.3642900e-03
  -3.0518300e-01  -7.6021000e-02
  -2.5870400e-01  -1.3540500e-01
  -2.0194300e-01  -1.7890000e-01
  -1.3950200e-01  -2.0509100e-01
  -7.6047800e-02  -2.1378700e-01
  -1.6006700e-02  -2.0596700e-01
   3.6713700e-02  -1.8365500e-01
   7.8951700e-02  -1.4972600e-01
   1.0846200e-01  -1.0767500e-01
   1.2401600e-01  -6.1355400e-02
   1.2543700e-01  -1.4700200e-02
   1.1355800e-01   2.8539200e-02
   9.0123700e-02   6.5038300e-02
   5.7636400e-02   9.2103600e-02
   1.9155500e-02   1.0782900e-01
  -2.1925500e-02   1.1119600e-01
  -6.2118500e-02   1.0211100e-01
  -9.8076600e-02   8.1388500e-02
  -1.2681400e-01   5.0668800e-02
  -1.4589900e-01   1.2294200e-02
  -1.5360100e-01  -3.0861100e-02
  -1.4899600e-01  -7.5588300e-02
  -1.3202100e-01  -1.1855800e-01
  -1.0346400e-01  -1.5654100e-01
  -6.4916500e-02  -1.8661100e-01
  -1.8660800e-02  -2.0633900e-01
   3.2469700e-02  -2.1394700e-01
   8.5271200e-02  -2.0841800e-01
   1.3637000e-01  -1.8956900e-01
   1.8243100e-01  -1.5806800e-01
   2.2036900e-01  -1.1539700e-01
   2.4753800e-01  -6.3773100e-02
   2.6190300e-01  -6.0155400e-03
   2.6217200e-01   5.4614700e-02
   2.4788400e-01   1.1461000e-01
   2.1945200e-01   1.7042400e-01
   1.7815100e-01   2.1869100e-01
   1.2605200e-01   2.5642600e-01
   6.5916100e-02   2.8121800e-01
   1.0318000e-03   2.9138200e-01
  -6.4969800e-02   2.8607600e-01
  -1.2833200e-01   2.6536300e-01
  -1.8539700e-01   2.3022600e-01
  -2.3283100e-01   1.8252000e-01
  -2.6783400e-01   1.2487600e-01
  -2.8831600e-01   6.0548000e-02
  -2.9304000e-01  -6.7722400e-03
  -2.8170800e-01  -7.3181100e-02
  -2.5499500e-01  -1.3480000e-01
  -2.1451800e-01  -1.8802000e-01
  -1.6274900e-01  -2.2972800e-01
  -1.0286400e-01  -2.5751200e-01
  -3.8557400e-02  -2.6982200e-01
   2.6197100e-02  -2.6607700e-01
   8.7393600e-02  -2.4671400e-01
   1.4125600e-01  -2.1316700e-01
   1.8448800e-01  -1.6778600e-01
   2.1448900e-01  -1.1368600e-01
   2.2954000e-01  -5.4548000e-02
   2.2891900e-01   5.6199600e-03
   2.1296100e-01   6.2754200e-02
   1.8304200e-01   1.1300900e-01
   1.4149100e-01   1.5302000e-01
   9.1440400e-02   1.8014500e-01
   3.6611800e-02   1.9264600e-01
  -1.8938700e-02   1.8982200e-01
  -7.1103000e-02   1.7206700e-01
  -1.1601200e-01   1.4085200e-01
  -1.5031400e-01   9.8627900e-02
  -1.7141800e-01   4.8661400e-02
  -1.7769300e-01  -5.1917300e-03
  -1.6859200e-01  -5.8759900e-02
  -1.4470800e-01  -1.0785500e-01
  -1.0774400e-01  -1.4857700e-01
  -6.0405300e-02  -1.7760600e-01
  -6.2121600e-03  -1.9245100e-01
   5.0744400e-02  -1.9164700e-01
   1.0609600e-01  -1.7488100e-01
   1.5551500e-01  -1.4303000e-01
   1.9503300e-01  -9.8120800e-02
   2.2134300e-01  -4.3195600e-02
   2.3205200e-01   1.7891100e-02
   2.2587800e-01   8.0743900e-02
   2.0275900e-01   1.4074100e-01
   1.6388500e-01   1.9336900e-01
   1.1163300e-01   2.3455900e-01
   4.9407700e-02   2.6099400e-01
  -1.8581500e-02   2.7036300e-01
  -8.7621000e-02   2.6155200e-01
  -1.5282700e-01   2.3474200e-01
  -2.0950000e-01   1.9142000e-01
  -2.5347200e-01   1.3429300e-01
  -2.8141600e-01   6.7107000e-02
  -2.9110200e-01  -5.6101800e-03
  -2.8158000e-01  -7.8864700e-02
  -2.5325700e-01  -1.4755500e-01
  -2.0789300e-01  -2.0684000e-01
  -1.4848800e-01  -2.5249700e-01
  -7.9075600e-02  -2.8122800e-01
  -4.4442500e-03  -2.9091800e-01
   7.0203300e-02  -2.8079500e-01
   1.3962400e-01  -2.5149700e-01
   1.9891500e-01  -2.0504200e-01
   2.4387200e-01  -1.4469100e-01
   2.7130000e-01  -7.4716400e-02
   2.7925100e-01  -1.0250400e-04
   2.6717300e-01   7.3816000e-02
   2.3596100e-01   1.4173900e-01
   1.8789300e-01   1.9879000e-01
   1.2647200e-01   2.4087100e-01
   5.6173600e-02   2.6496400e-01
  -1.7877400e-02   2.6935800e-01
  -9.0281900e-02   2.5377600e-01
  -1.5576100e-01   2.1939500e-01
  -2.0954300e-01   1.6876700e-01
  -2.4771700e-01   1.0562800e-01
  -2.6751600e-01   3.4629800e-02
  -2.6752600e-01  -3.9009700e-02
  -2.4778800e-01  -1.0988500e-01
  -2.0979300e-01  -1.7280500e-01
  -1.5637300e-01  -2.2317400e-01
  -9.1487300e-02  -2.5733500e-01
  -1.9930900e-02  -2.7283400e-01
   5.3025400e-02  -2.6860300e-01
   1.2202600e-01  -2.4503600e-01
   1.8202700e-01  -2.0395600e-01
   2.2867400e-01  -1.4847400e-01
   2.5862200e-01  -8.2757800e-02
   2.6978200e-01  -1.1713600e-02
   2.6147300e-01   5.9379500e-02
   2.3447000e-01   1.2526700e-01
   1.9093900e-01   1.8111000e-01
   1.3426800e-01   2.2285000e-01
   6.8816200e-02   2.4750600e-01
  -4.2636700e-04   2.5339800e-01
  -6.8209400e-02   2.4026600e-01
  -1.2942100e-01   2.0928700e-01
  -1.7947000e-01   1.6298100e-01
  -2.1463300e-01   1.0501400e-01
  -2.3232900e-01   3.9923700e-02
  -2.3131500e-01  -2.7231500e-02
  -2.1177200e-01  -9.1250200e-02
  -1.7528800e-01  -1.4718400e-01
  -1.2473900e-01  -1.9070700e-01
  -6.4064700e-02  -2.1844400e-01
   2.0262900e-03  -2.2822200e-01
   6.8414600e-02  -2.1922700e-01
   1.2995400e-01  -1.9206900e-01
   1.8185900e-01  -1.4873400e-01
   2.2006200e-01  -9.2428000e-02
   2.4151400e-01  -2.7339600e-02
   2.4441700e-01   4.1674400e-02
   2.2834800e-01   1.0945200e-01
   1.9429400e-01   1.7091100e-01
   1.4457200e-01   2.2142300e-01
   8.2658000e-02   2.5715700e-01
   1.2923400e-02   2.7535600e-01
  -5.9686600e-02   2.7453900e-01
  -1.3001900e-01   2.5460200e-01
  -1.9308900e-01   2.1681900e-01
  -2.4444600e-01   1.6374400e-01
  -2.8049000e-01   9.9012800e-02
  -2.9872900e-01   2.7072200e-02
  -2.9794900e-01  -4.7147800e-02
  -2.7829000e-01  -1.1859700e-01
  -2.4122100e-01  -1.8246900e-01
  -1.8941800e-01  -2.3454800e-01
  -1.2655600e-01  -2.7150300e-01
  -5.7028400e-02  -2.9111700e-01
   1.4378600e-02  -2.9242800e-01
   8.2840200e-02  -2.7577800e-01
   1.4384100e-01  -2.4276600e-01
   1.9349500e-01  -1.9611000e-01
   2.2881800e-01  -1.3942400e-01
   2.4792000e-01  -7.6941000e-02
   2.5012500e-01  -1.3189100e-02
   2.3598900e-01   4.7345000e-02
   2.0723100e-01   1.0054300e-01
   1.6658300e-01   1.4295100e-01
   1.1756100e-01   1.7201500e-01
   6.4183400e-02   1.8625100e-01
   1.0666400e-02   1.8532800e-01
  -3.8900700e-02   1.7006600e-01
  -8.0857000e-02   1.4234300e-01
  -1.1223500e-01   1.0493400e-01
  -1.3096800e-01   6.1276400e-02
  -1.3602600e-01   1.5197600e-02
  -1.2747200e-01  -2.9384900e-02
  -1.0643600e-01  -6.8763000e-02
  -7.5001300e-02  -9.9715500e-02
  -3.6035500e-02  -1.1974500e-01
   7.0465200e-03  -1.2725400e-01
   5.0550300e-02  -1.2165300e-01
   9.0787000e-02  -1.0338700e-01
   1.2435300e-01  -7.3889700e-02
   1.4838400e-01  -3.5458800e-02
   1.6076100e-01   8.9273700e-03
   1.6026300e-01   5.5841700e-02
   1.4664700e-01   1.0166900e-01
   1.2065300e-01   1.4287700e-01
   8.3936600e-02   1.7627400e-01
   3.8943100e-02   1.9924200e-01
  -1.1286000e-02   2.0991700e-01
  -6.3337000e-02   2.0731600e-01
  -1.1367400e-01   1.9139600e-01
  -1.5889400e-01   1.6304100e-01
  -1.9596200e-01   1.2399300e-01
  -2.2242300e-01   7.6707900e-02
  -2.3655900e-01   2.4174600e-02
  -2.3749600e-01  -3.0301000e-02
  -2.2524500e-01  -8.3331500e-02
  -2.0068500e-01  -1.3168200e-01
  -1.6547600e-01  -1.7248500e-01
  -1.2193300e-01  -2.0342800e-01
  -7.2844600e-02  -2.2289100e-01
  -2.1276400e-02  -2.3003500e-01
   2.9646400e-02  -2.2483300e-01
   7.6948800e-02  -2.0804500e-01
   1.1799800e-01  -1.8113500e-01
   1.5066800e-01  -1.4615000e-01
   1.7345500e-01  -1.0555700e-01
   1.8555500e-01  -6.2061900e-02
   1.8688500e-01  -1.8418900e-02
   1.7805100e-01   2.2754600e-02
   1.6027700e-01   5.9146000e-02
   1.3529100e-01   8.8885900e-02
   1.0518300e-01   1.1065000e-01
   7.2242800e-02   1.2371900e-01
   3.8799700e-02   1.2799200e-01
   7.0587700e-03   1.2395800e-01
  -2.1039700e-02   1.1263000e-01
  -4.3936700e-02   9.5446400e-02
  -6.0538700e-02   7.4144000e-02
  -7.0265000e-02   5.0624500e-02
  -7.3057100e-02   2.6812500e-02
  -6.9352100e-02   4.5214900e-03
  -6.0023700e-02  -1.4664800e-02
  -4.6296500e-02  -2.9489400e-02
  -2.9641300e-02  -3.9091100e-02
  -1.1660100e-02  -4.3042200e-02
   6.0324700e-03  -4.1356300e-02
   2.1920900e-02  -3.4464300e-02
   3.4688400e-02  -2.3165600e-02
   4.3298300e-02  -8.5560600e-03
   4.7052500e-02   8.0581100e-03
   4.5625100e-02   2.5257000e-02
   3.9070700e-02   4.1605400e-02
   2.7808800e-02   5.5747300e-02
   1.2585200e-02   6.6491600e-02
  -5.5830700e-03   7.2883700e-02
  -2.5478200e-02   7.4259700e-02
  -4.5759700e-02   7.0281700e-02
  -6.5047600e-02   6.0953400e-02
  -8.2004000e-02   4.6615600e-02
  -9.5410500e-02   2.7923700e-02
  -1.0423700e-01   5.8087600e-03
  -1.0769800e-01  -1.8574300e-02
  -1.0529800e-01  -4.3909500e-02
  -9.6858300e-02  -6.8789600e-02
  -8.2530000e-02  -9.1789700e-02
  -6.2791500e-02  -1.1154100e-01
  -3.8429300e-02  -1.2680400e-01
  -1.0504000e-02  -1.3653300e-01
   1.9696700e-02  -1.3993500e-01
   5.0716600e-02  -1.3651600e-01
   8.0999300e-02  -1.2611900e-01
   1.0896400e-01  -1.0893800e-01
   1.3308400e-01  -8.5526800e-02
   1.5196700e-01  -5.6781000e-02
   1.6443300e-01  -2.3907900e-02
   1.6958300e-01   1.1622800e-02
   1.6685700e-01   4.8143800e-02
   1.5608300e-01   8.3869200e-02
   1.3749800e-01   1.1698400e-01
   1.1175900e-01   1.4573900e-01
   7.9920600e-02   1.6855200e-01
   4.3400900e-02   1.8409700e-01
   3.9135500e-03   1.9139200e-01
  -3.6613800e-02   1.8986800e-01
  -7.6140900e-02   1.7941900e-01
  -1.1262700e-01   1.6042400e-01
  -1.4415200e-01   1.3374400e-01
  -1.6903000e-01   1.0068800e-01
  -1.8592000e-01   6.2952500e-02
  -1.9392100e-01   2.2526200e-02
  -1.9263300e-01  -1.8419400e-02
  -1.8220200e-01  -5.7661400e-02
  -1.6332200e-01  -9.3064200e-02
  -1.3720500e-01  -1.2271900e-01
  -1.0551000e-01  -1.4507000e-01
  -7.0247500e-02  -1.5902900e-01
  -3.3650100e-02  -1.6405300e-01
   1.9778700e-03  -1.6019400e-01
   3.4416300e-02  -1.4810200e-01
   6.1688000e-02  -1.2899500e-01
   8.2204200e-02  -1.0457600e-01
   9.4887200e-02  -7.6919200e-02
   9.9258700e-02  -4.8325600e-02
   9.5488000e-02  -2.1150700e-02
   8.4392200e-02   2.3725200e-03
   6.7387900e-02   2.0309100e-02
   4.6395600e-02   3.1181800e-02
   2.3701700e-02   3.4101200e-02
   1.7866700e-03   2.8855500e-02
  -1.6867600e-02   1.5951200e-02
  -2.9979800e-02  -3.4003200e-03
  -3.5662800e-02  -2.7351700e-02
  -3.2595700e-02  -5.3541400e-02
  -2.0158300e-02  -7.9261500e-02
   1.4816000e-03  -1.0165900e-01
   3.1340400e-02  -1.1795900e-01
   6.7651300e-02  -1.2569200e-01
   1.0796000e-01  -1.2290700e-01
   1.4928000e-01  -1.0835900e-01
   1.8829000e-01  -8.1644400e-02
   2.2157800e-01  -4.3282900e-02
   2.4588900e-01   5.2664900e-03
   2.5838600e-01   6.1662300e-02
   2.5688500e-01   1.2280600e-01
   2.4005000e-01   1.8502900e-01
   2.0753800e-01   2.4433100e-01
   1.6007400e-01   2.9665400e-01
   9.9451500e-02   3.3816800e-01
   2.8452300e-02   3.6556000e-01
  -4.9306400e-02   3.7628400e-01
  -1.2959300e-01   3.6877400e-01
  -2.0783400e-01   3.4258900e-01
  -2.7942100e-01   2.9848300e-01
  -3.4002600e-01   2.3838500e-01
  -3.8591200e-01   1.6530500e-01
  -4.1420200e-01   8.3145800e-02
  -4.2309800e-01  -3.5426300e-03
  -4.1202300e-01  -8.9868600e-02
  -3.8167800e-01  -1.7093100e-01
  -3.3401300e-01  -2.4216000e-01
  -2.7209600e-01  -2.9964100e-01
  -1.9991100e-01  -3.4038900e-01
  -1.2207300e-01  -3.6256800e-01
  -4.3506500e-02  -3.6562500e-01
   3.0913100e-02  -3.5032300e-01
   9.6713800e-02  -3.1869200e-01
   1.5015500e-01  -2.7386600e-01
   1.8850100e-01  -2.1985500e-01
   2.1022800e-01  -1.6123100e-01
   2.1513100e-01  -1.0278000e-01
   2.0433700e-01  -4.9129600e-02
   1.8021200e-01  -4.3858900e-03
   1.4617300e-01   2.8192400e-02
   1.0641500e-01   4.6456900e-02
   6.5572800e-02   4.9549100e-02
   2.8341400e-02   3.7979700e-02
  -9.0787500e-04   1.3600900e-02
  -1.8497800e-02  -2.0528000e-02
  -2.1764100e-02  -6.0374200e-02
  -9.3009300e-03  -1.0124700e-01
   1.8889500e-02  -1.3817300e-01
   6.1355500e-02  -1.6629900e-01
   1.1526900e-01  -1.8130400e-01
   1.7660900e-01  -1.7976600e-01
   2.4044600e-01  -1.5948000e-01
   3.0130200e-01  -1.1968200e-01
   3.5356800e-01  -6.1170100e-02
   3.9193900e-01   1.3698300e-02
   4.1184100e-01   1.0112200e-01
   4.0981300e-01   1.9609200e-01
   3.8381500e-01   2.9272300e-01
   3.3343300e-01   3.8466400e-01
   2.5997200e-01   4.6554900e-01
   1.6641900e-01   5.2946800e-01
   5.7280300e-02   5.7140800e-01
  -6.1699400e-02   5.8764500e-01
  -1.8391200e-01   5.7604000e-01
  -3.0233500e-01   5.3623200e-01
  -4.1002100e-01   4.6970100e-01
  -5.0058100e-01   3.7969700e-01
  -5.6864700e-01   2.7103700e-01
  -6.1025500e-01   1.4978700e-01
  -6.2313500e-01   2.2852700e-02
  -6.0688000e-01  -1.0250500e-01
  -5.6297800e-01  -2.1917200e-01
  -4.9470500e-01  -3.2068600e-01
  -4.0689400e-01  -4.0168900e-01
  -3.0557500e-01  -4.5830000e-01
  -1.9753900e-01  -4.8838600e-01
  -8.9838000e-02  -4.9169500e-01
   1.0734600e-02  -4.6985500e-01
   9.8138500e-02  -4.2622600e-01
   1.6752900e-01  -3.6562900e-01
   2.1560500e-01  -2.9395700e-01
   2.4083900e-01  -2.1771300e-01
   2.4357200e-01  -1.4349100e-01
   2.2596200e-01  -7.7461300e-02
   1.9178900e-01  -2.4882900e-02
   1.4614000e-01   1.0311400e-02
   9.4985300e-02   2.5826600e-02
   4.4681800e-02   2.1188500e-02
   1.4503700e-03  -2.2163700e-03
  -2.9144700e-02  -4.1249500e-02
  -4.2666300e-02  -9.1268200e-02
  -3.6188900e-02  -1.4649700e-01
  -8.5682100e-03  -2.0049200e-01
   3.9429000e-02  -2.4666800e-01
   1.0514500e-01  -2.7883600e-01
   1.8419900e-01  -2.9173100e-01
   2.7080100e-01  -2.8146100e-01
   3.5817300e-01  -2.4586900e-01
   4.3905900e-01  -1.8475400e-01
   5.0628800e-01  -9.9953500e-02
   5.5333200e-01   4.7343600e-03
   5.7483000e-01   1.2378300e-01
   5.6703000e-01   2.5030200e-01
   5.2812300e-01   3.7651800e-01
   4.5842900e-01   4.9432100e-01
   3.6042800e-01   5.9585900e-01
   2.3863100e-01   6.7411000e-01
   9.9299400e-02   7.2340800e-01
  -4.9971400e-02   7.3987400e-01
  -2.0077300e-01   7.2171700e-01
  -3.4446500e-01   6.6939100e-01
  -4.7278600e-01   5.8558100e-01
  -5.7843000e-01   4.7503000e-01
  -6.5556800e-01   3.4421700e-01
  -7.0025600e-01   2.0089500e-01
  -7.1070300e-01   5.3554800e-02
  -6.8739300e-01  -8.9188000e-02
  -6.3302800e-01  -2.1919700e-01
  -5.5231300e-01  -3.2938900e-01
  -4.5159500e-01  -4.1423200e-01
  -3.3837800e-01  -4.7011700e-01
  -2.2075800e-01  -4.9559000e-01
  -1.0681800e-01  -4.9142100e-01
  -4.0242300e-03  -4.6050500e-01
   8.1322200e-02  -4.0759800e-01
   1.4454300e-01  -3.3892400e-01
   1.8291300e-01  -2.6165800e-01
   1.9583400e-01  -1.8335500e-01
   1.8485000e-01  -1.1134000e-01
   1.5348600e-01  -5.2128100e-02
   1.0694200e-01  -1.0906800e-02
   5.1646400e-02   8.8752700e-03
  -5.2754600e-03   5.7802800e-03
  -5.6598900e-02  -1.9505500e-02
  -9.5598000e-02  -6.4227000e-02
  -1.1661000e-01  -1.2378000e-01
  -1.1551400e-01  -1.9208000e-01
  -9.0096600e-02  -2.6205000e-01
  -4.0258500e-02  -3.2618800e-01
   3.1933800e-02  -3.7718100e-01
   1.2237300e-01  -4.0850000e-01
   2.2519800e-01  -4.1495000e-01
   3.3321700e-01  -3.9311400e-01
   4.3844400e-01  -3.4166800e-01
   5.3270400e-01  -2.6153900e-01
   6.0825600e-01  -1.5588800e-01
   6.5839800e-01  -2.9923900e-02
   6.7798800e-01   1.0944100e-01
   6.6387300e-01   2.5407000e-01
   6.1514900e-01   3.9517500e-01
   5.3327700e-01   5.2395100e-01
   4.2200800e-01   6.3221100e-01
   2.8714500e-01   7.1298200e-01
   1.3615000e-01   7.6101600e-01
  -2.2375400e-02   7.7317900e-01
  -1.7929100e-01   7.4867800e-01
  -3.2556400e-01   6.8912400e-01
  -4.5290600e-01   5.9841800e-01
  -5.5435600e-01   4.8246100e-01
  -6.2475800e-01   3.4873000e-01
  -6.6111600e-01   2.0573300e-01
  -6.6277800e-01   6.2386400e-02
  -6.3145000e-01  -7.2619800e-02
  -5.7103500e-01  -1.9144900e-01
  -4.8731200e-01  -2.8767000e-01
  -3.8747200e-01  -3.5669700e-01
  -2.7956600e-01  -3.9609200e-01
  -1.7187400e-01  -4.0569700e-01
  -7.2288900e-02  -3.8759800e-01
   1.2287600e-02  -3.4591300e-01
   7.6449200e-02  -2.8643100e-01
   1.1667700e-01  -2.1612600e-01
   1.3157900e-01  -1.4258000e-01
   1.2196400e-01  -7.3372100e-02
   9.0741500e-02  -1.5465300e-02
   4.2656700e-02   2.5348900e-02
  -1.6113500e-02   4.4911900e-02
  -7.8478700e-02   4.1028900e-02
  -1.3702200e-01   1.3643000e-02
  -1.8461400e-01  -3.5160300e-02
  -2.1499800e-01  -1.0131700e-01
  -2.2331500e-01  -1.7910900e-01
  -2.0651200e-01  -2.6161100e-01
  -1.6361400e-01  -3.4124700e-01
  -9.5833900e-02  -4.1038900e-01
  -6.5066000e-03  -4.6196800e-01
   9.9136300e-02  -4.9004800e-01
   2.1434500e-01  -4.9030900e-01
   3.3134700e-01  -4.6041500e-01
   4.4192900e-01  -4.0022900e-01
   5.3805400e-01  -3.1186100e-01
   6.1246700e-01  -1.9954400e-01
   6.5924800e-01  -6.9356800e-02
   6.7427300e-01   7.1207800e-02
   6.5552800e-01   2.1377100e-01
   6.0328300e-01   3.4967000e-01
   5.2008300e-01   4.7058300e-01
   4.1058000e-01   5.6912400e-01
   2.8120300e-01   6.3938000e-01
   1.3970200e-01   6.7732400e-01
  -5.4122900e-03   6.8110200e-01
  -1.4547100e-01   6.5115100e-01
  -2.7226800e-01   5.9014900e-01
  -3.7863900e-01   5.0280000e-01
  -4.5895800e-01   3.9547700e-01
  -5.0951900e-01   2.7573500e-01
  -5.2876700e-01   1.5175100e-01
  -5.1737400e-01   3.1717600e-02
  -4.7814400e-01  -7.6751000e-02
  -4.1575500e-01  -1.6716900e-01
  -3.3637800e-01  -2.3463300e-01
  -2.4717600e-01  -2.7614900e-01
  -1.5573900e-01  -2.9081700e-01
  -6.9498800e-02  -2.7984400e-01
   4.8414800e-03  -2.4640700e-01
   6.1810400e-02  -1.9535900e-01
   9.7571200e-02  -1.3281400e-01
   1.1019300e-01  -6.5635400e-02
   9.9768600e-02  -8.8010900e-04
   6.8379300e-02   5.4773800e-02
   1.9896800e-02   9.5559800e-02
  -4.0347100e-02   1.1708000e-01
  -1.0600600e-01   1.1665300e-01
  -1.7023700e-01   9.3522000e-02
  -2.2626300e-01   4.8911900e-02
  -2.6791700e-01  -1.4068000e-02
  -2.9014300e-01  -9.0671000e-02
  -2.8940900e-01  -1.7488600e-01
  -2.6399800e-01  -2.5991100e-01
  -2.1415800e-01  -3.3868300e-01
  -1.4210200e-01  -4.0443200e-01
  -5.1851500e-02  -4.5121700e-01
   5.1056300e-02  -4.7438400e-01
   1.5997700e-01  -4.7094100e-01
   2.6765300e-01  -4.3980100e-01
   3.6675900e-01  -3.8187400e-01
   4.5044000e-01  -3.0001700e-01
   5.1283100e-01  -1.9883500e-01
   5.4948700e-01  -8.4344800e-02
   5.5771100e-01   3.6457100e-02
   5.3675300e-01   1.5610500e-01
   4.8786000e-01   2.6720300e-01
   4.1418000e-01   3.6296000e-01
   3.2052300e-01   4.3767200e-01
   2.1300200e-01   4.8712400e-01
   9.8585400e-02   5.0887700e-01
  -1.5418100e-02   5.0242100e-01
  -1.2188600e-01   4.6918400e-01
  -2.1439200e-01   4.1239700e-01
  -2.8765900e-01   3.3683000e-01
  -3.3791700e-01   2.4841600e-01
  -3.6314700e-01   1.5379100e-01
  -3.6318700e-01   5.9794700e-02
  -3.3970500e-01  -2.7037100e-02
  -2.9602300e-01  -1.0095200e-01
  -2.3683700e-01  -1.5739100e-01
  -1.6781800e-01  -1.9330000e-01
  -9.5167600e-02  -2.0732200e-01
  -2.5123200e-02  -1.9986300e-01
   3.6518300e-02  -1.7301200e-01
   8.4840700e-02  -1.3034400e-01
   1.1617200e-01  -7.6602700e-02
   1.2834700e-01  -1.7308900e-02
   1.2084500e-01   4.1693100e-02
   9.4807300e-02   9.4702700e-02
   5.2915800e-02   1.3661400e-01
  -8.3998300e-04   1.6331200e-01
  -6.1496700e-02   1.7199100e-01
  -1.2352200e-01   1.6136300e-01
  -1.8125700e-01   1.3174800e-01
  -2.2937000e-01   8.5037200e-02
  -2.6327100e-01   2.4538000e-02
  -2.7947200e-01  -4.5293400e-02
  -2.7585900e-01  -1.1920300e-01
  -2.5184900e-01  -1.9154800e-01
  -2.0843700e-01  -2.5673600e-01
  -1.4811700e-01  -3.0965300e-01
  -7.4686900e-02  -3.4605200e-01
   7.0385800e-03  -3.6287700e-01
   9.1593399e-02  -3.5848400e-01
   1.7327200e-01  -3.3276800e-01
   2.4655300e-01  -2.8715800e-01
   3.0650900e-01  -2.2450600e-01
   3.4916300e-01  -1.4886800e-01
   3.7177500e-01  -6.5198000e-02
   3.7303000e-01   2.1024400e-02
   3.5311500e-01   1.0419700e-01
   3.1369000e-01   1.7900500e-01
   2.5774800e-01   2.4079900e-01
   1.8937200e-01   2.8592800e-01
   1.1342300e-01   3.1197800e-01
   3.5175100e-02   3.1793200e-01
  -4.0081500e-02   3.0420800e-01
  -1.0742100e-01   2.7260300e-01
  -1.6263400e-01   2.2612400e-01
  -2.0251800e-01   1.6874500e-01
  -2.2508800e-01   1.0508500e-01
  -2.2968800e-01   4.0053600e-02
  -2.1700500e-01  -2.1519700e-02
  -1.8898200e-01  -7.5244600e-02
  -1.4863500e-01  -1.1748400e-01
  -9.9796699e-02  -1.4560500e-01
  -4.6807100e-02  -1.5815000e-01
   5.8330400e-03  -1.5491600e-01
   5.3807000e-02  -1.3692900e-01
   9.3307499e-02  -1.0633900e-01
   1.2131500e-01  -6.6220900e-02
   1.3581000e-01  -2.0313500e-02
   1.3590300e-01   2.7283000e-02
   1.2187600e-01   7.2434500e-02
   9.5132099e-02   1.1129400e-01
   5.8066100e-02   1.4059200e-01
   1.3853000e-02   1.5787800e-01
  -3.3811500e-02   1.6169700e-01
  -8.1007400e-02   1.5167700e-01
  -1.2389700e-01   1.2854100e-01
  -1.5902100e-01   9.4030999e-02
  -1.8355400e-01   5.0757800e-02
  -1.9551400e-01   1.9833900e-03
  -1.9389800e-01  -4.8636900e-02
  -1.7874200e-01  -9.7339699e-02
  -1.5110100e-01  -1.4054000e-01
  -1.1295300e-01  -1.7509900e-01
  -6.7032800e-02  -1.9855200e-01
  -1.6615500e-02  -2.0928300e-01
   3.4738000e-02  -2.0662500e-01
   8.3451399e-02  -1.9089800e-01
   1.2619800e-01  -1.6335900e-01
   1.6014000e-01  -1.2609500e-01
   1.8312900e-01  -8.1850899e-02
   1.9384800e-01  -3.3808400e-02
   1.9188500e-01   1.4652400e-02
   1.7774400e-01   6.0207800e-02
   1.5278200e-01   9.9831299e-02
   1.1909000e-01   1.3100700e-01
   7.9316099e-02   1.5189700e-01
   3.6456500e-02   1.6145800e-01
  -6.3712800e-03   1.5949200e-01
  -4.6161800e-02   1.4663200e-01
  -8.0236599e-02   1.2427200e-01
  -1.0642900e-01   9.4439199e-02
  -1.2322500e-01   5.9620400e-02
  -1.2985100e-01   2.2568200e-02
  -1.2630300e-01  -1.3912800e-02
  -1.1332000e-01  -4.7172900e-02
  -9.2300699e-02  -7.4906400e-02
  -6.5175300e-02  -9.5307699e-02
  -3.4243800e-02  -1.0718500e-01
  -1.9912100e-03  -1.1002500e-01
   2.9103000e-02  -1.0400100e-01
   5.6747700e-02  -8.9937399e-02
   7.9001599e-02  -6.9216300e-02
   9.4402699e-02  -4.3657300e-02
   1.0205600e-01  -1.5362800e-02
   1.0167700e-01   1.3449000e-02
   9.3584199e-02   4.0612700e-02
   7.8654099e-02   6.4173500e-02
   5.8228600e-02   8.2522099e-02
   3.3997700e-02   9.4498599e-02
   7.8591999e-03   9.9457499e-02
  -1.8230100e-02   9.7292399e-02
  -4.2400400e-02   8.8419399e-02
  -6.3002400e-02   7.3721799e-02
  -7.8716599e-02   5.4464300e-02
  -8.8634399e-02   3.2182200e-02
  -9.2303999e-02   8.5561699e-03
  -8.9739799e-02  -1.4716300e-02
  -8.1398499e-02  -3.6045300e-02
  -6.8122300e-02  -5.4057200e-02
  -5.1058100e-02  -6.7682100e-02
  -3.1558200e-02  -7.6213999e-02
  -1.1072400e-02  -7.9340999e-02
   8.9613199e-03  -7.7144599e-02
   2.7218100e-02  -7.0071200e-02
   4.2573500e-02  -5.8877600e-02
   5.4169900e-02  -4.4559000e-02
   6.1460300e-02  -2.8263300e-02
   6.4225700e-02  -1.1201200e-02
   6.2568500e-02   5.4427000e-03
   5.6883100e-02   2.0590200e-02
   4.7807800e-02   3.3335900e-02
   3.6163400e-02   4.2996500e-02
   2.2883600e-02   4.9141000e-02
   8.9433899e-03   5.1599500e-02
  -4.7091200e-03   5.0454300e-02
  -1.7213300e-02   4.6013600e-02
  -2.7844800e-02   3.8772500e-02
  -3.6050200e-02   2.9365000e-02
  -4.1466700e-02   1.8511600e-02
  -4.3927700e-02   6.9667299e-03
  -4.3454300e-02  -4.5302500e-03
  -4.0236200e-02  -1.5297400e-02
  -3.4604100e-02  -2.4743800e-02
  -2.6997700e-02  -3.2393300e-02
  -1.7930800e-02  -3.7898300e-02
  -7.9579799e-03  -4.1044300e-02
   2.3564100e-03  -4.1747000e-02
   1.2464800e-02  -4.0043100e-02
   2.1857600e-02  -3.6076900e-02
   3.0079900e-02  -3.0085100e-02
   3.6742400e-02  -2.2381200e-02
   4.1530300e-02  -1.3339800e-02
   4.4207800e-02  -3.3822900e-03
   4.4622400e-02   7.0358699e-03
   4.2707900e-02   1.7437800e-02
   3.8487400e-02   2.7337200e-02
   3.2075800e-02   3.6251800e-02
   2.3682400e-02   4.3717700e-02
   1.3610800e-02   4.9306500e-02
   2.2574300e-03   5.2644200e-02
  -9.8951299e-03   5.3432200e-02
  -2.2289500e-02   5.1469000e-02
  -3.4311200e-02   4.6671400e-02
  -4.5313100e-02   3.9092500e-02
  -5.4645800e-02   2.8935600e-02
  -6.1693800e-02   1.6559600e-02
  -6.5914999e-02   2.4767400e-03
  -6.6880899e-02  -1.2661200e-02
  -6.4315100e-02  -2.8088100e-02
  -5.8125500e-02  -4.2959500e-02
  -4.8428900e-02  -5.6398600e-02
  -3.5562000e-02  -6.7549799e-02
  -2.0079500e-02  -7.5636599e-02
  -2.7352500e-03  -8.0019299e-02
   1.5552300e-02  -8.0248999e-02
   3.3749400e-02  -7.6111899e-02
   5.0769600e-02  -6.7660699e-02
   6.5544199e-02  -5.5228700e-02
   7.7098099e-02  -3.9425000e-02
   8.4622599e-02  -2.1108000e-02
   8.7542199e-02  -1.3394600e-03
   8.5567699e-02   1.8680100e-02
   7.8730999e-02   3.7689600e-02
   6.7398399e-02   5.4456000e-02
   5.2259200e-02   6.7863999e-02
   3.4289000e-02   7.7003499e-02
   1.4689700e-02   8.1244599e-02
  -5.1907000e-03   8.0295499e-02
  -2.3953900e-02   7.4237199e-02
  -4.0254600e-02   6.3531399e-02
  -5.2904900e-02   4.8998600e-02
  -6.0971300e-02   3.1768200e-02
  -6.3855299e-02   1.3201900e-02
  -6.1351999e-02  -5.2037300e-03
  -5.3680100e-02  -2.1930200e-02
  -4.1479900e-02  -3.5555500e-02
  -2.5777600e-02  -4.4870400e-02
  -7.9188699e-03  -4.8982700e-02
   1.0527000e-02  -4.7400400e-02
   2.7883400e-02  -4.0087000e-02
   4.2496300e-02  -2.7482700e-02
   5.2868100e-02  -1.0489300e-02
   5.7783700e-02   9.5825499e-03
   5.6420500e-02   3.1100000e-02
   4.8430900e-02   5.2223900e-02
   3.3991900e-02   7.1045399e-02
   1.3814800e-02   8.5734099e-02
  -1.0886100e-02   9.4684899e-02
  -3.8465300e-02   9.6654599e-02
  -6.6954499e-02   9.0874399e-02
  -9.4199499e-02   7.7131399e-02
  -1.1801800e-01   5.5809200e-02
  -1.3636200e-01   2.7884700e-02
  -1.4748300e-01  -5.1202600e-03
  -1.5007200e-01  -4.1231400e-02
  -1.4337300e-01  -7.8150999e-02
  -1.2726600e-01  -1.1341600e-01
  -1.0229200e-01  -1.4457600e-01
  -6.9639499e-02  -1.6936900e-01
  -3.1077800e-02  -1.8589600e-01
   1.1156600e-02  -1.9276900e-01
   5.4508200e-02  -1.8922600e-01
   9.6279399e-02  -1.7520100e-01
   1.3382300e-01  -1.5134100e-01
   1.6473300e-01  -1.1898000e-01
   1.8702300e-01  -8.0049299e-02
   1.9927700e-01  -3.6949700e-02
   2.0075700e-01   7.6172499e-03
   1.9146800e-01   5.0841500e-02
   1.7215700e-01   9.0008199e-02
   1.4427100e-01   1.2269700e-01
   1.0985100e-01   1.4696200e-01
   7.1382099e-02   1.6147700e-01
   3.1611300e-02   1.6563600e-01
  -6.6583499e-03   1.5959900e-01
  -4.0780600e-02   1.4428300e-01
  -6.8466999e-02   1.2129000e-01
  -8.7963899e-02   9.2783999e-02
  -9.8188399e-02   6.1326799e-02
  -9.8814399e-02   2.9674600e-02
  -9.0299999e-02   5.6276199e-04
  -7.3854499e-02  -2.3512100e-02
  -5.1345800e-02  -4.0493100e-02
  -2.5154600e-02  -4.8932400e-02
   2.0129100e-03  -4.8114100e-02
   2.7341200e-02  -3.8121500e-02
   4.8132900e-02  -1.9841600e-02
   6.2030899e-02   5.0931200e-03
   6.7216599e-02   3.4423100e-02
   6.2570099e-02   6.5432099e-02
   4.7777400e-02   9.5155799e-02
   2.3376400e-02   1.2061500e-01
  -9.2624299e-03   1.3905400e-01
  -4.8021800e-02   1.4816600e-01
  -9.0182399e-02   1.4628700e-01
  -1.3261800e-01   1.3255200e-01
  -1.7202600e-01   1.0697500e-01
  -2.0517500e-01   7.0487199e-02
  -2.2915700e-01   2.4881500e-02
  -2.4161000e-01  -2.7291300e-02
  -2.4091500e-01  -8.2895599e-02
  -2.2633300e-01  -1.3842800e-01
  -1.9808100e-01  -1.9026800e-01
  -1.5733600e-01  -2.3493700e-01
  -1.0617000e-01  -2.6935700e-01
  -4.7415400e-02  -2.9107800e-01
   1.5528900e-02  -2.9846500e-01
   7.8930899e-02  -2.9082300e-01
   1.3899000e-01  -2.6846000e-01
   1.9210800e-01  -2.3266600e-01
   2.3514600e-01  -1.8563300e-01
   2.6565000e-01  -1.3029800e-01
   2.8202200e-01  -7.0128999e-02
   2.8364100e-01  -8.8828199e-03
   2.7089300e-01   4.9672200e-02
   2.4514400e-01   1.0202700e-01
   2.0862900e-01   1.4518300e-01
   1.6427700e-01   1.7687100e-01
   1.1549200e-01   1.9570500e-01
   6.5888999e-02   2.0127900e-01
   1.9019300e-02   1.9418100e-01
  -2.1896300e-02   1.7593700e-01
  -5.4211999e-02   1.4887700e-01
  -7.6054799e-02   1.1595100e-01
  -8.6461899e-02   8.0481799e-02
  -8.5447099e-02   4.5903000e-02
  -7.3991399e-02   1.5481000e-02
  -5.3957199e-02  -7.9466699e-03
  -2.7933500e-02  -2.2201000e-02
   9.7664399e-04  -2.5938600e-02
   2.9410200e-02  -1.8764000e-02
   5.4019499e-02  -1.2673700e-03
   7.1748699e-02   2.5015900e-02
   8.0088599e-02   5.7720099e-02
   7.7290999e-02   9.3831599e-02
   6.2524899e-02   1.2992300e-01
   3.5962300e-02   1.6242600e-01
  -1.2139000e-03   1.8791000e-01
  -4.6880500e-02   2.0336600e-01
  -9.8119099e-02   2.0645100e-01
  -1.5142500e-01   1.9569000e-01
  -2.0296200e-01   1.7060900e-01
  -2.4885000e-01   1.3180100e-01
  -2.8545900e-01   8.0902299e-02
  -3.0968100e-01   2.0495100e-02
  -3.1917900e-01  -4.6062700e-02
  -3.1256900e-01  -1.1487000e-01
  -2.8953700e-01  -1.8175600e-01
  -2.5088300e-01  -2.4257900e-01
  -1.9847200e-01  -2.9352100e-01
  -1.3511600e-01  -3.3136600e-01
  -6.4377899e-02  -3.5373100e-01
   9.6723299e-03  -3.5923800e-01
   8.2746799e-02  -3.4761400e-01
   1.5064100e-01  -3.1970900e-01
   2.0952900e-01  -2.7743200e-01
   2.5623200e-01  -2.2360600e-01
   2.8843600e-01  -1.6176700e-01
   3.0484700e-01  -9.5898599e-02
   3.0526800e-01  -3.0142500e-02
   2.9059500e-01   3.1500100e-02
   2.6273500e-01   8.5456699e-02
   2.2444200e-01   1.2883600e-01
   1.7910100e-01   1.5962600e-01
   1.3045600e-01   1.7682700e-01
   8.2325099e-02   1.8049900e-01
   3.8304200e-02   1.7174100e-01
   1.4945300e-03   1.5257300e-01
  -2.5728500e-02   1.2576800e-01
  -4.1889200e-02   9.4609899e-02
  -4.6513399e-02   6.2627699e-02
  -4.0151200e-02   3.3301900e-02
  -2.4318900e-02   9.7835399e-03
  -1.3658200e-03  -5.3622099e-03
   2.5725000e-02  -1.0364500e-02
   5.3585599e-02  -4.3920600e-03
   7.8741699e-02   1.2376100e-02
   9.7901099e-02   3.8760200e-02
   1.0822700e-01   7.2667999e-02
   1.0757900e-01   1.1125600e-01
   9.4696499e-02   1.5115100e-01
   6.9316899e-02   1.8871500e-01
   3.2217700e-02   2.2032900e-01
  -1.4825400e-02   2.4268600e-01
  -6.9155799e-02   2.5305300e-01
  -1.2742300e-01   2.4949900e-01
  -1.8582300e-01   2.3105600e-01
  -2.4037900e-01   1.9781600e-01
  -2.8723500e-01   1.5094400e-01
  -3.2293900e-01   9.2610899e-02
  -3.4470900e-01   2.5851200e-02
  -3.5063600e-01  -4.5644699e-02
  -3.3983600e-01  -1.1778700e-01
  -3.1252300e-01  -1.8637400e-01
  -2.6999700e-01  -2.4738800e-01
  -2.1455800e-01  -2.9728000e-01
  -1.4934600e-01  -3.3321500e-01
  -7.8118899e-02  -3.5327300e-01
  -4.9892099e-03  -3.5657300e-01
   6.5868299e-02  -3.4332500e-01
   1.3050700e-01  -3.1480900e-01
   1.8548000e-01  -2.7326200e-01
   2.2807600e-01  -2.2171200e-01
   2.5649300e-01  -1.6374300e-01
   2.6994900e-01  -1.0323100e-01
   2.6871300e-01  -4.4058599e-02
   2.5405500e-01   1.0164200e-02
   2.2812800e-01   5.6358099e-02
   1.9378400e-01   9.2184999e-02
   1.5434100e-01   1.1620100e-01
   1.1331500e-01   1.2793900e-01
   7.4147399e-02   1.2791400e-01
   3.9939900e-02   1.1755900e-01
   1.3219500e-02   9.9080199e-02
  -4.2475099e-03   7.5268599e-02
  -1.1579700e-02   4.9257099e-02
  -8.8342799e-03   2.4260600e-02
   3.0138800e-03   3.3107400e-03
   2.2164800e-02  -1.0991600e-02
   4.6150699e-02  -1.6688200e-02
   7.2044299e-02  -1.2622500e-02
   9.6703299e-02   1.4652800e-03
   1.1703000e-01   2.4914300e-02
   1.3022600e-01   5.6191999e-02
   1.3402900e-01   9.3011899e-02
   1.2689600e-01   1.3251000e-01
   1.0814400e-01   1.7146700e-01
   7.8013799e-02   2.0655800e-01
   3.7670500e-02   2.3461500e-01
  -1.0874100e-02   2.5287000e-01
  -6.4899099e-02   2.5917900e-01
  -1.2116800e-01   2.5219300e-01
  -1.7616300e-01   2.3146700e-01
  -2.2633900e-01   1.9751200e-01
  -2.6838200e-01   1.5176800e-01
  -2.9944800e-01   9.6504599e-02
  -3.1737400e-01   3.4673900e-02
  -3.2083000e-01  -3.0299800e-02
  -3.0941500e-01  -9.4757099e-02
  -2.8368800e-01  -1.5505900e-01
  -2.4512200e-01  -2.0783700e-01
  -1.9600000e-01  -2.5022800e-01
  -1.3924500e-01  -2.8006200e-01
  -7.8217499e-02  -2.9600500e-01
  -1.6472800e-02  -2.9764000e-01
   4.2485899e-02  -2.8547200e-01
   9.5448899e-02  -2.6088100e-01
   1.3971600e-01  -2.2599900e-01
   1.7326900e-01  -1.8354400e-01
   1.9489900e-01  -1.3661100e-01
   2.0426000e-01  -8.8442199e-02
   2.0186900e-01  -4.2186199e-02
   1.8903900e-01  -6.7780499e-04
   1.6775200e-01   3.3760200e-02
   1.4048900e-01   5.9469799e-02
   1.1002600e-01   7.5557199e-02
   7.9209899e-02   8.1932999e-02
   5.0740599e-02   7.9289999e-02
   2.6963000e-02   6.9021699e-02
   9.6943099e-03   5.3089999e-02
   9.5232999e-05   3.3850600e-02
  -1.4055200e-03   1.3853100e-02
   4.8715699e-03  -4.3716499e-03
   1.7898500e-02  -1.8517800e-02
   3.6035800e-02  -2.6690400e-02
   5.7175299e-02  -2.7556200e-02
   7.8917799e-02  -2.0448800e-02
   9.8770999e-02  -5.4203499e-03
   1.1435400e-01   1.6763600e-02
   1.2358900e-01   4.4684399e-02
   1.2487400e-01   7.6381099e-02
   1.1720800e-01   1.0950300e-01
   1.0027900e-01   1.4148900e-01
   7.4497299e-02   1.6976900e-01
   4.0965099e-02   1.9195700e-01
   1.4067200e-03   2.0603200e-01
  -4.1956699e-02   2.1049700e-01
  -8.6565399e-02   2.0449400e-01
  -1.2970400e-01   1.8786700e-01
  -1.6869700e-01   1.6118000e-01
  -2.0109600e-01   1.2568200e-01
  -2.2485500e-01   8.3217099e-02
  -2.3847100e-01   3.6097700e-02
  -2.4108600e-01  -1.3056200e-02
  -2.3254400e-01  -6.1499299e-02
  -2.1338900e-01  -1.0654800e-01
  -1.8483000e-01  -1.4576400e-01
  -1.4863800e-01  -1.7711000e-01
  -1.0702700e-01  -1.9908500e-01
  -6.2487099e-02  -2.1081300e-01
  -1.7616500e-02  -2.1208300e-01
   2.5059800e-02  -2.0335100e-01
   6.3257399e-02  -1.8568500e-01
   9.5079899e-02  -1.6067400e-01
   1.1913500e-01  -1.3030200e-01
   1.3461100e-01  -9.6797199e-02
   1.4130900e-01  -6.2466999e-02
   1.3963500e-01  -2.9534200e-02
   1.3054100e-01   1.5883900e-05
   1.1543400e-01   2.4566500e-02
   9.6057299e-02   4.2968799e-02
   7.4344799e-02   5.4604899e-02
   5.2270799e-02   5.9408499e-02
   3.1700800e-02   5.7845299e-02
   1.4255600e-02   5.0854199e-02
   1.1978500e-03   3.9755299e-02
  -6.6511599e-03   2.6132200e-02
  -8.9581899e-03   1.1698800e-02
  -5.8871399e-03  -1.8407600e-03
   1.9300000e-03  -1.2926200e-02
   1.3456900e-02  -2.0261500e-02
   2.7345600e-02  -2.2911300e-02
   4.2050699e-02  -2.0368600e-02
   5.5956199e-02  -1.2587300e-02
   6.7504399e-02   2.0193600e-05
   7.5318499e-02   1.6620200e-02
   7.8309199e-02   3.6026099e-02
   7.5757799e-02   5.6791799e-02
   6.7370499e-02   7.7323299e-02
   5.3300499e-02   9.5999599e-02
   3.4136800e-02   1.1129400e-01
   1.0861100e-02   1.2188600e-01
  -1.5222600e-02   1.2675800e-01
  -4.2581299e-02   1.2527100e-01
  -6.9560899e-02   1.1720400e-01
  -9.4501999e-02   1.0277600e-01
  -1.1585300e-01   8.2626499e-02
  -1.3227700e-01   5.7769699e-02
  -1.4273700e-01   2.9527500e-02
  -1.4656600e-01  -5.6222899e-04
  -1.4350400e-01  -3.0848000e-02
  -1.3371400e-01  -5.9673599e-02
  -1.1776200e-01  -8.5484899e-02
  -9.6573499e-02  -1.0692700e-01
  -7.1372399e-02  -1.2292700e-01
  -4.3592499e-02  -1.3275600e-01
  -1.4784400e-02  -1.3606400e-01
   1.3485300e-02  -1.3289600e-01
   3.9732199e-02  -1.2367300e-01
   6.2643899e-02  -1.0915600e-01
   8.1155999e-02  -9.0386899e-02
   9.4509599e-02  -6.8612799e-02
   1.0228600e-01  -4.5199999e-02
   1.0442000e-01  -2.1544100e-02
   1.0118700e-01   1.0189000e-03
   9.3173399e-02   2.1294100e-02
   8.1221999e-02   3.8296799e-02
   6.6368299e-02   5.1304999e-02
   4.9763899e-02   5.9892899e-02
   3.2597100e-02   6.3943899e-02
   1.6013400e-02   6.3642399e-02
   1.0432800e-03   5.9447199e-02
  -1.1460700e-02   5.2047099e-02
  -2.0871700e-02   4.2304099e-02
  -2.6819700e-02   3.1187100e-02
  -2.9205000e-02   1.9701300e-02
  -2.8192800e-02   8.8177799e-03
  -2.4190600e-02  -5.9171999e-04
  -1.7810800e-02  -7.8115599e-03
  -9.8202099e-03  -1.2326500e-02
  -1.0814900e-03  -1.3851400e-02
   7.5104799e-03  -1.2344800e-02
   1.5092600e-02  -8.0061699e-03
   2.0893700e-02  -1.2569100e-03
   2.4288300e-02   7.2926499e-03
   2.4838700e-02   1.6888300e-02
   2.2324800e-02   2.6685600e-02
   1.6759400e-02   3.5809599e-02
   8.3879199e-03   4.3414799e-02
  -2.3271600e-03   4.8744399e-02
  -1.4735300e-02   5.1182499e-02
  -2.8039600e-02   5.0297999e-02
  -4.1347899e-02   4.5876799e-02
  -5.3729899e-02   3.7939599e-02
  -6.4277899e-02   2.6746100e-02
  -7.2166099e-02   1.2783600e-02
  -7.6705799e-02  -3.2590799e-03
  -7.7393199e-02  -2.0530200e-02
  -7.3945699e-02  -3.8064499e-02
  -6.6326099e-02  -5.4840899e-02
  -5.4751099e-02  -6.9844199e-02
  -3.9685299e-02  -8.2128199e-02
  -2.1819300e-02  -9.0875699e-02
  -2.0334500e-03  -9.5451498e-02
   1.8650700e-02  -9.5446498e-02
   3.9128399e-02  -9.0707499e-02
   5.8276899e-02  -8.1353499e-02
   7.5022299e-02  -6.7774499e-02
   8.8405999e-02  -5.0614499e-02
   9.7644598e-02  -3.0737900e-02
   1.0218100e-01  -9.1821599e-03
   1.0172200e-01   1.2902200e-02
   9.6262598e-02   3.4318699e-02
   8.6088299e-02   5.3897799e-02
   7.1764499e-02   7.0568199e-02
   5.4104699e-02   8.3424299e-02
   3.4123299e-02   9.1784699e-02
   1.2975000e-02   9.5236898e-02
  -8.1163199e-03   9.3665798e-02
  -2.7934300e-02   8.7264299e-02
  -4.5347999e-02   7.6522999e-02
  -5.9385099e-02   6.2200999e-02
  -6.9295999e-02   4.5278399e-02
  -7.4604799e-02   2.6892800e-02
  -7.5142199e-02   8.2651199e-03
  -7.1058299e-02  -9.3821698e-03
  -6.2813899e-02  -2.4908100e-02
  -5.1150699e-02  -3.7331699e-02
  -3.7041299e-02  -4.5900999e-02
  -2.1622300e-02  -5.0147499e-02
  -6.1143999e-03  -4.9920899e-02
   8.2638099e-03  -4.5402499e-02
   2.0384700e-02  -3.7095299e-02
   2.9294800e-02  -2.5790600e-02
   3.4287299e-02  -1.2512900e-02
   3.4958299e-02   1.5525500e-03
   3.1241699e-02   1.5146200e-02
   2.3420500e-02   2.7027600e-02
   1.2112600e-02   3.6069299e-02
  -1.7686700e-03   4.1345699e-02
  -1.7076600e-02   4.2207799e-02
  -3.2512499e-02   3.8340499e-02
  -4.6719999e-02   2.9795800e-02
  -5.8386799e-02   1.7000200e-02
  -6.6345899e-02   7.3418599e-04
  -6.9668599e-02  -1.7915600e-02
  -6.7742699e-02  -3.7627599e-02
  -6.0329699e-02  -5.6936999e-02
  -4.7595999e-02  -7.4339999e-02
  -3.0114199e-02  -8.8404799e-02
  -8.8356899e-03  -9.7880398e-02
   1.4966800e-02  -1.0179500e-01
   3.9781099e-02  -9.9536698e-02
   6.3958399e-02  -9.0911398e-02
   8.5828199e-02  -7.6169799e-02
   1.0381900e-01  -5.6003399e-02
   1.1657300e-01  -3.1508799e-02
   1.2305400e-01  -4.1203999e-03
   1.2262500e-01   2.4482700e-02
   1.1510900e-01   5.2490199e-02
   1.0081100e-01   7.8086099e-02
   8.0505699e-02   9.9578398e-02
   5.5397799e-02   1.1552100e-01
   2.7040500e-02   1.2482400e-01
  -2.7667400e-03   1.2683200e-01
  -3.2101799e-02   1.2138700e-01
  -5.9055399e-02   1.0884000e-01
  -8.1867399e-02   9.0035498e-02
  -9.9054498e-02   6.6258999e-02
  -1.0952000e-01   3.9148199e-02
  -1.1263800e-01   1.0579500e-02
  -1.0830100e-01  -1.7465500e-02
  -9.6933998e-02  -4.3042699e-02
  -7.9466699e-02  -6.4387699e-02
  -5.7270299e-02  -8.0046299e-02
  -3.2059099e-02  -8.8983498e-02
  -5.7662899e-03  -9.0662798e-02
   1.9598500e-02  -8.5089798e-02
   4.2097999e-02  -7.2814699e-02
   6.0013699e-02  -5.4895699e-02
   7.1976499e-02  -3.2822099e-02
   7.7072599e-02  -8.4054899e-03
   7.4917199e-02   1.6355200e-02
   6.5687999e-02   3.9424499e-02
   5.0117099e-02   5.8885099e-02
   2.9440699e-02   7.3086299e-02
   5.3097099e-03   8.0773499e-02
  -2.0331900e-02   8.1189199e-02
  -4.5393099e-02   7.4137799e-02
  -6.7794799e-02   6.0008199e-02
  -8.5629898e-02   3.9752099e-02
  -9.7312598e-02   1.4819500e-02
  -1.0170500e-01  -1.2945200e-02
  -9.8212698e-02  -4.1438399e-02
  -8.6837698e-02  -6.8454199e-02
  -6.8189699e-02  -9.1851298e-02
  -4.3449499e-02  -1.0971800e-01
  -1.4288500e-02  -1.2052100e-01
   1.7249300e-02  -1.2322900e-01
   4.8896499e-02  -1.1739900e-01
   7.8329499e-02  -1.0322200e-01
   1.0334300e-01  -8.1514799e-02
   1.2201900e-01  -5.3672299e-02
   1.3287400e-01  -2.1570400e-02
   1.3497800e-01   1.2567500e-02
   1.2803000e-01   4.6330999e-02
   1.1239500e-01   7.7301099e-02
   8.9077898e-02   1.0323000e-01
   5.9664199e-02   1.2221200e-01
   2.6204300e-02   1.3282900e-01
  -8.9320398e-03   1.3426100e-01
  -4.3228699e-02   1.2635500e-01
  -7.4209099e-02   1.0964300e-01
  -9.9621098e-02   8.5309498e-02
  -1.1760600e-01   5.5108299e-02
  -1.2684200e-01   2.1237800e-02
  -1.2664500e-01  -1.3819900e-02
  -1.1702600e-01  -4.7481299e-02
  -9.8693898e-02  -7.7253599e-02
  -7.3009799e-02  -1.0092200e-01
  -4.1886999e-02  -1.1671600e-01
  -7.6522299e-03  -1.2344500e-01
   2.7125999e-02  -1.2059300e-01
   5.9828799e-02  -1.0835600e-01
   8.7983098e-02  -8.7635698e-02
   1.0944800e-01  -5.9974299e-02
   1.2257800e-01  -2.7439999e-02
   1.2634800e-01   7.5245799e-03
   1.2043400e-01   4.2285399e-02
   1.0524100e-01   7.4214299e-02
   8.1873498e-02   1.0088800e-01
   5.2058999e-02   1.2027000e-01
   1.8015500e-02   1.3087000e-01
  -1.7711800e-02   1.3185600e-01
  -5.2442899e-02   1.2311700e-01
  -8.3565398e-02   1.0528300e-01
  -1.0873300e-01   7.9669998e-02
  -1.2604500e-01   4.8188499e-02
  -1.3419300e-01   1.3199100e-02
  -1.3255900e-01  -2.2666300e-02
  -1.2127100e-01  -5.6702899e-02
  -1.0119300e-01  -8.6339898e-02
  -7.3857999e-02  -1.0933700e-01
  -4.1361599e-02  -1.2395600e-01
  -6.1974699e-03  -1.2909700e-01
   2.8929099e-02  -1.2438600e-01
   6.1307999e-02  -1.1020300e-01
   8.8431898e-02  -8.7660798e-02
   1.0819000e-01  -5.8522199e-02
   1.1903000e-01  -2.5066300e-02
   1.2008600e-01   1.0081800e-02
   1.1124100e-01   4.4150799e-02
   9.3147298e-02   7.4434999e-02
   6.7178599e-02   9.8502698e-02
   3.5330099e-02   1.1438400e-01
   7.0320699e-05   1.2072600e-01
  -3.5844399e-02   1.1689900e-01
  -6.9578099e-02   1.0305300e-01
  -9.8431398e-02   8.0112398e-02
  -1.2004800e-01   4.9708199e-02
  -1.3259700e-01   1.4063900e-02
  -1.3491600e-01  -2.4170200e-02
  -1.2660500e-01  -6.2113899e-02
  -1.0806200e-01  -9.6873198e-02
  -8.0459698e-02  -1.2575800e-01
  -4.5663699e-02  -1.4648600e-01
  -6.0961399e-03  -1.5735700e-01
   3.5441399e-02  -1.5738500e-01
   7.5974798e-02  -1.4637300e-01
   1.1257800e-01  -1.2493500e-01
   1.4259300e-01  -9.4453998e-02
   1.6382600e-01  -5.6978699e-02
   1.7471000e-01  -1.5077300e-02
   1.7442900e-01   2.8353899e-02
   1.6297300e-01   7.0304499e-02
   1.4113900e-01   1.0787300e-01
   1.1047700e-01   1.3848200e-01
   7.3167199e-02   1.6006700e-01
   3.1860499e-02   1.7123400e-01
  -1.0521800e-02   1.7135300e-01
  -5.1006499e-02   1.6060700e-01
  -8.6791098e-02   1.3997400e-01
  -1.1545300e-01   1.1114800e-01
  -1.3512700e-01   7.6407798e-02
  -1.4464800e-01   3.8440599e-02
  -1.4362800e-01   1.3755900e-04
  -1.3248500e-01  -3.5628699e-02
  -1.1240300e-01  -6.6222599e-02
  -8.5237498e-02  -8.9446698e-02
  -5.3369799e-02  -1.0370800e-01
  -1.9517300e-02  -1.0813600e-01
   1.3476600e-02  -1.0265000e-01
   4.2865399e-02  -8.7960898e-02
   6.6213099e-02  -6.5511099e-02
   8.1584798e-02  -3.7363599e-02
   8.7697498e-02  -6.0383299e-03
   8.4021798e-02   2.5685299e-02
   7.0824899e-02   5.4986099e-02
   4.9152099e-02   7.9222698e-02
   2.0748300e-02   9.6141598e-02
  -1.2074600e-02   1.0405600e-01
  -4.6614599e-02   1.0198200e-01
  -7.9987298e-02   8.9719398e-02
  -1.0934800e-01   6.7876199e-02
  -1.3211300e-01   3.7827099e-02
  -1.4615900e-01   1.6161000e-03
  -1.4999300e-01  -3.8193599e-02
  -1.4287100e-01  -7.8709998e-02
  -1.2486200e-01  -1.1692800e-01
  -9.6849798e-02  -1.4995500e-01
  -6.0474499e-02  -1.7522900e-01
  -1.8016700e-02  -1.9071300e-01
   2.7767799e-02  -1.9504800e-01
   7.3848998e-02  -1.8765900e-01
   1.1714400e-01  -1.6880200e-01
   1.5474300e-01  -1.3954700e-01
   1.8412200e-01  -1.0169900e-01
   2.0332900e-01  -5.7672499e-02
   2.1112200e-01  -1.0308700e-02
   2.0706000e-01   3.7328499e-02
   1.9153300e-01   8.2177598e-02
   1.6572200e-01   1.2140200e-01
   1.3151500e-01   1.5259600e-01
   9.1356498e-02   1.7395500e-01
   4.8066599e-02   1.8440100e-01
   4.6262599e-03   1.8365500e-01
  -3.6043499e-02   1.7224800e-01
  -7.1297698e-02   1.5146500e-01
  -9.8960898e-02   1.2324300e-01
  -1.1748400e-01   9.0014898e-02
  -1.2604900e-01   5.4514299e-02
  -1.2462300e-01   1.9566000e-02
  -1.1394800e-01  -1.2133400e-02
  -9.5468798e-02  -3.8221799e-02
  -7.1214198e-02  -5.6850199e-02
  -4.3628699e-02  -6.6821199e-02
  -1.5375700e-02  -6.7675099e-02
   1.0875900e-02  -5.9719499e-02
   3.2663899e-02  -4.3997999e-02
   4.7928399e-02  -2.2202600e-02
   5.5174899e-02   3.4645299e-03
   5.3593099e-02   3.0468599e-02
   4.3122299e-02   5.6145099e-02
   2.4457799e-02   7.7912998e-02
  -1.0009400e-03   9.3481398e-02
  -3.1256999e-02   1.0103300e-01
  -6.3869999e-02   9.9374798e-02
  -9.6143398e-02   8.8032898e-02
  -1.2533400e-01   6.7301898e-02
  -1.4886300e-01   3.8228299e-02
  -1.6451900e-01   2.5391899e-03
  -1.7062900e-01  -3.7482099e-02
  -1.6619500e-01  -7.9162798e-02
  -1.5097200e-01  -1.1963800e-01
  -1.2549900e-01  -1.5606200e-01
  -9.1061998e-02  -1.8581900e-01
  -4.9606599e-02  -2.0672100e-01
  -3.6007099e-03  -2.1716400e-01
   4.4143699e-02  -2.1625400e-01
   9.0672498e-02  -2.0386700e-01
   1.3310200e-01  -1.8066400e-01
   1.6882700e-01  -1.4803800e-01
   1.9570300e-01  -1.0801400e-01
   2.1219900e-01  -6.3099399e-02
   2.1750300e-01  -1.6100600e-02
   2.1157000e-01   3.0079299e-02
   1.9511500e-01   7.2650998e-02
   1.6955400e-01   1.0913700e-01
   1.3688500e-01   1.3754400e-01
   9.9538998e-02   1.5650000e-01
   6.0188599e-02   1.6534200e-01
   2.1549700e-02   1.6414700e-01
  -1.3821000e-02   1.5371100e-01
  -4.3712799e-02   1.3547400e-01
  -6.6418698e-02   1.1139400e-01
  -8.0853098e-02   8.3786798e-02
  -8.6620198e-02   5.5141299e-02
  -8.4027998e-02   2.7920799e-02
  -7.4049498e-02   4.3723499e-03
  -5.8231299e-02  -1.3646400e-02
  -3.8560199e-02  -2.4807499e-02
  -1.7296700e-02  -2.8409799e-02
   3.2117299e-03  -2.4427399e-02
   2.0721200e-02  -1.3503200e-02
   3.3273499e-02   3.1089799e-03
   3.9353999e-02   2.3649399e-02
   3.8013899e-02   4.5997599e-02
   2.8947899e-02   6.7844698e-02
   1.2521000e-02   8.6879698e-02
  -1.0257300e-02   1.0097700e-01
  -3.7808599e-02   1.0836600e-01
  -6.8105498e-02   1.0777900e-01
  -9.8827298e-02   9.8554098e-02
  -1.2753700e-01   8.0694998e-02
  -1.5186900e-01   5.4879399e-02
  -1.6971100e-01   2.2415399e-02
  -1.7936800e-01  -1.4850000e-02
  -1.7969200e-01  -5.4663199e-02
  -1.7017500e-01  -9.4526898e-02
  -1.5099200e-01  -1.3188200e-01
  -1.2299200e-01  -1.6429200e-01
  -8.7641598e-02  -1.8962400e-01
  -4.6921199e-02  -2.0619700e-01
  -3.1833299e-03  -2.1290699e-01
   4.1013599e-02  -2.0930199e-01
   8.3087698e-02  -1.9561000e-01
   1.2061500e-01  -1.7272300e-01
   1.5150000e-01  -1.4212300e-01
   1.7411500e-01  -1.0577200e-01
   1.8741300e-01  -6.5968798e-02
   1.9098700e-01  -2.5179299e-02
   1.8509000e-01   1.4141000e-02
   1.7059800e-01   4.9720599e-02
   1.4893400e-01   7.9630398e-02
   1.2195400e-01   1.0241300e-01
   9.1795098e-02   1.1717600e-01
   6.0715599e-02   1.2363900e-01
   3.0921099e-02   1.2213800e-01
   4.4024699e-03   1.1357800e-01
  -1.7207700e-02   9.9350998e-02
  -3.2749099e-02   8.1208998e-02
  -4.1608699e-02   6.1121498e-02
  -4.3752599e-02   4.1112999e-02
  -3.9712699e-02   2.3101699e-02
  -3.0529599e-02   8.7487998e-03
  -1.7656400e-02  -6.6980898e-04
  -2.8328499e-03  -4.3595299e-03
   1.2062700e-02  -2.0640599e-03
   2.5168999e-02   5.9205799e-03
   3.4795699e-02   1.8775800e-02
   3.9561299e-02   3.5230799e-02
   3.8506799e-02   5.3668399e-02
   3.1173999e-02   7.2256998e-02
   1.7645900e-02   8.9099298e-02
  -1.4569000e-03   1.0238500e-01
  -2.5021099e-02   1.1053600e-01
  -5.1523699e-02   1.1233700e-01
  -7.9146498e-02   1.0703100e-01
  -1.0591400e-01   9.4386398e-02
  -1.2984100e-01   7.4719398e-02
  -1.4908600e-01   4.8878499e-02
  -1.6208600e-01   1.8185600e-02
  -1.6767900e-01  -1.5656900e-02
  -1.6519000e-01  -5.0686999e-02
  -1.5448100e-01  -8.4823798e-02
  -1.3596500e-01  -1.1601600e-01
  -1.1058000e-01  -1.4238800e-01
  -7.9715498e-02  -1.6237000e-01
  -4.5119999e-02  -1.7481100e-01
  -8.7722098e-03  -1.7905100e-01
   2.7257199e-02  -1.7496800e-01
   6.0950698e-02  -1.6297300e-01
   9.0483198e-02  -1.4397800e-01
   1.1434500e-01  -1.1932300e-01
   1.3144000e-01  -9.0669698e-02
   1.4115300e-01  -5.9882498e-02
   1.4337700e-01  -2.8888799e-02
   1.3851100e-01   4.5714499e-04
   1.2741100e-01   2.6504799e-02
   1.1131500e-01   4.7918299e-02
   9.1739098e-02   6.3762698e-02
   7.0357798e-02   7.3557498e-02
   4.8872299e-02   7.7295398e-02
   2.8882499e-02   7.5424798e-02
   1.1768900e-02   6.8798598e-02
  -1.4054500e-03   5.8593298e-02
  -9.9665797e-03   4.6205199e-02
  -1.3669400e-02   3.3132999e-02
  -1.2703400e-02   2.0853799e-02
  -7.6646598e-03   1.0705000e-02
   5.0352299e-04   3.7785199e-03
   1.0596100e-02   8.3635998e-04
   2.1250799e-02   2.2541299e-03
   3.1062999e-02   7.9953398e-03
   3.8703299e-02   1.7618700e-02
   4.3026699e-02   3.0317199e-02
   4.3166599e-02   4.4985799e-02
   3.8606599e-02   6.0311398e-02
   2.9222999e-02   7.4879098e-02
   1.5298200e-02   8.7285298e-02
  -2.4992499e-03   9.6249597e-02
  -2.3162899e-02   1.0071600e-01
  -4.5423499e-02   9.9939097e-02
  -6.7843098e-02   9.3540997e-02
  -8.8921998e-02   8.1546998e-02
  -1.0721000e-01   6.4385098e-02
  -1.2141500e-01   4.2858599e-02
  -1.3049300e-01   1.8089800e-02
  -1.3373200e-01  -8.5597198e-03
  -1.3079600e-01  -3.5585199e-02
  -1.2175100e-01  -6.1445098e-02
  -1.0706200e-01  -8.4669298e-02
  -8.7550698e-02  -1.0396000e-01
  -6.4343498e-02  -1.1828100e-01
  -3.8784599e-02  -1.2692400e-01
  -1.2342300e-02  -1.2955400e-01
   1.3494200e-02  -1.2622300e-01
   3.7317499e-02  -1.1736000e-01
   5.7896698e-02  -1.0373200e-01
   7.4256998e-02  -8.6378498e-02
   8.5739398e-02  -6.6535198e-02
   9.2036197e-02  -4.5539199e-02
   9.3199397e-02  -2.4732099e-02
   8.9623998e-02  -5.3648599e-03
   8.2005098e-02   1.1487900e-02
   7.1276198e-02   2.4997999e-02
   5.8529698e-02   3.4633699e-02
   4.4929999e-02   4.0186099e-02
   3.1622599e-02   4.1770299e-02
   1.9647599e-02   3.9802799e-02
   9.8649897e-03   3.4956099e-02
   2.8941199e-03   2.8095499e-02
  -9.2511797e-04   2.0202999e-02
  -1.5492200e-03   1.2294600e-02
   7.7563598e-04   5.3365999e-03
   5.5425798e-03   1.6839100e-04
   1.2032800e-02  -2.5629399e-03
   1.9379399e-02  -2.4517699e-03
   2.6642499e-02   6.3704898e-04
   3.2887099e-02   6.5607798e-03
   3.7260899e-02   1.4913400e-02
   3.9063099e-02   2.5060699e-02
   3.7801499e-02   3.6191999e-02
   3.3231799e-02   4.7386399e-02
   2.5377999e-02   5.7685098e-02
   1.4531500e-02   6.6167198e-02
   1.2300100e-03   7.2021298e-02
  -1.3782500e-02   7.4608598e-02
  -2.9610399e-02   7.3511898e-02
  -4.5272599e-02   6.8568098e-02
  -5.9774198e-02   5.9881098e-02
  -7.2178798e-02   4.7815199e-02
  -8.1675198e-02   3.2969199e-02
  -8.7635298e-02   1.6133700e-02
  -8.9656897e-02  -1.7649099e-03
  -8.7590698e-02  -1.9729499e-02
  -8.1547998e-02  -3.6761699e-02
  -7.1889998e-02  -5.1929899e-02
  -5.9199698e-02  -6.4431798e-02
  -4.4238399e-02  -7.3646298e-02
  -2.7890399e-02  -7.9171398e-02
  -1.1100700e-02  -8.0845998e-02
   5.1907199e-03  -7.8754598e-02
   2.0111699e-02  -7.3213198e-02
   3.2914599e-02  -6.4741098e-02
   4.3022999e-02  -5.4017398e-02
   5.0063499e-02  -4.1829099e-02
   5.3883598e-02  -2.9012299e-02
   5.4551998e-02  -1.6392200e-02
   5.2343698e-02  -4.7257499e-03
   4.7710799e-02   5.3478198e-03
   4.1241399e-02   1.3347200e-02
   3.3610199e-02   1.8975699e-02
   2.5524899e-02   2.2132899e-02
   1.7672199e-02   2.2912699e-02
   1.0667200e-02   2.1585699e-02
   5.0103299e-03   1.8569999e-02
   1.0547200e-03   1.4391600e-02
  -1.0146600e-03   9.6386297e-03
  -1.1879000e-03   4.9118399e-03
   3.7635499e-04   7.7663598e-04
   3.3700099e-03  -2.2810499e-03
   7.3655498e-03  -3.8912199e-03
   1.1854300e-02  -3.8262899e-03
   1.6289600e-02  -2.0157999e-03
   2.0132499e-02   1.4512800e-03
   2.2894299e-02   6.3366098e-03
   2.4175799e-02   1.2273700e-02
   2.3697999e-02   1.8798399e-02
   2.1322799e-02   2.5386399e-02
   1.7063499e-02   3.1494499e-02
   1.1083100e-02   3.6602199e-02
   3.6814699e-03   4.0251599e-02
  -4.7272999e-03   4.2081299e-02
  -1.3645500e-02   4.1853099e-02
  -2.2528399e-02   3.9469299e-02
  -3.0823099e-02   3.4978599e-02
  -3.8007999e-02   2.8573299e-02
  -4.3628999e-02   2.0573999e-02
  -4.7330099e-02   1.1407100e-02
  -4.8876999e-02   1.5747200e-03
  -4.8171299e-02  -8.3800397e-03
  -4.5255399e-02  -1.7910099e-02
  -4.0306799e-02  -2.6500699e-02
  -3.3624599e-02  -3.3702399e-02
  -2.5606399e-02  -3.9159099e-02
  -1.6720299e-02  -4.2628899e-02
  -7.4728098e-03  -4.3996599e-02
   1.6255600e-03  -4.3276899e-02
   1.0092900e-02  -4.0609199e-02
   1.7506299e-02  -3.6244099e-02
   2.3526299e-02  -3.0522499e-02
   2.7915999e-02  -2.3850199e-02
   3.0551099e-02  -1.6668299e-02
   3.1423099e-02  -9.4228097e-03
   3.0633899e-02  -2.5353099e-03
   2.8383499e-02   3.6235299e-03
   2.4951299e-02   8.7559097e-03
   2.0673099e-02   1.2652700e-02
   1.5915200e-02   1.5202700e-02
   1.1047500e-02   1.6394299e-02
   6.4182798e-03   1.6310699e-02
   2.3305499e-03   1.5118300e-02
  -9.7611897e-04   1.3050300e-02
  -3.3391999e-03   1.0386300e-02
  -4.6804899e-03   7.4289498e-03
  -5.0070998e-03   4.4813999e-03
  -4.4063699e-03   1.8244099e-03
  -3.0353099e-03  -3.0311799e-04
  -1.1055100e-03  -1.7200399e-03
   1.1352600e-03  -2.3140499e-03
   3.4232899e-03  -2.0473199e-03
   5.4995098e-03  -9.5666297e-04
   7.1290198e-03   8.5178797e-04
   8.1182497e-03   3.2125999e-03
   8.3285197e-03   5.9150498e-03
   7.6853898e-03   8.7198897e-03
   6.1830298e-03   1.1377800e-02
   3.8837599e-03   1.3647800e-02
   9.1267797e-04   1.5315000e-02
  -2.5518999e-03   1.6205899e-02
  -6.2915498e-03   1.6200499e-02
  -1.0063300e-02   1.5240400e-02
  -1.3616800e-02   1.3332800e-02
  -1.6711299e-02   1.0549700e-02
  -1.9131899e-02   7.0228398e-03
  -2.0703999e-02   2.9350199e-03
  -2.1304699e-02  -1.4924500e-03
  -2.0870299e-02  -6.0140198e-03
  -1.9400699e-02  -1.0375900e-02
  -1.6958299e-02  -1.4332000e-02
  -1.3664600e-02  -1.7659699e-02
  -9.6913097e-03  -2.0173199e-02
  -5.2500398e-03  -2.1734699e-02
  -5.7849498e-04  -2.2262499e-02
   4.0741099e-03  -2.1735299e-02
   8.4623197e-03  -2.0192199e-02
   1.2359100e-02  -1.7730299e-02
   1.5569200e-02  -1.4497100e-02
   1.7940099e-02  -1.0681200e-02
   1.9370499e-02  -6.5002398e-03
   1.9815199e-02  -2.1870299e-03
   1.9286399e-02   2.0243799e-03
   1.7851599e-02   5.9128898e-03
   1.5628399e-02   9.2832397e-03
   1.2775800e-02   1.1977000e-02
   9.4835197e-03   1.3881200e-02
   5.9597798e-03   1.4933900e-02
   2.4177699e-03   1.5126300e-02
  -9.3750397e-04   1.4501600e-02
  -3.9216899e-03   1.3151000e-02
  -6.3819498e-03   1.1206400e-02
  -8.2056397e-03   8.8302497e-03
  -9.3261397e-03   6.2048998e-03
  -9.7257097e-03   3.5197599e-03
  -9.4350497e-03   9.5886297e-04
  -8.5297797e-03  -1.3110900e-03
  -7.1240098e-03  -3.1513499e-03
  -5.3615098e-03  -4.4596199e-03
  -3.4050899e-03  -5.1760298e-03
  -1.4248700e-03  -5.2861298e-03
   4.1377699e-04  -4.8208098e-03
   1.9617199e-03  -3.8531299e-03
   3.0963799e-03  -2.4922599e-03
   3.7300399e-03  -8.7507997e-04
   3.8156599e-03   8.4407597e-04
   3.3498899e-03   2.5048399e-03
   2.3728899e-03   3.9525499e-03
   9.6522497e-04   5.0494898e-03
  -7.5815297e-04   5.6850198e-03
  -2.6563099e-03   5.7836698e-03
  -4.5725798e-03   5.3107898e-03
  -6.3459298e-03   4.2753599e-03
  -7.8226997e-03   2.7296599e-03
  -8.8678297e-03   7.6592697e-04
  -9.3748897e-03  -1.4898500e-03
  -9.2741297e-03  -3.8866099e-03
  -8.5379497e-03  -6.2586298e-03
  -7.1835498e-03  -8.4371697e-03
  -5.2723498e-03  -1.0262400e-02
  -2.9063599e-03  -1.1594500e-02
  -2.2162399e-04  -1.2324500e-02
   2.6206999e-03  -1.2381200e-02
   5.4451698e-03  -1.1737500e-02
   8.0739697e-03  -1.0412700e-02
   1.0339000e-02  -8.4711997e-03
   1.2093500e-02  -6.0192098e-03
   1.3222100e-02  -3.1975699e-03
   1.3649100e-02  -1.7254899e-04
   1.3343500e-02   2.8752099e-03
   1.2321600e-02   5.7628198e-03
   1.0645700e-02   8.3174697e-03
   8.4200997e-03   1.0388000e-02
   5.7841098e-03   1.1855100e-02
   2.9023999e-03   1.2639300e-02
  -4.6155498e-05   1.2705800e-02
  -2.8806499e-03   1.2067000e-02
  -5.4303998e-03   1.0780800e-02
  -7.5464197e-03   8.9465297e-03
  -9.1113297e-03   6.6974198e-03
  -1.0046900e-02   4.1912299e-03
  -1.0318900e-02   1.5989099e-03
  -9.9386297e-03  -9.0735997e-04
  -8.9614397e-03  -3.1661499e-03
  -7.4819597e-03  -5.0378798e-03
  -5.6266598e-03  -6.4141498e-03
  -3.5442699e-03  -7.2247798e-03
  -1.3947300e-03  -7.4419497e-03
   6.6254298e-04  -7.0812898e-03
   2.4801099e-03  -6.1997798e-03
   3.9329399e-03  -4.8906498e-03
   4.9270698e-03  -3.2757899e-03
   5.4057698e-03  -1.4961299e-03
   5.3529298e-03   2.9919499e-04
   4.7933898e-03   1.9640999e-03
   3.7901799e-03   3.3664099e-03
   2.4390899e-03   4.3974698e-03
   8.6070897e-04   4.9799098e-03
  -8.0907397e-04   5.0728298e-03
  -2.4296799e-03   4.6743398e-03
  -3.8665899e-03   3.8209599e-03
  -5.0014498e-03   2.5842199e-03
  -5.7408598e-03   1.0647400e-03
  -6.0230398e-03  -6.1592798e-04
  -5.8221698e-03  -2.3247899e-03
  -5.1497698e-03  -3.9276499e-03
  -4.0533499e-03  -5.2993498e-03
  -2.6123899e-03  -6.3330398e-03
  -9.3185097e-04  -6.9480098e-03
   8.6597197e-04  -7.0954297e-03
   2.6508999e-03  -6.7615598e-03
   4.2946598e-03  -5.9682698e-03
   5.6804398e-03  -4.7708898e-03
   6.7113098e-03  -3.2536099e-03
   7.3170897e-03  -1.5227599e-03
   7.4590497e-03   3.0139499e-04
   7.1321197e-03   2.0937199e-03
   6.3645898e-03   3.7335099e-03
   5.2153198e-03   5.1131198e-03
   3.7687599e-03   6.1455598e-03
   2.1281199e-03   6.7702198e-03
   4.0746199e-04   6.9565698e-03
  -1.2769100e-03   6.7054898e-03
  -2.8148799e-03   6.0482098e-03
  -4.1102699e-03   5.0430798e-03
  -5.0872498e-03   3.7703599e-03
  -5.6950598e-03   2.3256599e-03
  -5.9106198e-03   8.1244097e-04
  -5.7390398e-03  -6.6580498e-04
  -5.2119598e-03  -2.0129699e-03
  -4.3840598e-03  -3.1469199e-03
  -3.3278999e-03  -4.0047199e-03
  -2.1277599e-03  -4.5461998e-03
  -8.7288197e-04  -4.7555498e-03
   3.4930899e-04  -4.6410598e-03
   1.4594399e-03  -4.2330498e-03
   2.3914699e-03  -3.5802199e-03
   3.0966299e-03  -2.7448299e-03
   3.5457499e-03  -1.7971599e-03
   3.7299399e-03  -8.0975597e-04
   3.6596999e-03   1.4817699e-04
   3.3624499e-03   1.0156000e-03
   2.8790699e-03   1.7435299e-03
   2.2595499e-03   2.2975799e-03
   1.5583199e-03   2.6591599e-03
   8.2966697e-04   2.8252899e-03
   1.2353400e-04   2.8071099e-03
  -5.1782298e-04   2.6273699e-03
  -1.0622200e-03   2.3172099e-03
  -1.4887599e-03   1.9126099e-03
  -1.7879599e-03   1.4507499e-03
  -1.9607099e-03   9.6676196e-04
  -2.0165499e-03   4.9112498e-04
  -1.9711999e-03   4.7836098e-05
  -1.8438899e-03  -3.4645699e-04
  -1.6547699e-03  -6.8240497e-04
  -1.4225299e-03  -9.5707296e-04
  -1.1627000e-03  -1.1724000e-03
  -8.8663697e-04  -1.3332800e-03
  -6.0132098e-04  -1.4454899e-03
  -3.0990899e-04  -1.5138299e-03
  -1.2964800e-05  -1.5406399e-03
   2.8987599e-04  -1.5249699e-03
   5.9803498e-04  -1.4624999e-03
   9.0820897e-04  -1.3461899e-03
   1.2129400e-03  -1.1676800e-03
   1.4997999e-03  -9.1917097e-04
   1.7513299e-03  -5.9567298e-04
   1.9458399e-03  -1.9719999e-04
   2.0590799e-03   2.6928499e-04
   2.0665799e-03   7.8853297e-04
   1.9465899e-03   1.3364899e-03
   1.6831599e-03   1.8808099e-03
   1.2691100e-03   2.3823999e-03
   7.0860797e-04   2.7979999e-03
   1.8786399e-05   3.0836899e-03
  -7.6960397e-04   3.1988899e-03
  -1.6129099e-03   3.1106799e-03
  -2.4566499e-03   2.7979399e-03
  -3.2388499e-03   2.2547999e-03
  -3.8945499e-03   1.4932299e-03
  -4.3610898e-03   5.4410598e-04
  -4.5837698e-03  -5.4323498e-04
  -4.5213498e-03  -1.7031699e-03
  -4.1509998e-03  -2.8576499e-03
  -3.4720099e-03  -3.9215498e-03
  -2.5079399e-03  -4.8090798e-03
  -1.3068699e-03  -5.4409198e-03
   6.0448198e-05  -5.7512898e-03
   1.5045799e-03  -5.6945698e-03
   2.9232499e-03  -5.2506398e-03
   4.2087598e-03  -4.4285398e-03
   5.2564498e-03  -3.2678999e-03
   5.9734798e-03  -1.8379199e-03
   6.2872698e-03  -2.3376099e-04
   6.1528598e-03   1.4294199e-03
   5.5584098e-03   3.0245499e-03
   4.5283598e-03   4.4222998e-03
   3.1238099e-03   5.5014098e-03
   1.4397899e-03   6.1591898e-03
  -4.0028998e-04   6.3210098e-03
  -2.2530099e-03   5.9481098e-03
  -3.9653398e-03   5.0429798e-03
  -5.3865298e-03   3.6516199e-03
  -6.3804198e-03   1.8624399e-03
  -6.8373697e-03  -1.9839799e-04
  -6.6846597e-03  -2.3749399e-03
  -5.8944698e-03  -4.4922398e-03
  -4.4886898e-03  -6.3692698e-03
  -2.5400699e-03  -7.8330797e-03
  -1.6923299e-04  -8.7330097e-03
   2.4621799e-03  -8.9538296e-03
   5.1620198e-03  -8.4267897e-03
   7.7211097e-03  -7.1375697e-03
   9.9286496e-03  -5.1301998e-03
   1.1588600e-02  -2.5066999e-03
   1.2535400e-02   5.7793698e-04
   1.2648599e-02   3.9250498e-03
   1.1864000e-02   7.3054997e-03
   1.0180900e-02   1.0475800e-02
   7.6657597e-03   1.3195999e-02
   4.4490598e-03   1.5247899e-02
   7.1871397e-04   1.6452799e-02
  -3.2920699e-03   1.6686099e-02
  -7.3206297e-03   1.5888799e-02
  -1.1093500e-02   1.4074599e-02
  -1.4346799e-02   1.1330700e-02
  -1.6845699e-02   7.8141097e-03
  -1.8403699e-02   3.7416999e-03
  -1.8897299e-02  -6.2434098e-04
  -1.8277399e-02  -4.9949998e-03
  -1.6574499e-02  -9.0755496e-03
  -1.3898499e-02  -1.2587599e-02
  -1.0432000e-02  -1.5290699e-02
  -6.4177397e-03  -1.7000999e-02
  -2.1416399e-03  -1.7607099e-02
   2.0886599e-03  -1.7079099e-02
   5.9669398e-03  -1.5473099e-02
   9.2122496e-03  -1.2927999e-02
   1.1591200e-02  -9.6560596e-03
   1.2937299e-02  -5.9279198e-03
   1.3164799e-02  -2.0519799e-03
   1.2277600e-02   1.6492099e-03
   1.0370300e-02   4.8644198e-03
   7.6225597e-03   7.3188697e-03
   4.2865398e-03   8.7970796e-03
   6.6822097e-04   9.1616996e-03
  -2.8959999e-03   8.3664297e-03
  -6.0657698e-03   6.4622597e-03
  -8.5242197e-03   3.5959799e-03
  -1.0004300e-02   1.1401500e-06
  -1.0312000e-02  -4.0181398e-03
  -9.3442796e-03  -8.1093997e-03
  -7.1003797e-03  -1.1898600e-02
  -3.6855798e-03  -1.5019099e-02
   6.9352097e-04  -1.7141499e-02
   5.7416598e-03  -1.8000499e-02
   1.1094900e-02  -1.7418699e-02
   1.6346399e-02  -1.5323299e-02
   2.1076799e-02  -1.1755400e-02
   2.4885599e-02  -6.8713697e-03
   2.7422499e-02  -9.3461996e-04
   2.8416099e-02   5.7007198e-03
   2.7696499e-02   1.2613499e-02
   2.5211199e-02   1.9344799e-02
   2.1032799e-02   2.5431399e-02
   1.5356899e-02   3.0439499e-02
   8.4907396e-03   3.3997599e-02
   8.3368097e-04   3.5825499e-02
  -7.1503197e-03   3.5756199e-02
  -1.4965199e-02   3.3750799e-02
  -2.2118199e-02   2.9903499e-02
  -2.8156199e-02   2.4436299e-02
  -3.2698699e-02   1.7685199e-02
  -3.5466899e-02   1.0076300e-02
  -3.6304598e-02   2.0957299e-03
