   6.0000000e+00   6.6613400e-16
   5.7989200e+00   1.5032200e+00
   5.2279600e+00   2.9056800e+00
   4.3247700e+00   4.1180900e+00
   3.1481000e+00   5.0635900e+00
   1.7739800e+00   5.6826000e+00
   2.9083300e-01   5.9366000e+00
  -1.2062500e+00   5.8105000e+00
  -2.6215600e+00   5.3135600e+00
  -3.8649400e+00   4.4786800e+00
  -4.8574800e+00   3.3602800e+00
  -5.5365600e+00   2.0306900e+00
  -5.8597700e+00   5.7552000e-01
  -5.8075700e+00  -9.1185200e-01
  -5.3844800e+00  -2.3363000e+00
  -4.6187000e+00  -3.6070100e+00
  -3.5602200e+00  -4.6432700e+00
  -2.2776000e+00  -5.3796200e+00
  -8.5347500e-01  -5.7699500e+00
   6.2071000e-01  -5.7904000e+00
   2.0506100e+00  -5.4408300e+00
   3.3450100e+00  -4.7447300e+00
   4.4216400e+00  -3.7476700e+00
   5.2123800e+00  -2.5142900e+00
   5.6676100e+00  -1.1241400e+00
   5.7593000e+00   3.3347700e-01
   5.4827300e+00   1.7652100e+00
   4.8567400e+00   3.0796800e+00
   3.9224000e+00   4.1932500e+00
   2.7403800e+00   5.0354200e+00
   1.3869800e+00   5.5532300e+00
  -5.0787000e-02   5.7146100e+00
  -1.4808000e+00   5.5103600e+00
  -2.8117200e+00   4.9546900e+00
  -3.9588200e+00   4.0842000e+00
  -4.8493800e+00   2.9555000e+00
  -5.4273200e+00   1.6415000e+00
  -5.6566800e+00   2.2674900e-01
  -5.5239100e+00  -1.1980500e+00
  -5.0386300e+00  -2.5418400e+00
  -4.2329400e+00  -3.7190100e+00
  -3.1593300e+00  -4.6548800e+00
  -1.8872300e+00  -5.2904000e+00
  -4.9854500e-01  -5.5859100e+00
   9.1763700e-01  -5.5236100e+00
   2.2707500e+00  -5.1085900e+00
   3.4745300e+00  -4.3684800e+00
   4.4525500e+00  -3.3515700e+00
   5.1430200e+00  -2.1237300e+00
   5.5027200e+00  -7.6403900e-01
   5.5097200e+00   6.4019800e-01
   5.1646800e+00   1.9991300e+00
   4.4907300e+00   3.2260700e+00
   3.5319800e+00   4.2430400e+00
   2.3505800e+00   4.9857300e+00
   1.0226900e+00   5.4075400e+00
  -3.6636500e-01   5.4825300e+00
  -1.7276600e+00   5.2070000e+00
  -2.9743000e+00   4.5996500e+00
  -4.0270000e+00   3.7003300e+00
  -4.8191000e+00   2.5674100e+00
  -5.3008300e+00   1.2740000e+00
  -5.4423600e+00  -9.6742600e-02
  -5.2357200e+00  -1.4570100e+00
  -4.6952200e+00  -2.7199200e+00
  -3.8564300e+00  -3.8050800e+00
  -2.7738700e+00  -4.6437300e+00
  -1.5174800e+00  -5.1830600e+00
  -1.6808300e-01  -5.3895400e+00
   1.1878200e+00  -5.2510200e+00
   2.4635900e+00  -4.7774400e+00
   3.5779400e+00  -4.0001200e+00
   4.4602100e+00  -2.9696500e+00
   5.0547300e+00  -1.7526800e+00
   5.3244400e+00  -4.2755000e-01
   5.2531100e+00   9.2074300e-01
   4.8463800e+00   2.2059800e+00
   4.1312800e+00   3.3462400e+00
   3.1544700e+00   4.2691300e+00
   1.9791800e+00   4.9163600e+00
   6.8111900e-01   5.2474500e+00
  -6.5638400e-01   5.2422300e+00
  -1.9477500e+00   4.9020900e+00
  -3.1106300e+00   4.2498200e+00
  -4.0711100e+00   3.3280700e+00
  -4.7684700e+00   2.1965700e+00
  -5.1589800e+00   9.2827700e-01
  -5.2186500e+00  -3.9534500e-01
  -4.9447000e+00  -1.6895600e+00
  -4.3556900e+00  -2.8717600e+00
  -3.4902300e+00  -3.8667700e+00
  -2.4045000e+00  -4.6116100e+00
  -1.1685400e+00  -5.0594700e+00
   1.3820800e-01  -5.1826700e+00
   1.4320200e+00  -4.9743500e+00
   2.6302800e+00  -4.4488700e+00
   3.6567300e+00  -3.6407800e+00
   4.4463300e+00  -2.6026200e+00
   4.9493700e+00  -1.4014300e+00
   5.1346000e+00  -1.1446800e-01
   4.9912000e+00   1.1757700e+00
   4.5293500e+00   2.3868400e+00
   3.7795600e+00   3.4416200e+00
   2.7906400e+00   4.2731900e+00
   1.6265300e+00   4.8291300e+00
   3.6214400e-01   5.0747900e+00
  -9.2141300e-01   4.9954500e+00
  -2.1420700e+00   4.5971800e+00
  -3.2220400e+00   3.9064500e+00
  -4.0927700e+00   2.9682900e+00
  -4.6992600e+00   1.8434200e+00
  -5.0036100e+00   6.0430400e-01
  -4.9873200e+00  -6.6953500e-01
  -4.6524300e+00  -1.8966000e+00
  -4.0213500e+00  -2.9986400e+00
  -3.1353000e+00  -3.9056400e+00
  -2.0517200e+00  -4.5602500e+00
  -8.4045500e-01  -4.9214500e+00
   4.2071400e-01  -4.9670800e+00
   1.6510500e+00  -4.6952000e+00
   2.7720300e+00  -4.1242000e+00
   3.7123900e+00  -3.2914900e+00
   4.4126100e+00  -2.2510900e+00
   4.8287000e+00  -1.0701300e+00
   4.9349800e+00   1.7550300e-01
   4.7256200e+00   1.4060100e+00
   4.2149900e+00   2.5428300e+00
   3.4366600e+00   3.5136200e+00
   2.4411900e+00   4.2568700e+00
   1.2928800e+00   4.7258100e+00
   6.5561600e-02   4.8913400e+00
  -1.1620900e+00   4.7438400e+00
  -2.3116500e+00   4.2937000e+00
  -3.3099000e+00   3.5706500e+00
  -4.0935500e+00   2.6217300e+00
  -4.6132000e+00   1.5082900e+00
  -4.8364700e+00   3.0196300e-01
  -4.7500400e+00  -9.1986900e-01
  -4.3603800e+00  -2.0791000e+00
  -3.6933600e+00  -3.1018500e+00
  -2.7924500e+00  -3.9232200e+00
  -1.7159600e+00  -4.4913400e+00
  -5.3320700e-01  -4.7707300e+00
   6.7990400e-01  -4.7444300e+00
   1.8457700e+00  -4.4150800e+00
   2.8900500e+00  -3.8046800e+00
   3.7464000e+00  -2.9531100e+00
   4.3607100e+00  -1.9155300e+00
   4.6944700e+00  -7.5882000e-01
   4.7272500e+00   4.4274600e-01
   4.4579000e+00   1.6122600e+00
   3.9045700e+00   2.6750900e+00
   3.1035000e+00   3.5636700e+00
   2.1066600e+00   4.2217800e+00
   9.7835300e-01   4.6080800e+00
  -2.0892700e-01   4.6987600e+00
  -1.3791300e+00   4.4889400e+00
  -2.4575600e+00   3.9929700e+00
  -3.3755800e+00   3.2434500e+00
  -4.0750500e+00   2.2890400e+00
  -4.5119700e+00   1.1913800e+00
  -4.6592300e+00   2.1040400e-02
  -4.5083600e+00  -1.1469700e+00
  -4.0699000e+00  -2.2380400e+00
  -3.3728000e+00  -3.1826900e+00
  -2.4623800e+00  -3.9210300e+00
  -1.3974900e+00  -4.4065400e+00
  -2.4666200e-01  -4.6089800e+00
   9.1632100e-01  -4.5163100e+00
   2.0171100e+00  -4.1353800e+00
   2.9855700e+00  -3.4914300e+00
   3.7602400e+00  -2.6264200e+00
   4.2922300e+00  -1.5963200e+00
   4.5483200e+00  -4.6746300e-01
   4.5130000e+00   6.8772300e-01
   4.1894500e+00   1.7953400e+00
   3.5992500e+00   2.7847900e+00
   2.7809300e+00   3.5932000e+00
   1.7875100e+00   4.1695000e+00
   6.8299000e-01   4.4776000e+00
  -4.6170000e-01   4.4986500e+00
  -1.5733000e+00   4.2322100e+00
  -2.5808900e+00   3.6962000e+00
  -3.4204300e+00   2.9257200e+00
  -4.0388000e+00   1.9707200e+00
  -4.3971800e+00   8.9281200e-01
  -4.4734900e+00  -2.3876200e-01
  -4.2637500e+00  -1.3515300e+00
  -3.7822400e+00  -2.3744600e+00
  -3.0606000e+00  -3.2424700e+00
  -2.1456700e+00  -3.9005900e+00
  -1.0965200e+00  -4.3074300e+00
   1.9398500e-02  -4.4377900e+00
   1.1305800e+00  -4.2842000e+00
   2.1660300e+00  -3.8573700e+00
   3.0598500e+00  -3.1854300e+00
   3.7553700e+00  -2.3120700e+00
   4.2087700e+00  -1.2937200e+00
   4.3918400e+00  -1.9591600e-01
   4.2937300e+00   9.1096400e-01
   3.9216000e+00   1.9561700e+00
   3.3000800e+00   2.8731100e+00
   2.4696600e+00   3.6036100e+00
   1.4840600e+00   4.1015800e+00
   4.0672800e-01   4.3359300e+00
  -6.9321100e-01   4.2925200e+00
  -1.7454100e+00   3.9749800e+00
  -2.6827900e+00   3.4044800e+00
  -3.4458200e+00   2.6182400e+00
  -3.9863000e+00   1.6671900e+00
  -4.2704000e+00   6.1260300e-01
  -4.2807600e+00  -4.7781800e-01
  -4.0175800e+00  -1.5342900e+00
  -3.4985400e+00  -2.4894200e+00
  -2.7576000e+00  -3.2825000e+00
  -1.8428000e+00  -3.8633700e+00
  -8.1312500e-01  -4.1955800e+00
   2.6527100e-01  -4.2586900e+00
   1.3233400e+00  -4.0495000e+00
   2.2935300e+00  -3.5822400e+00
   3.1141500e+00  -2.8875700e+00
   3.7332200e+00  -2.0105900e+00
   4.1118300e+00  -1.0079000e+00
   4.2265400e+00   5.6039500e-02
   4.0708500e+00   1.1130600e+00
   3.6555600e+00   2.0956600e+00
   3.0080100e+00   2.9412700e+00
   2.1703000e+00   3.5963100e+00
   1.1965600e+00   4.0195200e+00
   1.4942300e-01   4.1846000e+00
  -9.0397800e-01   4.0817900e+00
  -1.8963200e+00   3.7185100e+00
  -2.7643900e+00   3.1187900e+00
  -3.4531100e+00   2.3216900e+00
  -3.9190500e+00   1.3787500e+00
  -4.1331300e+00   3.5068000e-01
  -4.0824700e+00  -6.9657200e-01
  -3.7711400e+00  -1.6960300e+00
  -3.2198300e+00  -2.5840000e+00
  -2.4645400e+00  -3.3040800e+00
  -1.5541500e+00  -3.8108100e+00
  -5.4731700e-01  -4.0724600e+00
   4.9132500e-01  -4.0731000e+00
   1.4953200e+00  -3.8135000e+00
   2.4006200e+00  -3.3110600e+00
   3.1497100e+00  -2.5986500e+00
   3.6952000e+00  -1.7224400e+00
   4.0029000e+00  -7.3893500e-01
   4.0538700e+00   2.8870100e-01
   3.8456800e+00   1.2946700e+00
   3.3924300e+00   2.2147600e+00
   2.7238600e+00   2.9904600e+00
   1.8833600e+00   3.5726600e+00
   9.2515500e-01   3.9247800e+00
  -8.9149500e-02   4.0250300e+00
  -1.0945800e+00   3.8678000e+00
  -2.0269200e+00   3.4639400e+00
  -2.8268300e+00   2.8400300e+00
  -3.4436200e+00   2.0366300e+00
  -3.8384600e+00   1.1056200e+00
  -3.9868200e+00   1.0689500e-01
  -3.8799800e+00  -8.9553000e-01
  -3.5255900e+00  -1.8375900e+00
  -2.9470500e+00  -2.6592900e+00
  -2.1820300e+00  -3.3085100e+00
  -1.2800000e+00  -3.7443100e+00
  -2.9901500e-01  -3.9395100e+00
   6.9799500e-01  -3.8823900e+00
   1.6472800e+00  -3.5774000e+00
   2.4883400e+00  -3.0448100e+00
   3.1677800e+00  -2.3193400e+00
   3.6427000e+00  -1.4479700e+00
   3.8833800e+00  -4.8681200e-01
   3.8752000e+00   5.0243100e-01
   3.6194500e+00   1.4564700e+00
   3.1332500e+00   2.3144600e+00
   2.4483800e+00   3.0218900e+00
   1.6092400e+00   3.5340200e+00
   6.6990400e-01   3.8187500e+00
  -3.0928200e-01   3.8586000e+00
  -1.2656400e+00   3.6518000e+00
  -2.1381300e+00   3.2123200e+00
  -2.8712700e+00   2.5689900e+00
  -3.4186700e+00   1.7635300e+00
  -3.7459300e+00   8.4792800e-01
  -3.8328200e+00  -1.1897900e-01
  -3.6745600e+00  -1.0752500e+00
  -3.2820200e+00  -1.9598300e+00
  -2.6810200e+00  -2.7164100e+00
  -1.9106100e+00  -3.2970600e+00
  -1.0205400e+00  -3.6652400e+00
  -6.8063700e-02  -3.7980900e+00
   8.8577500e-01  -3.6878500e+00
   1.7800300e+00  -3.3423300e+00
   2.5577500e+00  -2.7843600e+00
   3.1696100e+00  -2.0502300e+00
   3.5770400e+00  -1.1874200e+00
   3.7546500e+00  -2.5144600e-01
   3.6918100e+00   6.9765700e-01
   3.3933000e+00   1.5992100e+00
   2.8789100e+00   2.3957600e+00
   2.1822100e+00   3.0367400e+00
   1.3482600e+00   3.4816900e+00
   4.3078600e-01   3.7027900e+00
  -5.1133400e-01   3.6866200e+00
  -1.4178300e+00   3.4349600e+00
  -2.2308900e+00   2.9646200e+00
  -2.8988700e+00   2.3063400e+00
  -3.3795400e+00   1.5027800e+00
  -3.6427800e+00   6.0571600e-01
  -3.6724500e+00  -3.2723200e-01
  -3.4673900e+00  -1.2363500e+00
  -3.0414300e+00  -2.0636200e+00
  -2.4224900e+00  -2.7564400e+00
  -1.6507100e+00  -3.2709900e+00
  -7.7588900e-01  -3.5749200e+00
   1.4576300e-01  -3.6495000e+00
   1.0552100e+00  -3.4906700e+00
   1.8943900e+00  -3.1093200e+00
   2.6098900e+00  -2.5305000e+00
   3.1564100e+00  -1.7918200e+00
   3.4995400e+00  -9.4097400e-01
   3.6180000e+00  -3.2677300e-02
   3.5049400e+00   8.7485900e-01
   3.1682900e+00   1.7236500e+00
   2.6302700e+00   2.4596600e+00
   1.9258800e+00   3.0362000e+00
   1.1006600e+00   3.4169500e+00
   2.0770500e-01   3.5781900e+00
  -6.9572200e-01   3.5103100e+00
  -1.5518600e+00   3.2183600e+00
  -2.3061700e+00   2.7217000e+00
  -2.9107600e+00   2.0527000e+00
  -3.3274900e+00   1.2546600e+00
  -3.5303100e+00   3.7895300e-01
  -3.5069300e+00  -5.1821800e-01
  -3.2595700e+00  -1.3794600e+00
  -2.8047200e+00  -2.1498700e+00
  -2.1721000e+00  -2.7805100e+00
  -1.4026900e+00  -3.2315100e+00
  -5.4607000e-01  -3.4746300e+00
   3.4275300e-01  -3.4950000e+00
   1.2068900e+00  -3.2919900e+00
   1.9912000e+00  -2.8792900e+00
   2.6458400e+00  -2.2839300e+00
   3.1293700e+00  -1.5445100e+00
   3.4114500e+00  -7.0872300e-01
   3.4746800e+00   1.6972000e-01
   3.3157100e+00   1.0345600e+00
   2.9453900e+00   1.8306000e+00
   2.3880400e+00   2.5071700e+00
   1.6798700e+00   3.0214400e+00
   8.6659400e-01   3.3410500e+00
   4.9839300e-04   3.4461900e+00
  -8.6291300e-01   3.3308200e+00
  -1.6684800e+00   3.0030000e+00
  -2.3649200e+00   2.4843400e+00
  -2.9080800e+00   1.8085800e+00
  -3.2637300e+00   1.0193900e+00
  -3.4097500e+00   1.6753800e-01
  -3.3374500e+00  -6.9234200e-01
  -3.0521400e+00  -1.5052900e+00
  -2.5727200e+00  -2.2195100e+00
  -1.9304300e+00  -2.7896900e+00
  -1.1668100e+00  -3.1798300e+00
  -3.3104500e-01  -3.3655900e+00
   5.2325300e-01  -3.3357400e+00
   1.3414400e+00  -3.0928500e+00
   2.0713500e+00  -2.6531200e+00
   2.6666400e+00  -2.0452500e+00
   3.0896700e+00  -1.3086200e+00
   3.3139800e+00  -4.9068500e-01
   3.3258500e+00   3.5603300e-01
   3.1251900e+00   1.1773500e+00
   2.7254800e+00   1.9208600e+00
   2.1529000e+00   2.5393200e+00
   1.4445500e+00   2.9935900e+00
   6.4613600e-01   3.2551800e+00
  -1.9105900e-01   3.3079700e+00
  -1.0134200e+00   3.1492300e+00
  -1.7684500e+00   2.7897900e+00
  -2.4081300e+00   2.2532300e+00
  -2.8919400e+00   1.5743900e+00
  -3.1894600e+00   7.9709400e-01
  -3.2822700e+00  -2.8695600e-02
  -3.1650800e+00  -8.5006100e-01
  -2.8460300e+00  -1.6145400e+00
  -2.3461500e+00  -2.2734600e+00
  -1.6979400e+00  -2.7850700e+00
  -9.4327100e-01  -3.1171200e+00
  -1.3070700e-01  -3.2489800e+00
   6.8766000e-01  -3.1728400e+00
   1.4595200e+00  -2.8942200e+00
   2.1357200e+00  -2.4315600e+00
   2.6733300e+00  -1.8149900e+00
   3.0384600e+00  -1.0844000e+00
   3.2083100e+00  -2.8681100e-01
   3.1726400e+00   5.2659900e-01
   2.9343800e+00   1.3038100e+00
   2.5093900e+00   1.9952900e+00
   1.9254000e+00   2.5571100e+00
   1.2202200e+00   2.9537900e+00
   4.3929400e-01   3.1605000e+00
  -3.6724900e-01   3.1646400e+00
  -1.1478000e+00   2.9665700e+00
  -1.8525700e+00   2.5795900e+00
  -2.4367600e+00   2.0290000e+00
  -2.8634300e+00   1.3505000e+00
  -3.1058100e+00   5.8784900e-01
  -3.1490000e+00  -2.0997100e-01
  -2.9908600e+00  -9.9187300e-01
  -2.6421200e+00  -1.7079500e+00
  -2.1256700e+00  -2.3126600e+00
  -1.4750300e+00  -2.7677100e+00
  -7.3218200e-01  -3.0445000e+00
   5.5113400e-02  -3.1259000e+00
   8.3641900e-01  -3.0073300e+00
   1.5618300e+00  -2.6969900e+00
   2.1851800e+00  -2.2153100e+00
   2.6669600e+00  -1.5936000e+00
   2.9768400e+00  -8.7201900e-01
   3.0955400e+00  -9.6988500e-02
   3.0161000e+00   6.8180800e-01
   2.7442000e+00   1.4146000e+00
   2.2978200e+00   2.0547100e+00
   1.7060300e+00   2.5615400e+00
   1.0071000e+00   2.9031100e+00
   2.4601200e-01   3.0581300e+00
  -5.2840600e-01   3.0172800e+00
  -1.2666300e+00   2.7837700e+00
  -1.9216200e+00   2.3731400e+00
  -2.4517700e+00   1.8121700e+00
  -2.8236200e+00   1.1371800e+00
  -3.0138900e+00   3.9164600e-01
  -3.0110000e+00  -3.7656800e-01
  -2.8157500e+00  -1.1183100e+00
  -2.4412000e+00  -1.7862800e+00
  -1.9118600e+00  -2.3380300e+00
  -1.2620300e+00  -2.7386600e+00
  -5.3359800e-01  -2.9630600e+00
   2.2663900e-01  -2.9974400e+00
   9.7001000e-01  -2.8402000e+00
   1.6490700e+00  -2.5019900e+00
   2.2206500e+00  -2.0049900e+00
   2.6485500e+00  -1.3814400e+00
   2.9058800e+00  -6.7158500e-01
   2.9767500e+00   7.8951100e-02
   2.8572100e+00   8.2208900e-01
   2.5554900e+00   1.5103700e+00
   2.0914400e+00   2.1000000e+00
   1.4952200e+00   2.5536000e+00
   8.0534300e-01   2.8426200e+00
   6.6173000e-02   2.9491200e+00
  -6.7490700e-01   2.8668600e+00
  -1.3705400e+00   2.6017000e+00
  -1.9764300e+00   2.1711300e+00
  -2.4541400e+00   1.6032000e+00
  -2.7735500e+00   9.3462200e-01
  -2.9147500e+00   2.0842400e-01
  -2.8692800e+00  -5.2881200e-01
  -2.6406400e+00  -1.2299500e+00
  -2.2439900e+00  -1.8503000e+00
  -1.7052200e+00  -2.3504900e+00
  -1.0591900e+00  -2.6989400e+00
  -3.4750600e-01  -2.8738500e+00
   3.8414300e-01  -2.8646000e+00
   1.0889500e+00  -2.6723500e+00
   1.7219800e+00  -2.3099700e+00
   2.2430000e+00  -1.8011300e+00
   2.6190800e+00  -1.1788200e+00
   2.8266400e+00  -4.8313600e-01
   2.8529500e+00   2.4123000e-01
   2.6969000e+00   9.4791200e-01
   2.3690300e+00   1.5918100e+00
   1.8908200e+00   2.1319900e+00
   1.2933100e+00   2.5342600e+00
   6.1504400e-01   2.7733500e+00
  -1.0039200e-01   2.8344900e+00
  -8.0717100e-01   2.7143400e+00
  -1.4601600e+00   2.4211500e+00
  -2.0178100e+00   1.9741800e+00
  -2.4447900e+00   1.4024900e+00
  -2.7142300e+00   7.4297500e-01
  -2.8094100e+00   3.8062500e-02
  -2.7247900e+00  -6.6707100e-01
  -2.4663400e+00  -1.3273700e+00
  -2.0511300e+00  -1.9007900e+00
  -1.5061700e+00  -2.3509700e+00
  -8.6668900e-01  -2.6495300e+00
  -1.7383900e-01  -2.7778700e+00
   5.2794500e-01  -2.7283300e+00
   1.1938000e+00  -2.5046200e+00
   1.7812900e+00  -2.1215900e+00
   2.2531200e+00  -1.6042100e+00
   2.5795300e+00  -9.8595900e-01
   2.7400900e+00  -3.0665100e-01
   2.7250900e+00   3.9011800e-01
   2.5360200e+00   1.0597800e+00
   2.1855200e+00   1.6596200e+00
   1.6964700e+00   2.1515500e+00
   1.1005800e+00   2.5044800e+00
   4.3622900e-01   2.6962700e+00
  -2.5390500e-01   2.7152000e+00
  -9.2565200e-01   2.5605900e+00
  -1.5361500e+00   2.2428700e+00
  -2.0465900e+00   1.7828400e+00
  -2.4246600e+00   1.2103400e+00
  -2.6466400e+00   5.6231400e-01
  -2.6988200e+00  -1.1961000e-01
  -2.5784000e+00  -7.9175300e-01
  -2.2936300e+00  -1.4112000e+00
  -1.8632000e+00  -1.9385400e+00
  -1.3150800e+00  -2.3403700e+00
  -6.8466100e-01  -2.5914100e+00
  -1.2471900e-02  -2.6761000e+00
   6.5840500e-01  -2.5895300e+00
   1.2851100e+00  -2.3377900e+00
   1.8277400e+00  -1.9374800e+00
   2.2519000e+00  -1.4146300e+00
   2.5308400e+00  -8.0303700e-01
   2.6472100e+00  -1.4205600e-01
   2.5940800e+00   5.2592700e-01
   2.3753800e+00   1.1582100e+00
   2.0056000e+00   1.7145200e+00
   1.5088400e+00   2.1595300e+00
   9.1722700e-01   2.4651700e+00
   2.6887200e-01   2.6123500e+00
  -3.9462900e-01   2.5921700e+00
  -1.0308300e+00   2.4064200e+00
  -1.5991800e+00   2.0675100e+00
  -2.0635700e+00   1.5975700e+00
  -2.3946600e+00   1.0270300e+00
  -2.5717200e+00   3.9265700e-01
  -2.5839000e+00  -2.6481000e-01
  -2.4309600e+00  -9.0329700e-01
  -2.1231800e+00  -1.4820700e+00
  -1.6807100e+00  -1.9643300e+00
  -1.1322500e+00  -2.3195800e+00
  -5.1316500e-01  -2.5255100e+00
   1.3676500e-01  -2.5694300e+00
   7.7591700e-01  -2.4490600e+00
   1.3634900e+00  -2.1725800e+00
   1.8621100e+00  -1.7581700e+00
   2.2401800e+00  -1.2327200e+00
   2.4739500e+00  -6.3015900e-01
   2.5489100e+00   1.0773200e-02
   2.4607900e+00   6.4900700e-01
   2.2157200e+00   1.2437700e+00
   1.8298500e+00   1.7572100e+00
   1.3282800e+00   2.1567600e+00
   7.4341800e-01   2.4172600e+00
   1.1289200e-01   2.5225000e+00
  -5.2286900e-01   2.4662400e+00
  -1.1232300e+00   2.2525900e+00
  -1.6499400e+00   1.8956900e+00
  -2.0695800e+00   1.4187900e+00
  -2.3556800e+00   8.5273200e-01
  -2.4903700e+00   2.3397000e-01
  -2.4655300e+00  -3.9779900e-01
  -2.2832300e+00  -1.0021700e+00
  -1.9556300e+00  -1.5406200e+00
  -1.5041100e+00  -1.9789400e+00
  -9.5790600e-01  -2.2894500e+00
  -3.5221200e-01  -2.4527100e+00
   2.7408600e-01  -2.4587600e+00
   8.8090800e-01  -2.3076800e+00
   1.4295400e+00  -2.0096500e+00
   1.8851200e+00  -1.5841400e+00
   2.2188300e+00  -1.0587600e+00
   2.4097200e+00  -4.6737900e-01
   2.4460600e+00   1.5200800e-01
   2.3260000e+00   7.5974000e-01
   2.0577000e+00   1.3170300e+00
   1.6587800e+00   1.7884100e+00
   1.1551200e+00   2.1440600e+00
   5.7924400e-01   2.3616100e+00
  -3.1836000e-02   2.4275800e+00
  -6.3896600e-01   2.3382500e+00
  -1.2033700e+00   2.0998000e+00
  -1.6891100e+00   1.7279400e+00
  -2.0654100e+00   1.2468400e+00
  -2.3085700e+00   6.8759600e-01
  -2.4034700e+00   8.6170600e-02
  -2.3445100e+00  -5.1887400e-01
  -2.1359400e+00  -1.0888700e+00
  -1.7915500e+00  -1.5875100e+00
  -1.3337800e+00  -1.9831500e+00
  -7.9223200e-01  -2.2508500e+00
  -2.0176200e-01  -2.3739000e+00
   3.9974700e-01  -2.3448900e+00
   9.7382900e-01  -2.1661500e+00
   1.4838900e+00  -1.8495700e+00
   1.8975400e+00  -1.4158200e+00
   2.1886600e+00  -8.9296400e-01
   2.3390300e+00  -3.1469800e-01
   2.3394800e+00   2.8186100e-01
   2.1904600e+00   8.5854000e-01
   1.9019500e+00   1.3785600e+00
   1.4928300e+00   1.8088600e+00
   9.8961700e-01   2.1222500e+00
   4.2475000e-01   2.2990600e+00
  -1.6548300e-01   2.3284200e+00
  -7.4329100e-01   2.2089300e+00
  -1.2718000e+00   1.9486800e+00
  -1.7173900e+00   1.5647400e+00
  -2.0518600e+00   1.0820300e+00
  -2.2541800e+00   5.3170200e-01
  -2.3118400e+00  -5.0870000e-02
  -2.2216200e+00  -6.2836500e-01
  -1.9897300e+00  -1.1639000e+00
  -1.6314500e+00  -1.6233900e+00
  -1.1700500e+00  -1.9777200e+00
  -6.3534900e-01  -2.2045800e+00
  -6.1727700e-02  -2.2898800e+00
   5.1403800e-01  -2.2286000e+00
   1.0551600e+00  -2.0251200e+00
   1.5271600e+00  -1.6929000e+00
   1.9001100e+00  -1.2535500e+00
   2.1504900e+00  -7.3549600e-01
   2.2626900e+00  -1.7207100e-01
   2.2299700e+00   4.0058100e-01
   2.0548700e+00   9.4584300e-01
   1.7490400e+00   1.4289600e+00
   1.3324100e+00   1.8192700e+00
   8.3196300e-01   2.0921200e+00
   2.7993000e-01   2.2304400e+00
  -2.8825700e-01   2.2258200e+00
  -8.3624400e-01   2.0790000e+00
  -1.3290800e+00   1.7998200e+00
  -1.7354600e+00   1.4065100e+00
  -2.0296800e+00   9.2458100e-01
  -2.1933000e+00   3.8508600e-01
  -2.2162700e+00  -1.7732000e-01
  -2.0975700e+00  -7.2663300e-01
  -1.8452200e+00  -1.2278000e+00
  -1.4757700e+00  -1.6489400e+00
  -1.0131900e+00  -1.9634200e+00
  -4.8733100e-01  -2.1514600e+00
   6.8018900e-02  -2.2014500e+00
   6.1728100e-01  -2.1106300e+00
   1.1253800e+00  -1.8852400e+00
   1.5599900e+00  -1.5401100e+00
   1.8935600e+00  -1.0976600e+00
   2.1051000e+00  -5.8646700e-01
   2.1814800e+00  -3.9408900e-02
   2.1182400e+00   5.0845200e-01
   1.9198700e+00   1.0221100e+00
   1.5994500e+00   1.4688500e+00
   1.1778400e+00   1.8203400e+00
   6.8230900e-01   2.0544300e+00
   1.4473400e-01   2.1565200e+00
  -4.0040300e-01   2.1205000e+00
  -9.1824700e-01   1.9491200e+00
  -1.3758000e+00   1.6537500e+00
  -1.7440100e+00   1.2536300e+00
  -1.9996400e+00   7.7468200e-01
  -2.1267100e+00   2.4773500e-01
  -2.1175100e+00  -2.9338600e-01
  -1.9730400e+00  -8.1406500e-01
  -1.7029600e+00  -1.2811000e+00
  -1.3249200e+00  -1.6648200e+00
  -8.6342300e-01  -1.9409600e+00
  -3.4820400e-01  -2.0922300e+00
   1.8764600e-01  -2.1093500e+00
   7.0982500e-01  -1.9916500e+00
   1.1850200e+00  -1.7470600e+00
   1.5830000e+00  -1.3916200e+00
   1.8786000e+00  -9.4838200e-01
   2.0532500e+00  -4.4594000e-01
   2.0961600e+00   8.3417700e-02
   2.0050100e+00   6.0578500e-01
   1.7860400e+00   1.0878100e+00
   1.4536500e+00   1.4988200e+00
   1.0294200e+00   1.8127800e+00
   5.4075300e-01   2.0099300e+00
   1.9069200e-02   2.0780500e+00
  -5.0219700e-01   2.0131800e+00
  -9.8974100e-01   1.8198900e+00
  -1.4125200e+00   1.5109400e+00
  -1.7437300e+00   1.1064100e+00
  -1.9624800e+00   6.3246500e-01
  -2.0551700e+00   1.1959500e-01
  -2.0162500e+00  -3.9930600e-01
  -1.8486400e+00  -8.9106800e-01
  -1.5634400e+00  -1.3243600e+00
  -1.1792400e+00  -1.6716700e+00
  -7.2090700e-01  -1.9110900e+00
  -2.1795000e-01  -2.0276500e+00
   2.9735500e-01  -2.0143000e+00
   7.9204400e-01  -1.8723000e+00
   1.2345800e+00  -1.6111100e+00
   1.5968400e+00  -1.2478100e+00
   1.8559500e+00  -8.0592400e-01
   1.9956600e+00  -3.1393200e-01
   2.0074300e+00   1.9657500e-01
   1.8909000e+00   6.9292000e-01
   1.6539300e+00   1.1434400e+00
   1.3120300e+00   1.5194900e+00
   8.8737000e-01   1.7972700e+00
   4.0734900e-01   1.9593600e+00
  -9.7192800e-02   1.9957500e+00
  -5.9394200e-01   1.9045100e+00
  -1.0511900e+00   1.6918800e+00
  -1.4398300e+00   1.3718200e+00
  -1.7352700e+00   9.6511100e-01
  -1.9189100e+00   4.9801900e-01
  -1.9793700e+00   5.7251900e-04
  -1.9131700e+00  -4.9535000e-01
  -1.7249500e+00  -9.5806800e-01
  -1.4271100e+00  -1.3581200e+00
  -1.0390200e+00  -1.6701500e+00
  -5.8577000e-01  -1.8744900e+00
  -9.6510800e-02  -1.9584200e+00
   3.9738000e-01  -1.9169700e+00
   8.6433200e-01  -1.7531600e+00
   1.2746000e+00  -1.4778600e+00
   1.6021400e+00  -1.1090000e+00
   1.8262900e+00  -6.7044000e-01
   1.9330500e+00  -1.9042000e-01
   1.9159700e+00   3.0026100e-01
   1.7765300e+00   7.7021800e-01
   1.5240300e+00   1.1894900e+00
   1.1749400e+00   1.5314500e+00
   7.5188000e-01   1.7744900e+00
   2.8210700e-01   1.9033900e+00
  -2.0421600e-01   1.9102800e+00
  -6.7596700e-01   1.7951000e+00
  -1.1030500e+00   1.5655800e+00
  -1.4583200e+00   1.2367600e+00
  -1.7192900e+00   8.2994800e-01
  -1.8696100e+00   3.7138800e-01
  -1.8999900e+00  -1.0946300e-01
  -1.8088900e+00  -5.8181100e-01
  -1.6025000e+00  -1.0155100e+00
  -1.2943800e+00  -1.3829600e+00
  -9.0451600e-01  -1.6609000e+00
  -4.5808700e-01  -1.8318500e+00
   1.6209100e-02  -1.8852200e+00
   4.8798200e-01  -1.8179800e+00
   9.2709799e-01  -1.6347900e+00
   1.3056000e+00  -1.3477300e+00
   1.5995000e+00  -9.7546499e-01
   1.7902900e+00  -5.4204000e-01
   1.8660900e+00  -7.5343100e-02
   1.8224200e+00   3.9470400e-01
   1.6624600e+00   8.3805900e-01
   1.3967800e+00   1.2264800e+00
   1.0426900e+00   1.5353200e+00
   6.2309200e-01   1.7450900e+00
   1.6500000e-01   1.8427200e+00
  -3.0219600e-01   1.8223000e+00
  -7.4862000e-01   1.6855100e+00
  -1.1458100e+00   1.4414700e+00
  -1.4685500e+00   1.1060900e+00
  -1.6964500e+00   7.0109600e-01
  -1.8152500e+00   2.5257700e-01
  -1.8176900e+00  -2.1067200e-01
  -1.7039900e+00  -6.5900800e-01
  -1.4817800e+00  -1.0638300e+00
  -1.1655900e+00  -1.3994200e+00
  -7.7591800e-01  -1.6445400e+00
  -3.3789700e-01  -1.7838200e+00
   1.2033900e-01  -1.8086900e+00
   5.6944800e-01  -1.7179300e+00
   9.8076699e-01  -1.5176800e+00
   1.3281300e+00  -1.2211000e+00
   1.5895500e+00  -8.4743400e-01
   1.7485900e+00  -4.2079200e-01
   1.7954100e+00   3.1395500e-02
   1.7273800e+00   4.8015900e-01
   1.5491900e+00   8.9683699e-01
   1.2725800e+00   1.2549100e+00
   9.1552799e-01   1.5316800e+00
   5.0110400e-01   1.7097200e+00
   5.5963900e-02   1.7779600e+00
  -3.9135600e-01   1.7324000e+00
  -8.1226800e-01   1.5762900e+00
  -1.1799600e+00   1.3199600e+00
  -1.4711100e+00   9.8009699e-01
  -1.6673600e+00   5.7868300e-01
  -1.7564600e+00   1.4155400e-01
  -1.7330600e+00  -3.0324700e-01
  -1.5990000e+00  -7.2727800e-01
  -1.3632000e+00  -1.1035100e+00
  -1.0410500e+00  -1.4080600e+00
  -6.5338800e-01  -1.6216900e+00
  -2.2519800e-01  -1.7310400e+00
   2.1603700e-01  -1.7294500e+00
   6.4208600e-01  -1.6173600e+00
   1.0257700e+00  -1.4022900e+00
   1.3427200e+00  -1.0983000e+00
   1.5728800e+00  -7.2509100e-01
   1.7018300e+00  -3.0672600e-01
   1.7216400e+00   1.2992400e-01
   1.6313900e+00   5.5690400e-01
   1.4371900e+00   9.4696199e-01
   1.1517800e+00   1.2752900e+00
   7.9366999e-01   1.5211200e+00
   3.8597600e-01   1.6689800e+00
  -4.5099500e-02   1.7097500e+00
  -4.7194200e-01   1.6411500e+00
  -8.6729199e-01   1.4679100e+00
  -1.2059900e+00   1.2014200e+00
  -1.4665700e+00   8.5901499e-01
  -1.6326400e+00   4.6279700e-01
  -1.6938700e+00   3.8252400e-02
  -1.6466800e+00  -3.8740400e-01
  -1.4944400e+00  -7.8697399e-01
  -1.2471900e+00  -1.1350100e+00
  -9.2102599e-01  -1.4094400e+00
  -5.3704400e-01  -1.5929500e+00
  -1.1995400e-01  -1.6741100e+00
   3.0349200e-01  -1.6480600e+00
   7.0621900e-01  -1.5167900e+00
   1.0625600e+00  -1.2890200e+00
   1.3499000e+00  -9.7961199e-01
   1.5500900e+00  -6.0858300e-01
   1.6506100e+00  -1.9983400e-01
   1.6453500e+00   2.2040000e-01
   1.5349900e+00   6.2523500e-01
   1.3269100e+00   9.8885199e-01
   1.0346900e+00   1.2881500e+00
   6.7728800e-01   1.5042100e+00
   2.7773100e-01   1.6234800e+00
  -1.3831700e-01   1.6386500e+00
  -5.4422300e-01   1.5490800e+00
  -9.1408399e-01   1.3608200e+00
  -1.2243800e+00   1.0862000e+00
  -1.4554800e+00   7.4304299e-01
  -1.5928600e+00   3.5349000e-01
  -1.6280400e+00  -5.7426400e-02
  -1.5590900e+00  -4.6338500e-01
  -1.3907400e+00  -8.3846299e-01
  -1.1340700e+00  -1.1587900e+00
  -8.0574199e-01  -1.4040800e+00
  -4.2696400e-01  -1.5588900e+00
  -2.2095100e-02  -1.6136200e+00
   3.8291600e-01  -1.5650800e+00
   7.6219099e-01  -1.4166900e+00
   1.0915800e+00  -1.1782500e+00
   1.3501900e+00  -8.6528599e-01
   1.5217300e+00  -4.9801500e-01
   1.5955000e+00  -1.0007700e-01
   1.5671000e+00   3.0300600e-01
   1.4386600e+00   6.8546600e-01
   1.2187200e+00   1.0229300e+00
   9.2158999e-01   1.2939800e+00
   5.6651400e-01   1.4815100e+00
   1.7635700e-01   1.5737900e+00
  -2.2384400e-01   1.5652300e+00
  -6.0848800e-01   1.4566900e+00
  -9.5304799e-01   1.2554200e+00
  -1.2356400e+00   9.7457299e-01
  -1.4383900e+00   6.3234000e-01
  -1.5486100e+00   2.5077900e-01
  -1.5595400e+00  -1.4560800e-01
  -1.4707900e+00  -5.3144900e-01
  -1.2883500e+00  -8.8212399e-01
  -1.0241700e+00  -1.1753400e+00
  -6.9537999e-01  -1.3925400e+00
  -3.2319300e-01  -1.5200900e+00
   6.8475499e-02  -1.5501100e+00
   4.5454000e-01  -1.4810100e+00
   8.1035299e-01  -1.3175000e+00
   1.1132800e+00  -1.0703200e+00
   1.3441200e+00  -7.5553099e-01
   1.4883600e+00  -3.9346000e-01
   1.5370500e+00  -7.3856799e-03
   1.4873900e+00   3.7794900e-01
   1.3428500e+00   7.3792799e-01
   1.1129700e+00   1.0496300e+00
   8.1269999e-01   1.2932900e+00
   4.6144600e-01   1.4535600e+00
   8.1812099e-02   1.5204500e+00
  -3.0185800e-01   1.4899900e+00
  -6.6503899e-01   1.3644300e+00
  -9.8459099e-01   1.1520900e+00
  -1.2402300e+00   8.6680099e-01
  -1.4158300e+00   5.2702700e-01
  -1.5004200e+00   1.5464700e-01
  -1.4888800e+00  -2.2644500e-01
  -1.3822500e+00  -5.9187500e-01
  -1.1876400e+00  -9.1834199e-01
  -9.1775799e-01  -1.1851100e+00
  -5.9008700e-01  -1.3753200e+00
  -2.2574200e-01  -1.4770700e+00
   1.5188300e-01  -1.4841200e+00
   5.1862000e-01  -1.3963300e+00
   8.5106999e-01  -1.2196000e+00
   1.1281000e+00  -9.6550499e-01
   1.3321900e+00  -6.5051599e-01
   1.4505200e+00  -2.9495300e-01
   1.4758000e+00   7.8339299e-02
   1.4067200e+00   4.4545600e-01
   1.2479700e+00   7.8295999e-01
   1.0099800e+00   1.0693800e+00
   7.0821599e-01   1.2865800e+00
   3.6214700e-01   1.4208900e+00
  -5.9760200e-03   1.4640100e+00
  -3.7256200e-01   1.4134400e+00
  -7.1419499e-01   1.2727300e+00
  -1.0091200e+00   1.0511500e+00
  -1.2386500e+00   7.6309599e-01
  -1.3883300e+00   4.2719400e-01
  -1.4488200e+00   6.5050699e-02
  -1.4165700e+00  -3.0011200e-01
  -1.2939000e+00  -6.4495499e-01
  -1.0889500e+00  -9.4750999e-01
  -8.1507299e-01  -1.1885800e+00
  -4.8997500e-01  -1.3529500e+00
  -1.3459100e-01  -1.4303600e+00
   2.2827700e-01  -1.4161400e+00
   5.7542200e-01  -1.3114900e+00
   8.8471299e-01  -1.1233700e+00
   1.1365100e+00  -8.6407299e-01
   1.3149000e+00  -5.5037700e-01
   1.4087200e+00  -2.0250200e-01
   1.4122400e+00   1.5722100e-01
   1.3255300e+00   5.0577000e-01
   1.1543900e+00   8.2091199e-01
   9.1003099e-01   1.0826200e+00
   6.0829799e-01   1.2743300e+00
   2.6864600e-01   1.3840200e+00
  -8.7104999e-02   1.4049400e+00
  -4.3617500e-01   1.3360300e+00
  -7.5628099e-01   1.1819800e+00
  -1.0270600e+00   9.5289099e-01
  -1.2313800e+00   6.6363899e-01
  -1.3563700e+00   3.3289400e-01
  -1.3943200e+00  -1.8083800e-02
  -1.3430600e+00  -3.6680500e-01
  -1.2061500e+00  -6.9099699e-01
  -9.9260599e-01  -9.7002199e-01
  -7.1631399e-01  -1.1862000e+00
  -3.9512200e-01  -1.3259000e+00
  -4.9693000e-02  -1.3804600e+00
   2.9782800e-01  -1.3466500e+00
   6.2522999e-01  -1.2269000e+00
   9.1165799e-01  -1.0291400e+00
   1.1389400e+00  -7.6624199e-01
   1.2927400e+00  -4.5521700e-01
   1.3634600e+00  -1.1608200e-01
   1.3468500e+00   2.2940600e-01
   1.2442400e+00   5.5915300e-01
   1.0624500e+00   8.5213999e-01
   8.1335199e-01   1.0897600e+00
   5.1306800e-01   1.2570200e+00
   1.8094500e-01   1.3434300e+00
  -1.6169700e-01   1.3437400e+00
  -4.9293300e-01   1.2581900e+00
  -7.9163599e-01   1.0925300e+00
  -1.0388200e+00   8.5758099e-01
  -1.2188600e+00   5.6857699e-01
  -1.3204600e+00   2.4415200e-01
  -1.3373800e+00  -9.4853899e-02
  -1.2687900e+00  -4.2673700e-01
  -1.1193600e+00  -7.3031299e-01
  -8.9887299e-01  -9.8627699e-01
  -6.2164999e-01  -1.1784200e+00
  -3.0557800e-01  -1.2946700e+00
   2.9025900e-02  -1.3278400e+00
   3.6072600e-01  -1.2760700e+00
   6.6833799e-01  -1.1429300e+00
   9.3228399e-01  -9.3718099e-01
   1.1358400e+00  -6.7220199e-01
   1.2661800e+00  -3.6510500e-01
   1.3152200e+00  -3.5644400e-02
   1.2800700e+00   2.9506000e-01
   1.1632500e+00   6.0587599e-01
   9.7246799e-01   8.7700599e-01
   7.2015499e-01   1.0912500e+00
   4.2262200e-01   1.2351000e+00
   9.9019299e-02   1.2995900e+00
  -2.2989400e-01   1.2808500e+00
  -5.4308799e-01   1.1803200e+00
  -8.2059999e-01   1.0047000e+00
  -1.0448100e+00   7.6543999e-01
  -1.2015700e+00   4.7802400e-01
  -1.2810600e+00   1.6096700e-01
  -1.2784500e+00  -1.6538000e-01
  -1.1941800e+00  -4.8013600e-01
  -1.0338600e+00  -7.6322899e-01
  -8.0799599e-01  -9.9666999e-01
  -5.3121499e-01  -1.1657000e+00
  -2.2136200e-01  -1.2597200e+00
   1.0166200e-01  -1.2729600e+00
   4.1717800e-01  -1.2048300e+00
   7.0504999e-01  -1.0599300e+00
   9.4697199e-01  -8.4776899e-01
   1.1276300e+00  -5.8210599e-01
   1.2356800e+00  -2.8008400e-01
   1.2644400e+00   3.8884800e-02
   1.2123200e+00   3.5436900e-01
   1.0829100e+00   6.4622299e-01
   8.8471199e-01   8.9587199e-01
   6.3061399e-01   1.0875000e+00
   3.3702100e-01   1.2090500e+00
   2.2816300e-02   1.2529600e+00
  -2.9186100e-01   1.2166900e+00
  -5.8690299e-01   1.1027900e+00
  -8.4352199e-01   9.1878799e-01
  -1.0454400e+00   6.7666299e-01
  -1.1799300e+00   3.9206500e-01
  -1.2386200e+00   8.3308999e-02
  -1.2179800e+00  -2.2980100e-01
  -1.1195800e+00  -5.2724599e-01
  -9.4996699e-01  -7.9007199e-01
  -7.2018799e-01  -1.0015900e+00
  -4.4511600e-01  -1.1484600e+00
  -1.4246700e-01  -1.2214900e+00
   1.6833500e-01  -1.2162400e+00
   4.6740600e-01  -1.1333100e+00
   7.3567699e-01  -9.7822499e-01
   9.5610199e-01  -7.6112699e-01
   1.1147500e+00  -4.9608099e-01
   1.2016800e+00  -2.0017000e-01
   1.2115500e+00   1.0760200e-01
   1.1439900e+00   4.0753300e-01
   1.0035500e+00   6.8048599e-01
   7.9942899e-01   9.0910499e-01
   5.4487299e-01   1.0789200e+00
   2.5630300e-01   1.1792700e+00
  -4.7738000e-02   1.2039600e+00
  -3.4777500e-01   1.1516500e+00
  -6.2465099e-01   1.0259300e+00
  -8.6074799e-01   8.3504699e-01
  -1.0411100e+00   5.9141299e-01
  -1.1543900e+00   3.1075600e-01
  -1.1935600e+00   1.1125300e-02
  -1.1563400e+00  -2.8827700e-01
  -1.0453700e+00  -5.6832099e-01
  -8.6794599e-01  -8.1117599e-01
  -6.3562799e-01  -1.0014400e+00
  -3.6342800e-01  -1.1271300e+00
  -6.8862099e-02  -1.1804000e+00
   2.2918000e-01  -1.1581000e+00
   5.1164399e-01  -1.0618700e+00
   7.6053299e-01  -8.9809299e-01
   9.6004899e-01  -6.7745399e-01
   1.0976000e+00  -4.1422200e-01
   1.1645900e+00  -1.2535100e-01
   1.1569700e+00   1.7062300e-01
   1.0754500e+00   4.5476700e-01
   9.2546799e-01   7.0896399e-01
   7.1683099e-01   9.1706699e-01
   4.6304799e-01   1.0659200e+00
   1.8047700e-01   1.1462100e+00
  -1.1273900e-01   1.1530100e+00
  -3.9783200e-01   1.0861300e+00
  -6.5661299e-01   9.5005299e-01
  -8.7262999e-01   7.5370799e-01
  -1.0322200e+00   5.0982299e-01
  -1.1253500e+00   2.3412900e-01
  -1.1462900e+00  -5.5658299e-02
  -1.0939300e+00  -3.4098100e-01
  -9.7184199e-01  -6.0362299e-01
  -7.8804199e-01  -8.2687399e-01
  -5.5446899e-01  -9.9659499e-01
  -2.8620400e-01  -1.1021100e+00
  -4.9325199e-04  -1.1368800e+00
   2.8435200e-01  -1.0989000e+00
   5.5013699e-01  -9.9083099e-01
   7.7993899e-01  -8.1979499e-01
   9.5918799e-01  -5.9691699e-01
   1.0765900e+00  -3.3660100e-01
   1.1248400e+00  -5.5595099e-02
   1.1010700e+00   2.2808100e-01
   1.0070300e+00   4.9629599e-01
   8.4893699e-01   7.3195999e-01
   6.3710399e-01   9.2011799e-01
   3.8522900e-01   1.0489000e+00
   1.0953100e-01   1.1102600e+00
  -1.7230000e-01   1.1004900e+00
  -4.4223799e-01   1.0204400e+00
  -6.8307499e-01   8.7544599e-01
  -8.7951299e-01   6.7497199e-01
  -1.0191400e+00   4.3200099e-01
  -1.0932200e+00   1.6219000e-01
  -1.0972100e+00  -1.1713600e-01
  -1.0311000e+00  -3.8810200e-01
  -8.9930599e-01  -6.3342199e-01
  -7.1047099e-01  -8.3750199e-01
  -4.7683599e-01  -9.8743299e-01
  -2.1346700e-01  -1.0738000e+00
   6.2713699e-02  -1.0913000e+00
   3.3402200e-01  -1.0390100e+00
   5.8313699e-01  -9.2050599e-01
   7.9421399e-01  -7.4355899e-01
   9.5388499e-01  -5.1965999e-01
   1.0521100e+00  -2.6326100e-01
   1.0828100e+00   9.1533199e-03
   1.0442200e+00   2.8012900e-01
   9.3904499e-01   5.3235599e-01
   7.7419899e-01   7.4977899e-01
   5.6040599e-01   9.1861599e-01
   3.1147800e-01   1.0282300e+00
   4.3429399e-02   1.0718100e+00
  -2.2655300e-01   1.0467700e+00
  -4.8121299e-01   9.5492599e-01
  -7.0432899e-01   8.0236099e-01
  -8.8174499e-01   5.9901099e-01
  -1.0022700e+00   3.5802700e-01
  -1.0583800e+00   9.4923399e-02
  -1.0466900e+00  -1.7341900e-01
  -9.6816099e-01  -4.2984099e-01
  -8.2802299e-01  -6.5799399e-01
  -6.3542099e-01  -8.4339199e-01
  -4.0282600e-01  -9.7432199e-01
  -1.4522200e-01  -1.0425900e+00
   1.2085200e-01  -1.0440300e+00
   3.7836900e-01  -9.7876599e-01
   6.1090499e-01  -8.5116799e-01
   8.0367899e-01  -6.6958799e-01
   9.4450099e-01  -4.4579599e-01
   1.0245300e+00  -1.9422400e-01
   1.0388600e+00   6.8967899e-02
   9.8676299e-01   3.2692800e-01
   8.7178499e-01   5.6319099e-01
   7.0146799e-01   7.6272999e-01
   4.8686799e-01   9.1291099e-01
   2.4183300e-01   1.0042900e+00
  -1.7883300e-02   1.0312200e+00
  -2.7564300e-01   9.9218299e-01
  -5.1498299e-01   8.8987199e-01
  -7.2066899e-01   7.3102699e-01
  -8.7966499e-01   5.2597399e-01
  -9.8195899e-01   2.8795800e-01
  -1.0211900e+00   3.2291400e-02
  -9.9505999e-01  -2.2463700e-01
  -9.0543099e-01  -4.6640699e-01
  -7.5823499e-01  -6.7761899e-01
  -5.6305499e-01  -8.4487399e-01
  -3.3251300e-01  -9.5762499e-01
  -8.1449699e-02  -1.0088400e+00
   1.7403000e-01  -9.9543299e-01
   4.1758999e-01  -9.1847099e-01
   6.3370499e-01  -7.8306799e-01
   8.0865399e-01  -5.9805799e-01
   9.3138799e-01  -3.7541800e-01
   9.9422899e-01  -1.2949000e-01
   9.9334999e-01   1.2394000e-01
   9.2900699e-01   3.6865700e-01
   8.0550999e-01   5.8905199e-01
   6.3093599e-01   7.7111999e-01
   4.1659699e-01   9.0334799e-01
   1.7631400e-01   9.7744599e-01
  -7.4480899e-02   9.8886099e-01
  -3.1973000e-01   9.3705999e-01
  -5.4378199e-01   8.2555099e-01
  -7.3238799e-01   6.6164599e-01
  -8.7360899e-01   4.5598199e-01
  -9.5857099e-01   2.2183000e-01
  -9.8202199e-01  -2.5761500e-02
  -9.4265599e-01  -2.7093000e-01
  -8.4318599e-01  -4.9801999e-01
  -6.9015499e-01  -6.9257699e-01
  -4.9350999e-01  -8.4227499e-01
  -2.6595000e-01  -9.3768899e-01
  -2.2111500e-02  -9.7289299e-01
   2.2237500e-01  -9.4582699e-01
   4.5188599e-01  -8.5841599e-01
   6.5180599e-01  -7.1643299e-01
   8.0945299e-01  -5.2912199e-01
   9.1488899e-01  -3.0859100e-01
   9.6154099e-01  -6.9036199e-02
   9.4661199e-01   1.7417800e-01
   8.7124899e-01   4.0550099e-01
   7.4045699e-01   6.1019099e-01
   5.6276599e-01   7.7525199e-01
   3.4967700e-01   8.9026299e-01
   1.1491500e-01   9.4803399e-01
  -1.2645300e-01   9.4505199e-01
  -3.5898500e-01   8.8169799e-01
  -5.6785099e-01   7.6220999e-01
  -7.3978099e-01   5.9439799e-01
  -8.6390599e-01   3.8913499e-01
  -9.3244599e-01   1.5965400e-01
  -9.4119499e-01  -7.9308299e-02
  -8.8978199e-01  -3.1245400e-01
  -7.8167999e-01  -5.2490499e-01
  -6.2397499e-01  -7.0315199e-01
  -4.2689799e-01  -8.3591499e-01
  -2.0316400e-01  -9.1485399e-01
   3.2848500e-02  -9.3509299e-01
   2.6602200e-01  -8.9552499e-01
   4.8146799e-01  -7.9886399e-01
   6.6547599e-01  -6.5146499e-01
   8.0638899e-01  -4.6290599e-01
   8.9533799e-01  -2.4536200e-01
   9.2680399e-01  -1.2824700e-02
   8.9895599e-01   2.1980300e-01
   8.1375999e-01   4.3765799e-01
   6.7683799e-01   6.2686599e-01
   4.9710199e-01   7.7542999e-01
   2.8616900e-01   8.7398399e-01
   5.7613399e-02   9.1638899e-01
  -1.7390600e-01   9.0011099e-01
  -3.9358799e-01   8.2637499e-01
  -5.8743399e-01   7.0007199e-01
  -7.4313999e-01   5.2943599e-01
  -8.5087699e-01   3.2550900e-01
  -9.0391299e-01   1.0142400e-01
  -8.9902899e-01  -1.2843800e-01
  -8.3672099e-01  -3.4937299e-01
  -7.2114799e-01  -5.4729299e-01
  -5.5986299e-01  -7.0962399e-01
  -3.6331299e-01  -8.2610799e-01
  -1.4416700e-01  -8.8944499e-01
   8.3502699e-02  -8.9575499e-01
   3.0512300e-01  -8.4481399e-01
   5.0655399e-01  -7.4005599e-01
   6.7498799e-01  -5.8834399e-01
   7.9976799e-01  -3.9951699e-01
   8.7305799e-01  -1.8575700e-01
   8.9033699e-01   3.9201099e-02
   8.5067599e-01   2.6094900e-01
   7.5678999e-01   4.6532899e-01
   6.1484499e-01   6.3933699e-01
   4.3406199e-01   7.7195099e-01
   2.2611300e-01   8.5482799e-01
   4.3697499e-03   8.8282899e-01
  -2.1695700e-01   8.5433599e-01
  -4.2372799e-01   7.7134799e-01
  -6.0277799e-01   6.3933799e-01
  -7.4275399e-01   4.6689299e-01
  -8.3483499e-01   2.6515900e-01
  -8.7328799e-01   4.7116199e-02
  -8.5582499e-01  -1.7325300e-01
  -7.8373599e-01  -3.8186199e-01
  -6.6179999e-01  -5.6541799e-01
  -4.9796199e-01  -7.1227299e-01
  -3.0282300e-01  -8.1315999e-01
  -8.8948599e-02  -8.6177599e-01
   1.2993800e-01  -8.5517899e-01
   3.3983699e-01  -7.9396399e-01
   5.2736399e-01  -6.8221399e-01
   6.8060899e-01  -5.2722599e-01
   7.8988899e-01  -3.3903899e-01
   8.4835799e-01  -1.2978100e-01
   8.5244099e-01   8.7112999e-02
   8.0204699e-01   2.9776100e-01
   7.0056699e-01   4.8872299e-01
   5.5464499e-01   6.4786199e-01
   3.7374399e-01   7.6510799e-01
   1.6953100e-01   8.3310199e-01
  -4.4872699e-02   8.4765499e-01
  -2.5573700e-01   8.0800499e-01
  -4.4960099e-01   7.1685399e-01
  -6.1413099e-01   5.8018799e-01
  -7.3890699e-01   4.0688099e-01
  -8.1608099e-01   2.0812200e-01
  -8.4087299e-01  -3.3108099e-03
  -8.1186299e-01  -2.1386900e-01
  -7.3107199e-01  -4.1010199e-01
  -6.0382499e-01  -5.7951799e-01
  -4.3839799e-01  -7.1137599e-01
  -2.4548000e-01  -7.9736899e-01
  -3.7483199e-02  -8.3214799e-01
   1.7225600e-01  -8.1364999e-01
   3.7033199e-01  -7.4322499e-01
   5.4412499e-01  -6.2553499e-01
   6.8260899e-01  -4.6824799e-01
   7.7704499e-01  -2.8153600e-01
   8.2153799e-01  -7.7423199e-02
   8.1340199e-01   1.3099700e-01
   7.5332199e-01   3.3039299e-01
   6.4529999e-01   5.0805499e-01
   4.9638699e-01   6.5269799e-01
   3.1622599e-01   7.5518699e-01
   1.1642700e-01   8.0910399e-01
  -9.0184899e-02   8.1115599e-01
  -2.9038600e-01   7.6137699e-01
  -4.7140699e-01   6.6310699e-01
  -6.2173999e-01   5.2277899e-01
  -7.3187799e-01   3.4948999e-01
  -7.9490999e-01   1.5441600e-01
  -8.0695599e-01  -4.9913299e-02
  -7.6740699e-01  -2.5041200e-01
  -6.7894999e-01  -4.3428299e-01
  -5.4739199e-01  -5.8982999e-01
  -3.8127299e-01  -7.0720399e-01
  -1.9131500e-01  -7.7902499e-01
   1.0270900e-02  -8.0084799e-01
   2.1056800e-01  -7.7143499e-01
   3.9678399e-01  -6.9282599e-01
   5.5706399e-01  -5.7019799e-01
   6.8124999e-01  -4.1152399e-01
   7.6151999e-01  -2.2705400e-01
   7.9288399e-01  -2.8656600e-02
   7.7348999e-01   1.7095000e-01
   7.0473799e-01   3.5900799e-01
   5.9117499e-01   5.2353899e-01
   4.4019699e-01   6.5410299e-01
   2.6156800e-01   7.4246699e-01
   6.6786599e-02   7.8311599e-01
  -1.3165100e-01   7.7360299e-01
  -3.2105399e-01   7.1469299e-01
  -4.8935099e-01   6.1030499e-01
  -6.2585399e-01   4.6725099e-01
  -7.2194199e-01   2.9479300e-01
  -7.7160299e-01   1.0404000e-01
  -7.7180999e-01  -9.2761198e-02
  -7.2270299e-01  -2.8301900e-01
  -6.2757599e-01  -4.5459699e-01
  -4.9264999e-01  -5.9659199e-01
  -3.2667199e-01  -7.0002399e-01
  -1.4034200e-01  -7.5840699e-01
   5.4369599e-02  -7.6814999e-01
   2.4499700e-01  -7.2878499e-01
   4.1937299e-01  -6.4297999e-01
   5.6640799e-01  -5.1636299e-01
   6.7679299e-01  -3.5715099e-01
   7.4358999e-01  -1.7562100e-01
   7.6266799e-01   1.6561100e-02
   7.3295899e-01   2.0708200e-01
   6.5651299e-01   3.8377499e-01
   5.3836099e-01   5.3539299e-01
   3.8618299e-01   6.5232899e-01
   2.0980800e-01   7.2721999e-01
   2.0582100e-02   7.5541199e-01
  -1.6936600e-01   7.3525199e-01
  -3.4789699e-01   6.6817799e-01
  -5.0363999e-01   5.5862399e-01
  -6.2671699e-01   4.1372199e-01
  -7.0936499e-01   2.4284100e-01
  -7.4643199e-01   5.6981099e-02
  -7.3569199e-01  -1.3193700e-01
  -6.7798099e-01  -3.1183199e-01
  -5.7713299e-01  -4.7123999e-01
  -4.3972899e-01  -6.0003999e-01
  -2.7466000e-01  -6.9009799e-01
  -9.2560198e-02  -7.3578199e-01
   9.4881898e-02  -7.3431299e-01
   2.7567400e-01  -6.8593199e-01
   4.3828599e-01  -5.9387699e-01
   5.7238499e-01  -4.6416699e-01
   6.6949199e-01  -3.0520799e-01
   7.2352099e-01  -1.2724700e-01
   7.3115199e-01   5.8285499e-02
   6.9204599e-01   2.3951200e-01
   6.0884599e-01   4.0486799e-01
   4.8700699e-01   5.4383699e-01
   3.3443499e-01   6.4762399e-01
   1.6097300e-01   7.0970699e-01
  -2.2229000e-02   7.2625099e-01
  -2.0343600e-01   6.9634299e-01
  -3.7107699e-01   6.2203699e-01
  -5.1448399e-01   5.0822199e-01
  -6.2456899e-01   3.6229199e-01
  -6.9440499e-01   1.9367300e-01
  -7.1965499e-01   1.3208900e-02
  -6.9884499e-01  -1.6753300e-01
  -6.3345099e-01  -3.3700499e-01
  -5.2778999e-01  -4.8441299e-01
  -3.8873799e-01  -6.0040799e-01
  -2.2528600e-01  -6.7767899e-01
  -4.7952599e-02  -7.1140999e-01
   1.3188800e-01  -6.9958099e-01
   3.0273899e-01  -6.4309299e-01
   4.5371099e-01  -5.4569299e-01
   5.7522099e-01  -4.1373399e-01
   6.5959799e-01  -2.5575400e-01
   7.0156799e-01  -8.1929498e-02
   6.9858199e-01   9.6584398e-02
   6.5097099e-01   2.6836700e-01
   5.6191899e-01   4.2246499e-01
   4.3724399e-01   5.4908799e-01
   2.8502399e-01   6.4023099e-01
   1.1507000e-01   6.9018299e-01
  -6.1701999e-02   6.9588099e-01
  -2.3397800e-01   6.5710099e-01
  -3.9076299e-01   5.7645899e-01
  -5.2209099e-01   4.5923899e-01
  -6.1964999e-01   3.1304499e-01
  -6.7731199e-01   1.4730900e-01
  -6.9151899e-01  -2.7318999e-02
  -6.6149899e-01  -1.9965400e-01
  -5.8930799e-01  -3.5869199e-01
  -4.7969299e-01  -4.9431399e-01
  -3.3977299e-01  -5.9792799e-01
  -1.7858300e-01  -6.6301399e-01
  -6.4891199e-03  -6.8553499e-01
   1.6548000e-01  -6.6418599e-01
   3.2633699e-01  -6.0046799e-01
   4.6583899e-01  -4.9858499e-01
   5.7513999e-01  -3.6516499e-01
   6.4735199e-01  -2.0883400e-01
   6.7797699e-01  -3.9649999e-02
   6.6518899e-01   1.3153700e-01
   6.0994099e-01   2.9378199e-01
   5.1589599e-01   4.3674899e-01
   3.8918499e-01   5.5136199e-01
   2.3800600e-01   6.3038799e-01
   7.2094099e-02   6.6889099e-01
  -9.7903398e-02   6.6453499e-01
  -2.6111199e-01   6.1773599e-01
  -4.0712699e-01   5.3161499e-01
  -5.2667099e-01   4.1179799e-01
  -6.1218999e-01   2.6604699e-01
  -6.5832799e-01   1.0375500e-01
  -6.6225899e-01  -6.4657299e-02
  -6.2386499e-01  -2.2841000e-01
  -5.4573199e-01  -3.7705599e-01
  -4.3297599e-01  -5.0114499e-01
  -2.9290999e-01  -5.9282499e-01
  -1.3456900e-01  -6.4634199e-01
   3.1872899e-02  -6.5839499e-01
   1.9575600e-01  -6.2834399e-01
   3.4661899e-01  -5.5824099e-01
   4.7486199e-01  -4.5269199e-01
   5.7236299e-01  -3.1854999e-01
   6.3298899e-01  -1.6447700e-01
   6.5298199e-01  -3.7774199e-04
   6.3119299e-01   1.6323100e-01
   5.6914399e-01   3.1589699e-01
   4.7092599e-01   4.4790099e-01
   3.4292799e-01   5.5087399e-01
   1.9342100e-01   6.1832799e-01
   3.2025299e-02   6.4606399e-01
  -1.3091000e-01   6.3243499e-01
  -2.8497099e-01   5.7844199e-01
  -4.2034099e-01   4.8765999e-01
  -5.2842999e-01   3.6600599e-01
  -6.0241799e-01   2.2134900e-01
  -6.3768499e-01   6.3002999e-02
  -6.3209799e-01  -9.8871498e-02
  -5.8614299e-01  -2.5392099e-01
  -5.0288199e-01  -3.9226099e-01
  -3.8775299e-01  -5.0510499e-01
  -2.4820999e-01  -5.8532299e-01
  -9.3247298e-02  -6.2789199e-01
   6.7187599e-02  -6.3021099e-01
   2.2282600e-01  -5.9225699e-01
   3.6373999e-01  -5.1658199e-01
   4.8097199e-01  -4.0813899e-01
   5.6710699e-01  -2.7395899e-01
   6.1673699e-01  -1.2269700e-01
   6.2680799e-01   3.5929899e-02
   5.9679899e-01   1.9176400e-01
   5.2875399e-01   3.3485699e-01
   4.2713999e-01   4.5610599e-01
   2.9855299e-01   5.4783399e-01
   1.5129500e-01   6.0427299e-01
  -5.1673999e-03   6.2192599e-01
  -1.6080900e-01   5.9978799e-01
  -3.0568799e-01   5.3939799e-01
  -4.3058199e-01   4.4473499e-01
  -5.2757399e-01   3.2195299e-01
  -5.9055399e-01   1.7898700e-01
  -6.1560499e-01   2.5033399e-02
  -6.0124499e-01  -1.3003700e-01
  -5.4851599e-01  -2.7631199e-01
  -4.6090599e-01  -4.0447499e-01
  -3.4412399e-01  -5.0639299e-01
  -2.0572100e-01  -5.7563699e-01
  -5.4608599e-02  -6.0788599e-01
   9.9518998e-02  -6.0119499e-01
   2.4680499e-01  -5.5611299e-01
   3.7785999e-01  -4.7564199e-01
   4.8436199e-01  -3.6503399e-01
   5.5958299e-01  -2.3145000e-01
   5.9881499e-01  -8.3497098e-02
   5.9966599e-01   6.9326199e-02
   5.6219999e-01   2.1724100e-01
   4.8893099e-01   3.5081099e-01
   3.8465399e-01   4.6154899e-01
   2.5612799e-01   5.4245099e-01
   1.1164100e-01   5.8843999e-01
  -3.9526399e-02   5.9668899e-01
  -1.8769400e-01   5.6678899e-01
  -3.2340499e-01   5.0076899e-01
  -4.3802699e-01   4.0296199e-01
  -5.2430299e-01   2.7971499e-01
  -5.7681099e-01   1.3898400e-01
  -5.9229999e-01  -1.0185900e-02
  -5.6989799e-01  -1.5823700e-01
  -5.1115399e-01  -2.9571399e-01
  -4.1993599e-01  -4.1386599e-01
  -3.0217399e-01  -5.0520499e-01
  -1.6547500e-01  -5.6397899e-01
  -1.8631800e-02  -5.8653499e-01
   1.2894100e-01  -5.7154499e-01
   2.6781199e-01  -5.2008599e-01
   3.8913699e-01  -4.3555899e-01
   4.8521899e-01  -3.2346899e-01
   5.4999799e-01  -1.9106300e-01
   5.7943399e-01  -4.6865599e-02
   5.7175599e-01   9.9874198e-02
   5.2757199e-01   2.3977299e-01
   4.4981899e-01   3.6391299e-01
   3.4357099e-01   4.6441199e-01
   2.1570400e-01   5.3492499e-01
   7.4456798e-02   5.7103899e-01
  -7.1104498e-02   5.7055499e-01
  -2.1166600e-01   5.3361899e-01
  -3.3826299e-01   4.6270599e-01
  -4.4285099e-01   3.6245099e-01
  -5.1881699e-01   2.3935399e-01
  -5.6139599e-01   1.0135000e-01
  -5.6797299e-01  -4.2696999e-02
  -5.3823999e-01  -1.8356400e-01
  -4.7421199e-01  -3.1226099e-01
  -3.8008699e-01  -4.2060299e-01
  -2.6197299e-01  -5.0173199e-01
  -1.2749100e-01  -5.5055099e-01
   1.4714900e-02  -5.6404099e-01
   1.5553400e-01  -5.4145099e-01
   2.8597499e-01  -4.8433699e-01
   3.9773499e-01  -3.9645799e-01
   4.8373199e-01  -2.8352399e-01
   5.3855299e-01  -1.5283000e-01
   5.5879399e-01  -1.2780900e-02
   5.4326799e-01   1.2764500e-01
   4.9308099e-01   2.5947599e-01
   4.1154799e-01   3.7431399e-01
   3.0397599e-01   4.6487699e-01
   1.7732000e-01   5.2545399e-01
   3.9731799e-02   5.5226899e-01
  -9.9963198e-02   5.4371499e-01
  -2.3283299e-01   5.0044799e-01
  -3.5040999e-01   4.2534299e-01
  -4.4522999e-01   3.2329699e-01
  -5.1130699e-01   2.0091600e-01
  -5.4450699e-01   6.6081698e-02
  -5.4281499e-01  -7.2551798e-02
  -5.0644599e-01  -2.0611500e-01
  -4.3783299e-01  -3.2608999e-01
  -3.4146199e-01  -4.2485499e-01
  -2.2357699e-01  -4.9616499e-01
  -9.1776898e-02  -5.3554999e-01
   4.5473699e-02  -5.4059499e-01
   1.7938800e-01  -5.1108499e-01
   3.0142199e-01  -4.4901299e-01
   4.0381399e-01  -3.5844799e-01
   4.8008399e-01  -2.4526499e-01
   5.2544299e-01  -1.1676600e-01
   5.3708699e-01   1.8789300e-02
   5.1437999e-01   1.5271900e-01
   4.5887899e-01   2.7647199e-01
   3.7423399e-01   3.8217199e-01
   2.6594399e-01   4.6312299e-01
   1.4100200e-01   5.1422999e-01
   7.4430398e-03   5.3232199e-01
  -1.2617200e-01   5.1634699e-01
  -2.5130699e-01   4.6743099e-01
  -3.5999299e-01   3.8880399e-01
  -4.4533799e-01   2.8558199e-01
  -5.0196199e-01   1.6443800e-01
  -5.2633599e-01   3.3167199e-02
  -5.1700599e-01  -9.9810598e-02
  -4.7467299e-01  -2.2599399e-01
  -4.0214499e-01  -3.3734299e-01
  -3.0415099e-01  -4.2678899e-01
  -1.8703100e-01  -4.8868699e-01
  -5.8329499e-02  -5.1916699e-01
   7.3695498e-02  -5.1638099e-01
   2.0059800e-01  -4.8061199e-01
   3.1428599e-01  -4.1424699e-01
   4.0753599e-01  -3.2162399e-01
   4.7445699e-01  -2.0874299e-01
   5.1085299e-01  -8.2878298e-02
   5.1449699e-01   4.7886599e-02
   4.8525599e-01   1.7518200e-01
   4.2510399e-01   2.9088499e-01
   3.3797999e-01   3.8763999e-01
   2.2953499e-01   4.5932499e-01
   1.0676500e-01   5.0143799e-01
  -2.2441799e-02   5.1138099e-01
  -1.4980900e-01   4.8861999e-01
  -2.6720499e-01   4.3471199e-01
  -3.6716099e-01   3.5319799e-01
  -4.4334499e-01   2.4937399e-01
  -4.9096399e-01   1.2994200e-01
  -5.0706499e-01   2.5831599e-03
  -4.9071799e-01  -1.2454200e-01
  -4.4306999e-01  -2.4330999e-01
  -3.6726299e-01  -3.4616099e-01
  -2.6822899e-01  -4.2657299e-01
  -1.5236700e-01  -4.7947699e-01
  -2.7134399e-02  -5.0158199e-01
   9.9439298e-02  -4.9156999e-01
   2.1926299e-01  -4.5018199e-01
   3.2470099e-01  -3.8016099e-01
   4.0906299e-01  -2.8607099e-01
   4.6702499e-01  -1.7399900e-01
   4.9496599e-01  -5.1160499e-02
   4.9119499e-01   7.4560998e-02
   4.5605299e-01   1.9512400e-01
   3.9188299e-01   3.0284299e-01
   3.0287599e-01   3.9087399e-01
   1.9479800e-01   4.5365599e-01
   7.4611998e-02   4.8725599e-01
  -4.9963799e-02   4.8961899e-01
  -1.7095700e-01   4.6069199e-01
  -2.8064699e-01   4.0242099e-01
  -3.7206299e-01   3.1862199e-01
  -4.3941999e-01   2.1472899e-01
  -4.7848999e-01   9.7441898e-02
  -4.8686699e-01  -2.5702899e-02
  -4.6410999e-01  -1.4681900e-01
  -4.1177299e-01  -2.5817499e-01
  -3.3328999e-01  -3.5268699e-01
  -2.3375999e-01  -4.2436799e-01
  -1.1960600e-01  -4.6871099e-01
   1.8317600e-03  -4.8296799e-01
   1.2277100e-01  -4.6632299e-01
   2.3548699e-01  -4.1993599e-01
   3.3280399e-01  -3.4686399e-01
   4.0855299e-01  -2.5185899e-01
   4.5795999e-01  -1.4106100e-01
   4.7795299e-01  -2.1598099e-02
   4.6734599e-01   9.8870297e-02
   4.2691299e-01   2.1264399e-01
   3.5932999e-01   3.1247399e-01
   2.6900099e-01   3.9202699e-01
   1.6176900e-01   4.4628299e-01
   4.4537399e-02   4.7185599e-01
  -7.5172198e-02   4.6719999e-01
  -1.8970300e-01   4.3270899e-01
  -2.9175499e-01   3.7067899e-01
  -3.7484599e-01   2.8516099e-01
  -4.3372599e-01   1.8169200e-01
  -4.6471099e-01   6.6938598e-02
  -4.6590699e-01  -5.1731599e-02
  -4.3733199e-01  -1.6672400e-01
  -3.8090399e-01  -2.7070399e-01
  -3.0031799e-01  -3.5706199e-01
  -2.0079599e-01  -4.2033599e-01
  -8.8756798e-02  -4.5655499e-01
   2.8601399e-02  -4.6349099e-01
   1.4376400e-01  -4.4079199e-01
   2.4937999e-01  -3.9000099e-01
   3.3873199e-01  -3.1445199e-01
   4.0616099e-01  -2.1904799e-01
   4.4742899e-01  -1.0994900e-01
   4.5997999e-01   5.8327198e-03
   4.4310299e-01   1.2087900e-01
   3.9796799e-01   2.2784099e-01
   3.2754799e-01   3.1990999e-01
   2.3642099e-01   3.9125099e-01
   1.3047500e-01   4.3737099e-01
   1.6525200e-02   4.5540199e-01
  -9.8123297e-02   4.4427999e-01
  -2.0614299e-01   4.0480599e-01
  -3.0065299e-01   3.3959299e-01
  -3.7565699e-01   2.5288799e-01
  -4.2642499e-01   1.5029700e-01
  -4.4978799e-01   3.8424899e-02
  -4.4434099e-01  -7.5551198e-02
  -4.1052099e-01  -1.8434299e-01
  -3.5057799e-01  -2.8101499e-01
  -2.6842499e-01  -3.5942999e-01
  -1.6937800e-01  -4.1463399e-01
  -5.9821098e-02  -4.4317299e-01
   5.3214599e-02  -4.4330799e-01
   1.6249600e-01  -4.1511899e-01
   2.6105199e-01  -3.6049499e-01
   3.4261999e-01  -2.8300999e-01
   4.0204199e-01  -1.8768699e-01
   4.3558999e-01  -8.0670498e-02
   4.4120299e-01   3.1164199e-02
   4.1860799e-01   1.4065700e-01
   3.6933899e-01   2.4081999e-01
   2.9662699e-01   3.2528199e-01
   2.0519099e-01   3.8869599e-01
   1.0093200e-01   4.2707699e-01
  -9.4487797e-03   4.3805099e-01
  -1.1888000e-01   4.2100299e-01
  -2.2037199e-01   3.7710999e-01
  -3.0746599e-01   3.0925999e-01
  -3.7464199e-01   2.2186399e-01
  -4.1767199e-01   1.2056700e-01
  -4.3387999e-01   1.1884400e-02
  -4.2231599e-01  -9.7216597e-02
  -3.8380699e-01  -1.9976399e-01
  -3.2089599e-01  -2.8922699e-01
  -2.3767899e-01  -3.5992899e-01
  -1.3953800e-01  -4.0741399e-01
  -3.2789899e-02  -4.2871899e-01
   7.5718698e-02  -4.2256599e-01
   1.7904899e-01  -3.8943399e-01
   2.7061599e-01  -3.3152399e-01
   3.4460499e-01  -2.5261399e-01
   3.9634499e-01  -1.5781200e-01
   4.2259899e-01  -5.3224398e-02
   4.2177099e-01   5.4435798e-02
   3.9399799e-01   1.5828000e-01
   3.4113799e-01   2.5168599e-01
   2.6664899e-01   3.2871899e-01
   1.7535599e-01   3.8450699e-01
   7.3146298e-02   4.1555399e-01
  -3.3416399e-02   4.1995299e-01
  -1.3751000e-01   3.9750599e-01
  -2.3249099e-01   3.4973299e-01
  -3.1231999e-01   2.7976499e-01
  -3.7194399e-01   1.9214099e-01
  -4.0761699e-01   9.2516197e-02
  -4.1713499e-01  -1.2707200e-02
  -3.9997099e-01  -1.1678900e-01
  -3.5730699e-01  -2.1308199e-01
  -2.9194699e-01  -2.9545899e-01
  -2.0813999e-01  -3.5869999e-01
  -1.1129700e-01  -3.9882499e-01
  -7.6465198e-03  -4.1334299e-01
   9.6167097e-02  -4.0140599e-01
   1.9351099e-01  -3.6385999e-01
   2.7818599e-01  -3.0318399e-01
   3.4482099e-01  -2.2332699e-01
   3.8921599e-01  -1.2945300e-01
   4.0860399e-01  -2.7601399e-02
   4.0182599e-01   7.5693898e-02
   3.6939499e-01   1.7382899e-01
   3.1346399e-01   2.6054999e-01
   2.3768199e-01   3.3035199e-01
   1.4695100e-01   3.7882799e-01
   4.7115699e-02   4.0294899e-01
  -5.5416598e-02   4.0124799e-01
  -1.5408700e-01   3.7391699e-01
  -2.4260199e-01   3.2278099e-01
  -3.1533999e-01   2.5118299e-01
  -3.6770199e-01   1.6376100e-01
  -3.9640699e-01   6.6149598e-02
  -3.9969499e-01  -3.5381599e-02
  -3.7743499e-01  -1.3433400e-01
  -3.3112999e-01  -2.2439299e-01
  -2.6381399e-01  -2.9983199e-01
  -1.7985299e-01  -3.5587899e-01
  -8.4665297e-02  -3.8901199e-01
   1.5633600e-02  -3.9718599e-01
   1.1461900e-01  -3.7995799e-01
   2.0597099e-01  -3.3850799e-01
   2.8387599e-01  -2.7555999e-01
   3.4339999e-01  -1.9520299e-01
   3.8079699e-01  -1.0262700e-01
   3.9374699e-01  -3.7840599e-03
   3.8149899e-01   9.4990597e-02
   3.4491399e-01   1.8738599e-01
   2.8640799e-01   2.6751999e-01
   2.0978599e-01   3.3030999e-01
   1.2000100e-01   3.7179899e-01
   2.2829899e-02   3.8940199e-01
  -7.5494698e-02   3.8207199e-01
  -1.6868699e-01   3.5035299e-01
  -2.5080999e-01   2.9634899e-01
  -3.1664999e-01   2.2357999e-01
  -3.6205299e-01   1.3675400e-01
  -3.8418099e-01   4.1463799e-02
  -3.8169399e-01  -5.6176998e-02
  -3.5482699e-01  -1.4992200e-01
  -3.0537399e-01  -2.3379499e-01
  -2.3656599e-01  -3.0246699e-01
  -1.5285900e-01  -3.5159799e-01
  -5.9647798e-02  -3.7811099e-01
   3.7081899e-02  -3.8038299e-01
   1.3113900e-01  -3.5834499e-01
   2.1652199e-01  -3.1347999e-01
   2.8780399e-01  -2.4872699e-01
   3.4047399e-01  -1.6828599e-01
   3.7122499e-01  -7.7345398e-02
   3.7816099e-01   1.8251999e-02
   3.6091499e-01   1.1238300e-01
   3.2066299e-01   1.9903899e-01
   2.6004999e-01   2.7270599e-01
   1.8301199e-01   3.2871799e-01
   9.4522197e-02   3.6355299e-01
   2.7120199e-04   3.7504999e-01
  -9.3701497e-02   3.6254799e-01
  -1.8139299e-01   3.2692199e-01
  -2.5721899e-01   2.7051999e-01
  -3.1637399e-01   1.9701099e-01
  -3.5512899e-01   1.1114600e-01
  -3.7107399e-01   1.8447799e-02
  -3.6325899e-01  -7.5137798e-02
  -3.3225999e-01  -1.6362899e-01
  -2.8012999e-01  -2.4138799e-01
  -2.1026499e-01  -3.0348099e-01
  -1.2718500e-01  -3.4598899e-01
  -3.6239699e-02  -3.6625799e-01
   5.6735798e-02  -3.6306299e-01
   1.4579500e-01  -3.3668099e-01
   2.2525899e-01  -2.8886999e-01
   2.9008199e-01  -2.2275299e-01
   3.3616799e-01  -1.4261200e-01
   3.6063099e-01  -5.3610098e-02
   3.6197599e-01   3.8537799e-02
   3.4018999e-01   1.2793400e-01
   2.9673599e-01   2.0887699e-01
   2.3445999e-01   2.7621999e-01
   1.5739999e-01   3.2570299e-01
   7.0524198e-02   3.5422199e-01
  -2.0584799e-02   3.6001899e-01
  -1.1009300e-01   3.4279599e-01
  -1.9228599e-01   3.0372599e-01
  -2.6193599e-01   2.4537199e-01
  -3.1463199e-01   1.7152399e-01
  -3.4705999e-01   8.6948897e-02
  -3.5721299e-01  -2.9163099e-03
  -3.4450999e-01  -9.2313297e-02
  -3.0983699e-01  -1.7553199e-01
  -2.5547599e-01  -2.4727399e-01
  -1.8496199e-01  -3.0299299e-01
  -1.0285300e-01  -3.3917799e-01
  -1.4429400e-02  -3.5357899e-01
   7.4638598e-02  -3.4534399e-01
   1.5865799e-01  -3.1507099e-01
   2.3227799e-01  -2.6476199e-01
   2.9082599e-01  -1.9769499e-01
   3.3060899e-01  -1.1820700e-01
   3.4914399e-01  -3.1415699e-02
   3.4531299e-01   5.7110298e-02
   3.1943199e-01   1.4171000e-01
   2.7322299e-01   2.1698999e-01
   2.0970299e-01   2.7816999e-01
   1.3298300e-01   3.2138499e-01
   4.8007498e-02   3.4393099e-01
  -3.9768699e-02   3.4443199e-01
  -1.2472900e-01   3.2292599e-01
  -2.0145299e-01   2.8085399e-01
  -2.6506599e-01   2.2096999e-01
  -3.1154299e-01   1.4715600e-01
  -3.3796999e-01   6.4171298e-02
  -3.4271999e-01  -2.2652999e-02
  -3.2555899e-01  -1.0775800e-01
  -2.8765099e-01  -1.8571099e-01
  -2.3148299e-01  -2.5155399e-01
  -1.6070199e-01  -3.0111799e-01
  -7.9875397e-02  -3.3128799e-01
   5.8012198e-03  -3.4019699e-01
   9.0838397e-02  -3.2734199e-01
   1.6980499e-01  -2.9361299e-01
   2.3767499e-01  -2.4123099e-01
   2.9014599e-01  -1.7359999e-01
   3.2391599e-01  -9.5089597e-02
   3.3688299e-01  -1.0750200e-02
   3.2828599e-01   7.4011498e-02
   2.9874099e-01   1.5377899e-01
   2.5020199e-01   2.2346999e-01
   1.8582899e-01   2.7866599e-01
   1.0978600e-01   3.1588299e-01
   2.6966099e-02   3.3280199e-01
  -5.7316698e-02   3.2840499e-01
  -1.3767300e-01   3.0303899e-01
  -2.0898099e-01   2.5838999e-01
  -2.6671299e-01   1.9737299e-01
  -3.0722399e-01   1.2393700e-01
  -3.2797799e-01   4.2812799e-02
  -3.2771299e-01  -4.0792499e-02
  -3.0650999e-01  -1.2152900e-01
  -2.6578999e-01  -1.9424799e-01
  -2.0821599e-01  -2.5432799e-01
  -1.3751900e-01  -2.9796999e-01
  -5.8258198e-02  -3.2243699e-01
   2.4476499e-02  -3.2622699e-01
   1.0538800e-01  -3.0916099e-01
   1.7931199e-01  -2.7239699e-01
   2.4154799e-01  -2.1834299e-01
   2.8815499e-01  -1.5050899e-01
   3.1620599e-01  -7.3271897e-02
   3.2396599e-01   8.4048797e-03
   3.1100299e-01   8.9288397e-02
   2.7820999e-01   1.6421299e-01
   2.2774499e-01   2.2841199e-01
   1.6288599e-01   2.7781499e-01
   8.7824797e-02   3.0931299e-01
   7.3872997e-03   3.2094999e-01
  -7.3269897e-02   3.1204399e-01
  -1.4899299e-01   2.8322999e-01
  -2.1495899e-01   2.3640999e-01
  -2.6698399e-01   1.7463199e-01
  -3.0178799e-01   1.0189000e-01
  -3.1719999e-01   2.2866399e-02
  -3.1229899e-01  -5.7370098e-02
  -2.8745899e-01  -1.3369000e-01
  -2.4433099e-01  -2.0122799e-01
  -1.8572799e-01  -2.5569799e-01
  -1.1544100e-01  -2.9365999e-01
  -3.8000199e-02  -3.1273999e-01
   4.1626099e-02  -3.1177899e-01
   1.1834300e-01  -2.9090199e-01
   1.8725799e-01  -2.5150299e-01
   2.4399299e-01  -1.9615899e-01
   2.8496099e-01  -1.2845600e-01
   3.0759299e-01  -5.2757898e-02
   3.1050299e-01   2.6073599e-02
   2.9356399e-01   1.0299200e-01
   2.5792199e-01   1.7308899e-01
   2.0591299e-01   2.3190599e-01
   1.4091099e-01   2.7572299e-01
   6.7110098e-02   3.0178599e-01
  -1.0747300e-02   3.0848499e-01
  -8.7673797e-02   2.9545399e-01
  -1.5875699e-01   2.6358699e-01
  -2.1947499e-01   2.1497799e-01
  -2.6597899e-01   1.5278699e-01
  -2.9534399e-01   8.1029197e-02
  -3.0574599e-01   4.3192298e-03
  -2.9658199e-01  -7.2426097e-02
  -2.6849699e-01  -1.4430299e-01
  -2.2334499e-01  -2.0673499e-01
  -1.6406499e-01  -2.5576299e-01
  -9.4488897e-02  -2.8829499e-01
  -1.9093799e-02  -3.0230599e-01
   5.7284698e-02  -2.9695799e-01
   1.2976400e-01  -2.7265399e-01
   1.9372499e-01  -2.3100599e-01
   2.4510699e-01  -1.7472899e-01
   2.8066899e-01  -1.0746500e-01
   2.9818599e-01  -3.3545499e-02
   2.9659699e-01   4.2285198e-02
   2.7606299e-01   1.1517600e-01
   2.3795499e-01   1.8047999e-01
   1.8476299e-01   2.3404799e-01
   1.1993400e-01   2.7249399e-01
   4.7644798e-02   2.9340899e-01
  -2.7461599e-02   2.9551299e-01
  -1.0057800e-01   2.7872899e-01
  -1.6703899e-01   2.4418899e-01
  -2.2261899e-01   1.9415599e-01
  -2.6380099e-01   1.3187500e-01
  -2.8799899e-01   6.1363498e-02
  -2.9372099e-01  -1.2847300e-02
  -2.8065799e-01  -8.6004397e-02
  -2.4970499e-01  -1.5343699e-01
  -2.0289499e-01  -2.1085499e-01
  -1.4326799e-01  -2.5462099e-01
  -7.4674997e-02  -2.8198099e-01
  -1.5257999e-03  -2.9123999e-01
   7.1491497e-02  -2.8186199e-01
   1.3971199e-01  -2.5450399e-01
   1.9879199e-01  -2.1097199e-01
   2.4498599e-01  -1.5409599e-01
   2.7538199e-01  -8.7554197e-02
   2.8808799e-01  -1.5626699e-02
   2.8234799e-01   5.7073598e-02
   2.5858699e-01   1.2589900e-01
   2.1837799e-01   1.8646499e-01
   1.6434299e-01   2.3492799e-01
   9.9977396e-02   2.6822799e-01
   2.9425899e-02   2.8428699e-01
  -4.2784398e-02   2.8213099e-01
  -1.1203500e-01   2.6195699e-01
  -1.7390999e-01   2.2510899e-01
  -2.2447899e-01   1.7399399e-01
  -2.6054799e-01   1.1192300e-01
  -2.7985599e-01   4.2894898e-02
  -2.8122399e-01  -2.8656799e-02
  -2.6461899e-01  -9.8153096e-02
  -2.3115999e-01  -1.6115999e-01
  -1.8303599e-01  -2.1367299e-01
  -1.2336900e-01  -2.5236899e-01
  -5.6006898e-02  -2.7481999e-01
   1.4722399e-02  -2.7964099e-01
   8.4289197e-02  -2.6658099e-01
   1.4825199e-01  -2.3652899e-01
   2.0254299e-01  -1.9145899e-01
   2.4372199e-01  -1.3429799e-01
   2.6920099e-01  -6.8736197e-02
   2.7739999e-01   1.0119800e-03
   2.6784899e-01   7.0476697e-02
   2.4121599e-01   1.3522099e-01
   1.9925399e-01   1.9112199e-01
   1.4469299e-01   2.3463699e-01
   8.1058597e-02   2.6302399e-01
   1.2444900e-02   2.7451799e-01
  -5.6748798e-02   2.6843499e-01
  -1.2210000e-01   2.4522099e-01
  -1.7944399e-01   2.0641199e-01
  -2.2514399e-01   1.5453699e-01
  -2.5631599e-01   9.2951496e-02
  -2.7101299e-01   2.5619899e-02
  -2.6834899e-01  -4.3137398e-02
  -2.4854799e-01  -1.0892300e-01
  -2.1292899e-01  -1.6754299e-01
  -1.6381799e-01  -2.1527399e-01
  -1.0439300e-01  -2.4910199e-01
  -3.8485798e-02  -2.6690799e-01
   2.9674099e-02  -2.6760499e-01
   9.5724196e-02  -2.5120199e-01
   1.5545099e-01  -2.1879999e-01
   2.0505899e-01  -1.7252099e-01
   2.4140899e-01  -1.1536500e-01
   2.6222199e-01  -5.1016698e-02
   2.6621499e-01   1.6389099e-02
   2.5318699e-01   8.2536397e-02
   2.2402299e-01   1.4320299e-01
   1.8063799e-01   1.9452899e-01
   1.2584700e-01   2.3326599e-01
   6.3188098e-02   2.5697799e-01
  -3.3118999e-03   2.6419599e-01
  -6.9391697e-02   2.5451199e-01
  -1.3083099e-01   2.2859799e-01
  -1.8371799e-01   1.8815799e-01
  -2.2470099e-01   1.3582499e-01
  -2.5119999e-01   7.4976697e-02
  -2.6156499e-01   9.5292996e-03
  -2.5518699e-01  -5.6321598e-02
  -2.3252399e-01  -1.1836800e-01
  -1.9507499e-01  -1.7265599e-01
  -1.4528099e-01  -2.1574299e-01
  -8.6360597e-02  -2.4491099e-01
  -2.2107299e-02  -2.5833899e-01
   4.3356998e-02  -2.5521999e-01
   1.0584600e-01  -2.3580399e-01
   1.6137599e-01  -2.0138299e-01
   2.0642099e-01  -1.5420299e-01
   2.3813699e-01  -9.7319396e-02
   2.5453799e-01  -3.4395899e-02
   2.5462499e-01   3.0527799e-02
   2.3844299e-01   9.3297296e-02
   2.0707699e-01   1.4990899e-01
   1.6257999e-01   1.9676499e-01
   1.0783400e-01   2.3090299e-01
   4.6370498e-02   2.5018099e-01
  -1.7862899e-02   2.5341399e-01
  -8.0753597e-02   2.4044499e-01
  -1.3828799e-01   2.1215499e-01
  -1.8680599e-01   1.7039899e-01
  -2.2323599e-01   1.1788700e-01
  -2.4528899e-01   5.8007298e-02
  -2.5160199e-01  -5.3906498e-03
  -2.4181899e-01  -6.8245297e-02
  -2.1661699e-01  -1.2654299e-01
  -1.7765299e-01  -1.7657199e-01
  -1.2746199e-01  -2.1516299e-01
  -6.9284097e-02  -2.3988599e-01
  -6.8620097e-03  -2.4920399e-01
   5.5802698e-02  -2.4257199e-01
   1.1470500e-01  -2.2046099e-01
   1.6609499e-01  -1.8433499e-01
   2.0671099e-01  -1.3654399e-01
   2.3399199e-01  -8.0179697e-02
   2.4623799e-01  -1.8868999e-02
   2.4271299e-01   4.3454998e-02
   2.2369199e-01   1.0280700e-01
   1.9043799e-01   1.5540499e-01
   1.4512099e-01   1.9790799e-01
   9.0674596e-02   2.2763299e-01
   3.0605299e-02   2.4272199e-01
  -3.1230999e-02   2.4225499e-01
  -9.0877896e-02   2.2631099e-01
  -1.4453099e-01   1.9595899e-01
  -1.8878199e-01   1.5318099e-01
  -2.2083299e-01   1.0075000e-01
  -2.3867299e-01   4.2047198e-02
  -2.4120899e-01  -1.9158299e-02
  -2.2832499e-01  -7.8947797e-02
  -2.0089399e-01  -1.3350599e-01
  -1.6071299e-01  -1.7936199e-01
