   3.8216200e+00   2.8886500e-07
   3.6865500e+00   9.6322500e-01
   3.3124000e+00   1.8577600e+00
   2.7253100e+00   2.6252600e+00
   1.9653700e+00   3.2162300e+00
   1.0838500e+00   3.5932200e+00
   1.3965900e-01   3.7333100e+00
  -8.0466300e-01   3.6294300e+00
  -1.6871400e+00   3.2908000e+00
  -2.4505200e+00   2.7420600e+00
  -3.0460300e+00   2.0215300e+00
  -3.4365900e+00   1.1784700e+00
  -3.5991200e+00   2.6965700e-01
  -3.5259200e+00  -6.4446700e-01
  -3.2250100e+00  -1.5039200e+00
  -2.7193600e+00  -2.2531700e+00
  -2.0451600e+00  -2.8447800e+00
  -1.2492100e+00  -3.2424500e+00
  -3.8562800e-01  -3.4233000e+00
   4.8789500e-01  -3.3791600e+00
   1.3139800e+00  -3.1169000e+00
   2.0394200e+00  -2.6576700e+00
   2.6186400e+00  -2.0352900e+00
   3.0166100e+00  -1.2937000e+00
   3.2109700e+00  -4.8386700e-01
   3.1933000e+00   3.3976500e-01
   2.9693800e+00   1.1230000e+00
   2.5585200e+00   1.8155100e+00
   1.9919300e+00   2.3740700e+00
   1.3104300e+00   2.7653700e+00
   5.6143700e-01   2.9679300e+00
  -2.0431700e-01   2.9733100e+00
  -9.3629500e-01   2.7863300e+00
  -1.5875200e+00   2.4244200e+00
  -2.1176100e+00   1.9161100e+00
  -2.4953600e+00   1.2988500e+00
  -2.7005200e+00   6.1623600e-01
  -2.7248700e+00  -8.5091000e-02
  -2.5724200e+00  -7.5864500e-01
  -2.2587900e+00  -1.3612200e+00
  -1.8097900e+00  -1.8556900e+00
  -1.2593500e+00  -2.2133000e+00
  -6.4704000e-01  -2.4153500e+00
  -1.5152400e-02  -2.4541000e+00
   5.9419500e-01  -2.3329600e+00
   1.1419000e+00  -2.0658100e+00
   1.5944100e+00  -1.6757500e+00
   1.9257700e+00  -1.1931900e+00
   2.1191100e+00  -6.5350700e-01
   2.1674400e+00  -9.4486200e-02
   2.0737200e+00   4.4633900e-01
   1.8502600e+00   9.3422000e-01
   1.5175500e+00   1.3394400e+00
   1.1024400e+00   1.6391000e+00
   6.3614600e-01   1.8184400e+00
   1.5183600e-01   1.8714000e+00
  -3.1766400e-01   1.8007500e+00
  -7.4211500e-01   1.6173900e+00
  -1.0958200e+00   1.3392900e+00
  -1.3591500e+00   9.8990100e-01
  -1.5196300e+00   5.9626400e-01
  -1.5723900e+00   1.8696500e-01
  -1.5201800e+00  -2.0991600e-01
  -1.3726800e+00  -5.6872200e-01
  -1.1455500e+00  -8.6787800e-01
  -8.5894300e-01  -1.0911600e+00
  -5.3587800e-01  -1.2285500e+00
  -2.0043200e-01  -1.2765400e+00
   1.2400300e-01  -1.2380400e+00
   4.1634000e-01  -1.1217400e+00
   6.5915200e-01  -9.4117200e-01
   8.3968900e-01  -7.1340600e-01
   9.5048100e-01  -4.5761000e-01
   9.8953600e-01  -1.9352200e-01
   9.6010900e-01   6.0024100e-02
   8.7009700e-01   2.8641500e-01
   7.3112900e-01   4.7232400e-01
   5.5743100e-01   6.0846200e-01
   3.6456600e-01   6.8997500e-01
   1.6815200e-01   7.1647600e-01
  -1.7328900e-02   6.9172800e-01
  -1.7956800e-01   6.2302500e-01
  -3.0921300e-01   5.2034100e-01
  -4.0037300e-01   3.9531900e-01
  -4.5080000e-01   2.6019700e-01
  -4.6177100e-01   1.2676100e-01
  -4.3768400e-01   5.4023500e-03
  -3.8541700e-01  -9.5636900e-02
  -3.1353100e-01  -1.7079200e-01
  -2.3137100e-01  -2.1743700e-01
  -1.4816400e-01  -2.3587100e-01
  -7.2184800e-02  -2.2905100e-01
  -1.0057700e-02  -2.0210000e-01
   3.3753300e-02  -1.6165100e-01
   5.7223100e-02  -1.1508600e-01
   6.0804300e-02  -6.9748200e-02
   4.7230300e-02  -3.2188000e-02
   2.1108200e-02  -7.5273300e-03
  -1.1653000e-02   1.0213600e-03
  -4.4522100e-02  -7.5673200e-03
  -7.1068600e-02  -3.2075300e-02
  -8.5661500e-02  -6.9205800e-02
  -8.4079300e-02  -1.1395100e-01
  -6.3976200e-02  -1.6012400e-01
  -2.5163900e-02  -2.0100600e-01
   3.0316800e-02  -2.3005100e-01
   9.8339700e-02  -2.4157200e-01
   1.7304100e-01  -2.3136400e-01
   2.4733600e-01  -1.9718900e-01
   3.1356800e-01  -1.3908900e-01
   3.6422100e-01  -5.9497600e-02
   3.9264100e-01   3.6875800e-02
   3.9370300e-01   1.4336100e-01
   3.6435500e-01   2.5183300e-01
   3.0400500e-01   3.5336600e-01
   2.1469900e-01   4.3897500e-01
   1.0107600e-01   5.0038700e-01
  -2.9889900e-02   5.3078300e-01
  -1.6936700e-01   5.2543500e-01
  -3.0730100e-01   4.8220000e-01
  -4.3318200e-01   4.0180700e-01
  -5.3686400e-01   2.8792600e-01
  -6.0939100e-01   1.4700100e-01
  -6.4374300e-01  -1.2144500e-02
  -6.3546200e-01  -1.7890400e-01
  -5.8308300e-01  -3.4163700e-01
  -4.8835800e-01  -4.8852200e-01
  -3.5622300e-01  -6.0844600e-01
  -1.9453200e-01  -6.9186100e-01
  -1.3555100e-02  -7.3154300e-01
   1.7471100e-01  -7.2319500e-01
   3.5738400e-01  -6.6583800e-01
   5.2161500e-01  -5.6196700e-01
   6.5552600e-01  -4.1745200e-01
   7.4909300e-01  -2.4118300e-01
   7.9490400e-01  -4.4496000e-02
   7.8874300e-01   1.5959800e-01
   7.2994700e-01   3.5731300e-01
   6.2151300e-01   5.3505600e-01
   4.6993600e-01   6.8039600e-01
   2.8480400e-01   7.8295500e-01
   7.8155800e-02   8.3517000e-01
  -1.3633600e-01   8.3285300e-01
  -3.4430500e-01   7.7551900e-01
  -5.3168900e-01   6.6645000e-01
  -6.8571100e-01   5.1250000e-01
  -7.9577700e-01   3.2364100e-01
  -8.5422100e-01   1.1228700e-01
  -8.5685000e-01  -1.0755300e-01
  -8.0324400e-01  -3.2123100e-01
  -6.9679400e-01  -5.1447700e-01
  -5.4447500e-01  -6.7437100e-01
  -3.5637100e-01  -7.9023600e-01
  -1.4497800e-01  -8.5436300e-01
   7.5645600e-02  -8.6254100e-01
   2.9085100e-01  -8.1432900e-01
   4.8639200e-01  -7.1307900e-01
   6.4939700e-01  -5.6568900e-01
   7.6923300e-01  -3.8212100e-01
   8.3821900e-01  -1.7470400e-01
   8.5212000e-01   4.2715300e-02
   8.1041600e-01   2.5572000e-01
   7.1630100e-01   4.5030400e-01
   5.7643600e-01   6.1381100e-01
   4.0046600e-01   7.3577500e-01
   2.0034200e-01   8.0860400e-01
  -1.0513300e-02   8.2805700e-01
  -2.1812100e-01   7.9348700e-01
  -4.0889200e-01   7.0784300e-01
  -5.7053500e-01   5.7742200e-01
  -6.9285600e-01   4.1140100e-01
  -7.6841700e-01   2.2118000e-01
  -7.9298300e-01   1.9586500e-02
  -7.6576100e-01  -1.8000300e-01
  -6.8938800e-01  -3.6456500e-01
  -5.6970400e-01  -5.2229200e-01
  -4.1530000e-01  -6.4335500e-01
  -2.3689800e-01  -7.2052100e-01
  -4.6598000e-02  -7.4958600e-01
   1.4295200e-01  -7.2959200e-01
   3.1940600e-01  -6.6282700e-01
   4.7153500e-01  -5.5460800e-01
   5.8994300e-01  -4.1285900e-01
   6.6764900e-01  -2.4753300e-01
   7.0049700e-01  -6.9912800e-02
   6.8736400e-01   1.0817200e-01
   6.3016400e-01   2.7513400e-01
   5.3364900e-01   4.2038400e-01
   4.0503000e-01   5.3500800e-01
   2.5343700e-01   6.1231100e-01
   8.9274300e-02   6.4820200e-01
  -7.6494900e-02   6.4139400e-01
  -2.3308500e-01   5.9341700e-01
  -3.7058800e-01   5.0844300e-01
  -4.8059900e-01   3.9294500e-01
  -5.5672800e-01   2.5520700e-01
  -5.9495800e-01   1.0473600e-01
  -5.9384300e-01  -4.8394100e-02
  -5.5453200e-01  -1.9421500e-01
  -4.8061900e-01  -3.2350900e-01
  -3.7783800e-01  -4.2838900e-01
  -2.5363000e-01  -5.0277300e-01
  -1.1661000e-01  -5.4272300e-01
   2.4026300e-02  -5.4664200e-01
   1.5911600e-01  -5.1530600e-01
   2.8012000e-01  -4.5174200e-01
   3.7965600e-01  -3.6096600e-01
   4.5194100e-01  -2.4960300e-01
   4.9311600e-01  -1.2540500e-01
   5.0143400e-01   3.2771600e-03
   4.7731200e-01   1.2805100e-01
   4.2323600e-01   2.4102200e-01
   3.4353900e-01   3.3528400e-01
   2.4406700e-01   4.0533500e-01
   1.3176200e-01   4.4738000e-01
   1.4182300e-02   4.5952900e-01
  -1.0099700e-01   4.4185400e-01
  -2.0647600e-01   3.9633000e-01
  -2.9578500e-01   3.2664900e-01
  -3.6366600e-01   2.3793900e-01
  -4.0637700e-01   1.3638900e-01
  -4.2188100e-01   2.8834300e-02
  -4.0992500e-01  -7.7701100e-02
  -3.7200500e-01  -1.7645000e-01
  -3.1122400e-01  -2.6132400e-01
  -2.3205100e-01  -3.2727600e-01
  -1.3999800e-01  -3.7059100e-01
  -4.1251700e-02  -3.8908300e-01
   5.7738600e-02  -3.8218800e-01
   1.5066900e-01  -3.5096400e-01
   2.3177500e-01  -2.9797600e-01
   2.9617300e-01  -2.2709900e-01
   3.4015300e-01  -1.4324700e-01
   3.6137300e-01  -5.2037300e-02
   3.5897800e-01   4.0575300e-02
   3.3361800e-01   1.2867700e-01
   2.8737600e-01   2.0676500e-01
   2.2360400e-01   2.7007700e-01
   1.4669100e-01   3.1487700e-01
   6.1767500e-02   3.3866400e-01
  -2.5627400e-02   3.4030500e-01
  -1.0989800e-01   3.2008200e-01
  -1.8574200e-01   2.7964300e-01
  -2.4847400e-01   2.2188400e-01
  -2.9430900e-01   1.5074400e-01
  -3.2057900e-01   7.0944400e-02
  -3.2589100e-01  -1.2317200e-02
  -3.1018800e-01  -9.3695400e-02
  -2.7473800e-01  -1.6803300e-01
  -2.2204100e-01  -2.3068100e-01
  -1.5565300e-01  -2.7778300e-01
  -7.9956200e-02  -3.0650400e-01
   1.2284100e-04  -3.1520300e-01
   7.9430100e-02  -3.0351800e-01
   1.5290700e-01  -2.7238500e-01
   2.1590700e-01  -2.2395900e-01
   2.6448500e-01  -1.6147900e-01
   2.9564200e-01  -8.9050300e-02
   3.0750400e-01  -1.1382500e-02
   2.9944100e-01   6.6511100e-02
   2.7209100e-01   1.3963200e-01
   2.2732200e-01   2.0331400e-01
   1.6810400e-01   2.5351500e-01
   9.8316600e-02   2.8707700e-01
   2.2500300e-02   3.0191500e-01
  -5.4436100e-02   2.9715800e-01
  -1.2753000e-01   2.7319100e-01
  -1.9208000e-01   2.3163500e-01
  -2.4395200e-01   1.7523500e-01
  -2.7983800e-01   1.0768500e-01
  -2.9747000e-01   3.3389600e-02
  -2.9576500e-01  -4.2823700e-02
  -2.7489200e-01  -1.1601500e-01
  -2.3626200e-01  -1.8145000e-01
  -1.8242900e-01  -2.3491100e-01
  -1.1693300e-01  -2.7296300e-01
  -4.4060500e-02  -2.9318100e-01
   3.1432900e-02  -2.9430700e-01
   1.0463100e-01  -2.7632600e-01
   1.7078000e-01  -2.4046900e-01
   2.2559700e-01  -1.8913000e-01
   2.6555400e-01  -1.2570800e-01
   2.8810200e-01  -5.4380300e-02
   2.9184100e-01   2.0171600e-02
   2.7660500e-01   9.3071000e-02
   2.4347600e-01   1.5956800e-01
   1.9470300e-01   2.1535200e-01
   1.3355300e-01   2.5683300e-01
   6.4090600e-02   2.8138200e-01
  -9.0927800e-03   2.8749300e-01
  -8.1187000e-02   2.7488500e-01
  -1.4748200e-01   2.4450900e-01
  -2.0368100e-01   1.9848400e-01
  -2.4618300e-01   1.3994600e-01
  -2.7231700e-01   7.2833600e-02
  -2.8051600e-01   1.6199300e-03
  -2.7041200e-01  -6.8987900e-02
  -2.4285300e-01  -1.3436600e-01
  -1.9983100e-01  -1.9028300e-01
  -1.4434500e-01  -2.3317600e-01
  -8.0186100e-02  -2.6038700e-01
  -1.1676600e-02  -2.7032800e-01
   5.6626200e-02  -2.6258000e-01
   1.2023800e-01  -2.3790200e-01
   1.7505000e-01  -1.9816800e-01
   2.1759800e-01  -1.4622800e-01
   2.4528700e-01  -8.5699800e-02
   2.5655700e-01  -2.0713000e-02
   2.5096600e-01   4.4374800e-02
   2.2920700e-01   1.0527800e-01
   1.9303800e-01   1.5807300e-01
   1.4514500e-01   1.9945200e-01
   8.8943500e-02   2.2694400e-01
   2.8329000e-02   2.3905600e-01
  -3.2595400e-02   2.3536400e-01
  -8.9803300e-02   2.1650900e-01
  -1.3961800e-01   1.8413600e-01
  -1.7895300e-01   1.4075500e-01
  -2.0551300e-01   8.9545800e-02
  -2.1792300e-01   3.4128700e-02
  -2.1580500e-01  -2.1700700e-02
  -1.9977000e-01  -7.4234700e-02
  -1.7135000e-01  -1.2010600e-01
  -1.3286500e-01  -1.5650800e-01
  -8.7235800e-02  -1.8137500e-01
  -3.7762900e-02  -1.9349300e-01
   1.2113800e-02  -1.9256300e-01
   5.9060100e-02  -1.7918400e-01
   1.0007500e-01  -1.5477800e-01
   1.3268600e-01  -1.2146400e-01
   1.5510600e-01  -8.1877800e-02
   1.6632400e-01  -3.8967700e-02
   1.6614800e-01   4.2260700e-03
   1.5518000e-01   4.4790200e-02
   1.3474000e-01   8.0138700e-02
   1.0673500e-01   1.0818200e-01
   7.3498900e-02   1.2745100e-01
   3.7599200e-02   1.3717100e-01
   1.6429900e-03   1.3728500e-01
  -3.1915100e-02   1.2841300e-01
  -6.0942700e-02   1.1177700e-01
  -8.3767200e-02   8.9069200e-02
  -9.9272300e-02   6.2307800e-02
  -1.0694700e-01   3.3661500e-02
  -1.0688500e-01   5.2809500e-03
  -9.9739700e-02  -2.0862600e-02
  -8.6638300e-02  -4.3115200e-02
  -6.9060700e-02  -6.0245200e-02
  -4.8702200e-02  -7.1509000e-02
  -2.7324600e-02  -7.6674300e-02
  -6.6116500e-03  -7.6000900e-02
   1.1959700e-02  -7.0182200e-02
   2.7223800e-02  -6.0256300e-02
   3.8398300e-02  -4.7492300e-02
   4.5118900e-02  -3.3266100e-02
   4.7436800e-02  -1.8933900e-02
   4.5780400e-02  -5.7156200e-03
   4.0886500e-02   5.4015300e-03
   3.3708300e-02   1.3734100e-02
   2.5309500e-02   1.8940600e-02
   1.6755100e-02   2.1027300e-02
   9.0079900e-03   2.0320100e-02
   2.8409300e-03   1.7409200e-02
  -1.2285400e-03   1.3070700e-02
  -2.9754300e-03   8.1740000e-03
  -2.4742800e-03   3.5847800e-03
  -7.6171400e-05   7.1669700e-05
   3.6411500e-03  -1.7736700e-03
   7.9444500e-03  -1.5963700e-03
   1.2030300e-02   6.8739800e-04
   1.5115600e-02   4.8845000e-03
   1.6525500e-02   1.0547200e-02
   1.5768400e-02   1.7021500e-02
   1.2593400e-02   2.3516100e-02
   7.0220600e-03   2.9185800e-02
  -6.4597800e-04   3.3220700e-02
  -9.8561000e-03   3.4932400e-02
  -1.9846900e-02   3.3830000e-02
  -2.9720100e-02   2.9677200e-02
  -3.8524100e-02   2.2526100e-02
  -4.5345800e-02   1.2723400e-02
  -4.9399500e-02   8.8865000e-04
  -5.0106100e-02  -1.2133200e-02
  -4.7154700e-02  -2.5342500e-02
  -4.0541100e-02  -3.7670400e-02
  -3.0578000e-02  -4.8073400e-02
  -1.7877200e-02  -5.5627100e-02
  -3.3048100e-03  -5.9611000e-02
   1.2088400e-02  -5.9577100e-02
   2.7153200e-02  -5.5395100e-02
   4.0738500e-02  -4.7269600e-02
   5.1790300e-02  -3.5729100e-02
   5.9441700e-02  -2.1585500e-02
   6.3089200e-02  -5.8689900e-03
   6.2445600e-02   1.0257700e-02
   5.7566200e-02   2.5596000e-02
   4.8844700e-02   3.9013000e-02
   3.6979900e-02   4.9537000e-02
   2.2915700e-02   5.6439000e-02
   7.7587900e-03   5.9293700e-02
  -7.3168600e-03   5.8012800e-02
  -2.1172300e-02   5.2848900e-02
  -3.2801900e-02   4.4368600e-02
  -4.1419100e-02   3.3397800e-02
  -4.6522700e-02   2.0943900e-02
  -4.7935800e-02   8.1013500e-03
  -4.5815000e-02  -4.0499400e-03
  -4.0628800e-02  -1.4544200e-02
  -3.3106500e-02  -2.2618500e-02
  -2.4161800e-02  -2.7781700e-02
  -1.4800100e-02  -2.9857000e-02
  -6.0151600e-03  -2.8993700e-02
   1.3117500e-03  -2.5647300e-02
   6.5035500e-03  -2.0528200e-02
   9.1584100e-03  -1.4524100e-02
   9.1941600e-03  -8.6039100e-03
   6.8604500e-03  -3.7104000e-03
   2.7167600e-03  -6.5333400e-04
  -2.4226700e-03  -1.3152600e-05
  -7.5727600e-03  -2.0651400e-03
  -1.1683100e-02  -6.7324500e-03
  -1.3755300e-02  -1.3573900e-02
  -1.2962000e-02  -2.1809200e-02
  -8.7539000e-03  -3.0381500e-02
  -9.4645500e-04  -3.8052700e-02
   1.0226200e-02  -4.3523300e-02
   2.4095300e-02  -4.5568800e-02
   3.9584700e-02  -4.3178200e-02
   5.5280600e-02  -3.5682300e-02
   6.9540500e-02  -2.2859300e-02
   8.0633300e-02  -5.0056900e-03
   8.6900700e-02   1.7036300e-02
   8.6925100e-02   4.1900900e-02
   7.9689400e-02   6.7771900e-02
   6.4715300e-02   9.2502800e-02
   4.2162900e-02   1.1377900e-01
   1.2882900e-02   1.2930600e-01
  -2.1588500e-02   1.3701900e-01
  -5.9094700e-02   1.3528000e-01
  -9.6983600e-02   1.2306500e-01
  -1.3228500e-01   1.0010400e-01
  -1.6192900e-01   6.6982800e-02
  -1.8299100e-01   2.5162600e-02
  -1.9294700e-01  -2.3054500e-02
  -1.8990800e-01  -7.4641900e-02
  -1.7282800e-01  -1.2602900e-01
  -1.4165900e-01  -1.7334100e-01
  -9.7432200e-02  -2.1267800e-01
  -4.2264700e-02  -2.4042200e-01
   2.0723100e-02  -2.5353600e-01
   8.7571700e-02  -2.4984400e-01
   1.5372600e-01  -2.2826000e-01
   2.1433800e-01  -1.8895000e-01
   2.6461500e-01  -1.3340500e-01
   3.0018600e-01  -6.4418800e-02
   3.1745300e-01   1.4034000e-02
   3.1391400e-01   9.7018700e-02
   2.8841500e-01   1.7894600e-01
   2.4131800e-01   2.5394500e-01
   1.7457100e-01   3.1628000e-01
   9.1648300e-02   3.6077400e-01
  -2.6055600e-03   3.8322700e-01
  -1.0225900e-01   3.8076800e-01
  -2.0066000e-01   3.5214300e-01
  -2.9088300e-01   2.9788500e-01
  -3.6621100e-01   2.2037600e-01
  -4.2062800e-01   1.2376100e-01
  -4.4929000e-01   1.3745600e-02
  -4.4892100e-01  -1.0273900e-01
  -4.1812700e-01  -2.1797500e-01
  -3.5757900e-01  -3.2396700e-01
  -2.7005700e-01  -4.1299900e-01
  -1.6034800e-01  -4.7819300e-01
  -3.4992500e-02  -5.1403000e-01
   9.8103700e-02  -5.1679600e-01
   2.3017000e-01  -4.8492000e-01
   3.5215100e-01  -4.1916300e-01
   4.5533300e-01  -3.2266200e-01
   5.3196800e-01  -2.0079600e-01
   5.7584400e-01  -6.0894500e-02
   5.8278100e-01   8.8204700e-02
   5.5098800e-01   2.3671700e-01
   4.8127500e-01   3.7456000e-01
   3.7707600e-01   4.9204400e-01
   2.4430100e-01   5.8055500e-01
   9.1002800e-02   6.3318600e-01
  -7.3112100e-02   6.4527000e-01
  -2.3730700e-01   6.1476400e-01
  -3.9052500e-01   5.4246900e-01
  -5.2214100e-01   4.3205600e-01
  -6.2270300e-01   2.8989300e-01
  -6.8462000e-01   1.2467400e-01
  -7.0272400e-01  -5.3110700e-02
  -6.7468900e-01  -2.3185400e-01
  -6.0126000e-01  -3.9959800e-01
  -4.8627500e-01  -5.4484400e-01
  -3.3647100e-01  -6.5735100e-01
  -1.6109200e-01  -7.2886200e-01
   2.8689400e-02  -7.5371400e-01
   2.2049700e-01  -7.2927200e-01
   4.0156600e-01  -6.5617600e-01
   5.5960700e-01  -5.3835800e-01
   6.8365200e-01  -3.8283700e-01
   7.6482000e-01  -1.9929700e-01
   7.9696400e-01   5.2281700e-04
   7.7712800e-01   2.0359400e-01
   7.0580000e-01   3.9645700e-01
   5.8693500e-01   5.6613300e-01
   4.2773800e-01   7.0100500e-01
   2.3821800e-01   7.9162900e-01
   3.0554300e-02   8.3139800e-01
  -1.8170300e-01   8.1702800e-01
  -3.8453100e-01   7.4882100e-01
  -5.6437500e-01   6.3068400e-01
  -7.0906900e-01   4.6990900e-01
  -8.0867400e-01   2.7671300e-01
  -8.5616600e-01   6.3579100e-02
  -8.4793800e-01  -1.5556400e-01
  -7.8407400e-01  -3.6626800e-01
  -6.6837300e-01  -5.5453600e-01
  -5.0811600e-01  -7.0776500e-01
  -3.1360800e-01  -8.1560400e-01
  -9.7496800e-02  -8.7066800e-01
   1.2606100e-01  -8.6904400e-01
   3.4234500e-01  -8.1058000e-01
   5.3705400e-01  -6.9890500e-01
   6.9727300e-01  -5.4120300e-01
   8.1234100e-01  -3.4774400e-01
   8.7457300e-01  -1.3120000e-01
   8.7978300e-01   9.4197000e-02
   8.2757100e-01   3.1360800e-01
   7.2135000e-01   5.1258300e-01
   5.6812200e-01   6.7802500e-01
   3.7800900e-01   7.9907300e-01
   1.6356900e-01   8.6782100e-01
  -6.1046000e-02   8.7985100e-01
  -2.8103800e-01   8.3451600e-01
  -4.8196100e-01   7.3497700e-01
  -6.5067800e-01   5.8797900e-01
  -7.7624400e-01   4.0338600e-01
  -8.5062300e-01   1.9351200e-01
  -8.6921300e-01  -2.7720000e-02
  -8.3113700e-01  -2.4571300e-01
  -7.3927500e-01  -4.4617900e-01
  -6.0005200e-01  -6.1608800e-01
  -4.2298200e-01  -7.4453300e-01
  -2.2000500e-01  -8.2344400e-01
  -4.6739000e-03  -8.4809700e-01
   2.0876800e-01  -8.1740900e-01
   4.0634400e-01  -7.3396700e-01
   5.7527600e-01  -6.0382400e-01
   7.0482500e-01  -4.3605700e-01
   7.8698400e-01  -2.4212400e-01
   8.1698100e-01  -3.5071800e-02
   7.9356000e-01   1.7135400e-01
   7.1901400e-01   3.6363800e-01
   5.9898800e-01   5.2939400e-01
   4.4204900e-01   6.5817700e-01
   2.5907500e-01   7.4215200e-01
   6.2488100e-02   7.7657400e-01
  -1.3460000e-01   7.6005900e-01
  -3.1927400e-01   6.9461600e-01
  -4.7967600e-01   5.8545800e-01
  -6.0578100e-01   4.4059000e-01
  -6.9002900e-01   2.7022200e-01
  -7.2778700e-01   8.6046900e-02
  -7.1759400e-01  -9.9575800e-02
  -6.6119900e-01  -2.7446000e-01
  -5.6337000e-01  -4.2740400e-01
  -4.3151000e-01  -5.4892200e-01
  -2.7509800e-01  -6.3183500e-01
  -1.0500800e-01  -6.7170200e-01
   6.7259600e-02  -6.6705000e-01
   2.3036000e-01  -6.1939600e-01
   3.7386400e-01  -5.3306900e-01
   4.8893600e-01  -4.1484500e-01
   5.6888100e-01  -2.7342300e-01
   6.0953500e-01  -1.1878500e-01
   6.0947300e-01   3.8509500e-02
   5.7002500e-01   1.8805800e-01
   4.9509500e-01   3.2030700e-01
   3.9082500e-01   4.2717200e-01
   2.6510000e-01   5.0253500e-01
   1.2696300e-01   5.4259300e-01
  -1.4042000e-02   5.4603900e-01
  -1.4853100e-01   5.1405900e-01
  -2.6791400e-01   4.5016300e-01
  -3.6494800e-01   3.5986300e-01
  -4.3417700e-01   2.5021900e-01
  -4.7224000e-01   1.2929800e-01
  -4.7801300e-01   5.5832000e-03
  -4.5259300e-01  -1.1262400e-01
  -3.9913400e-01  -2.1776600e-01
  -3.2253800e-01  -3.0351700e-01
  -2.2904200e-01  -3.6516100e-01
  -1.2572200e-01  -3.9985000e-01
  -1.9972700e-02  -4.0671000e-01
   8.1031100e-02  -3.8681000e-01
   1.7081700e-01  -3.4298800e-01
   2.4403600e-01  -2.7957200e-01
   2.9677900e-01  -2.0199000e-01
   3.2677300e-01  -1.1633700e-01
   3.3346200e-01  -2.8901700e-02
   3.1794000e-01   5.4286100e-02
   2.8278800e-01   1.2787600e-01
   2.3179700e-01   1.8754100e-01
   1.6962300e-01   2.3022700e-01
   1.0139600e-01   2.5429800e-01
   3.2310600e-02   2.5957100e-01
  -3.2756700e-02   2.4722800e-01
  -8.9593400e-02   2.1964500e-01
  -1.3492100e-01   1.8013300e-01
  -1.6658200e-01   1.3261600e-01
  -1.8362200e-01   8.1294100e-02
  -1.8628300e-01   3.0295100e-02
  -1.7589500e-01  -1.6645700e-02
  -1.5468900e-01  -5.6452600e-02
  -1.2554900e-01  -8.6909600e-02
  -9.1727200e-02  -1.0677700e-01
  -5.6542100e-02  -1.1582100e-01
  -2.3092100e-02  -1.1475500e-01
   5.9976200e-03  -1.0510900e-01
   2.8771600e-02  -8.9028400e-02
   4.4072100e-02  -6.9037700e-02
   5.1589300e-02  -4.7776700e-02
   5.1832200e-02  -2.7743400e-02
   4.6026500e-02  -1.1060800e-02
   3.5950400e-02   7.1168400e-04
   2.3725100e-02   6.7065900e-03
   1.1579400e-02   6.8064300e-03
   1.6113100e-03   1.6284000e-03
  -4.4324100e-03  -7.5617300e-03
  -5.3389300e-03  -1.8997400e-02
  -5.5762100e-04  -3.0606600e-02
   9.7372000e-03  -4.0236000e-02
   2.4654500e-02  -4.5884300e-02
   4.2665200e-02  -4.5921600e-02
   6.1744100e-02  -3.9276200e-02
   7.9563100e-02  -2.5571000e-02
   9.3718000e-02  -5.1958600e-03
   1.0197000e-01   2.0690800e-02
   1.0247700e-01   5.0233100e-02
   9.4001300e-02   8.1016700e-02
   7.6066000e-02   1.1026500e-01
   4.9047600e-02   1.3507600e-01
   1.4199700e-02   1.5268200e-01
  -2.6402800e-02   1.6070700e-01
  -6.9993100e-02   1.5740700e-01
  -1.1330900e-01   1.4185800e-01
  -1.5283900e-01   1.1409200e-01
  -1.8510300e-01   7.5154300e-02
  -2.0694600e-01   2.7078700e-02
  -2.1581200e-01  -2.7218700e-02
  -2.0998800e-01  -8.4122600e-02
  -1.8879200e-01  -1.3956800e-01
  -1.5267900e-01  -1.8933400e-01
  -1.0327300e-01  -2.2937000e-01
  -4.3302200e-02  -2.5611000e-01
   2.3558100e-02  -2.6678200e-01
   9.2912900e-02  -2.5964700e-01
   1.5994700e-01  -2.3418800e-01
   2.1976400e-01  -1.9120300e-01
   2.6774900e-01  -1.3280500e-01
   2.9992200e-01  -6.2321800e-02
   3.1325400e-01   1.5892500e-02
   3.0593000e-01   9.6737200e-02
   2.7753100e-01   1.7470500e-01
   2.2911100e-01   2.4426200e-01
   1.6318400e-01   3.0025000e-01
   8.3591600e-02   3.3826400e-01
  -4.7225800e-03   3.5499600e-01
  -9.6027800e-02   3.4850500e-01
  -1.8418600e-01   3.1840100e-01
  -2.6307100e-01   2.6592300e-01
  -3.2700000e-01   1.9389600e-01
  -3.7114600e-01   1.0658600e-01
  -3.9190000e-01   9.4411600e-03
  -3.8715200e-01  -9.1254500e-02
  -3.5648500e-01  -1.8879600e-01
  -3.0124300e-01  -2.7651100e-01
  -2.2448400e-01  -3.4822200e-01
  -1.3081200e-01  -3.9868300e-01
  -2.6096200e-02  -4.2396600e-01
   8.2904100e-02  -4.2175900e-01
   1.8898200e-01  -3.9156100e-01
   2.8496700e-01  -3.3475600e-01
   3.6421500e-01  -2.5455600e-01
   4.2107300e-01  -1.5582200e-01
   4.5128500e-01  -4.4761800e-02
   4.5230300e-01   7.1463600e-02
   4.2349600e-01   1.8521000e-01
   3.6622500e-01   2.8885800e-01
   2.8378500e-01   3.7533100e-01
   1.8121600e-01   4.3858300e-01
   6.4989400e-02   4.7402100e-01
  -5.7405200e-02   4.7883700e-01
  -1.7794900e-01   4.5223000e-01
  -2.8862400e-01   3.9548100e-01
  -3.8195700e-01   3.1190400e-01
  -4.5152100e-01   2.0664500e-01
  -4.9238800e-01   8.6368800e-02
  -5.0147100e-01  -4.1175800e-02
  -4.7776100e-01  -1.6765600e-01
  -4.2241300e-01  -2.8470600e-01
  -3.3869900e-01  -3.8448800e-01
  -2.3180900e-01  -4.6021800e-01
  -1.0853100e-01  -5.0663200e-01
   2.3190600e-02  -5.2035200e-01
   1.5476700e-01  -5.0013100e-01
   2.7753200e-01  -4.4695600e-01
   3.8332100e-01  -3.6400300e-01
   4.6501300e-01  -2.5645000e-01
   5.1701600e-01  -1.3114500e-01
   5.3565000e-01   3.8296800e-03
   5.1940800e-01   1.3968600e-01
   4.6907300e-01   2.6750700e-01
   3.8768300e-01   3.7883400e-01
   2.8034600e-01   4.6623400e-01
   1.5391900e-01   5.2379700e-01
   1.6561800e-02   5.4753800e-01
  -1.2278800e-01   5.3567200e-01
  -2.5500600e-01   4.8874900e-01
  -3.7138000e-01   4.0962700e-01
  -4.6419000e-01   3.0330200e-01
  -5.2722100e-01   1.7658600e-01
  -5.5618300e-01   3.7669900e-02
  -5.4900100e-01  -1.0441300e-01
  -5.0597000e-01  -2.4037400e-01
  -4.2973600e-01  -3.6128500e-01
  -3.2514000e-01  -4.5916400e-01
  -1.9890700e-01  -5.2751000e-01
  -5.9207200e-02  -5.6173200e-01
   8.4872000e-02  -5.5946300e-01
   2.2392400e-01  -5.2071800e-01
   3.4884000e-01  -4.4790900e-01
   4.5140900e-01  -3.4568900e-01
   5.2486000e-01  -2.2065100e-01
   5.6431300e-01  -8.0905900e-02
   5.6710300e-01   6.4453300e-02
   5.3296300e-01   2.0594200e-01
   4.6404400e-01   3.3431000e-01
   3.6477900e-01   4.4114600e-01
   2.4159900e-01   5.1943600e-01
   1.0251100e-01   5.6402300e-01
  -4.3426300e-02   5.7195000e-01
  -1.8669200e-01   5.4265800e-01
  -3.1793300e-01   4.7802200e-01
  -4.2857300e-01   3.8223500e-01
  -5.1137800e-01   2.6152900e-01
  -5.6093600e-01   1.2377200e-01
  -5.7400600e-01  -2.2049800e-02
  -5.4973400e-01  -1.6642300e-01
  -4.8971200e-01  -2.9993000e-01
  -3.9786900e-01  -4.1386400e-01
  -2.8021400e-01  -5.0080600e-01
  -1.4444100e-01  -5.5510600e-01
   5.7849700e-04  -5.7325400e-01
   1.4537600e-01  -5.5410900e-01
   2.8051000e-01  -4.9896900e-01
   3.9718500e-01  -4.1148700e-01
   4.8782500e-01  -2.9742200e-01
   5.4657200e-01  -1.6426300e-01
   5.6966600e-01  -2.0731600e-02
   5.5568500e-01   1.2379100e-01
   5.0563600e-01   2.5988100e-01
   4.2288000e-01   3.7869300e-01
   3.1290900e-01   4.7253400e-01
   1.8297600e-01   5.3536800e-01
   4.1618600e-02   5.6320600e-01
  -1.0191200e-01   5.5436000e-01
  -2.3825300e-01   5.0954800e-01
  -3.5855200e-01   4.3183500e-01
  -4.5503700e-01   3.2642700e-01
  -5.2153000e-01   2.0031400e-01
  -5.5384100e-01   6.1812500e-02
  -5.5003400e-01  -7.9993700e-02
  -5.1054500e-01  -2.1584900e-01
  -4.3814100e-01  -3.3693600e-01
  -3.3772400e-01  -4.3545000e-01
  -2.1600200e-01  -5.0510900e-01
  -8.1034300e-02  -5.4155100e-01
   5.8303000e-02  -5.4261800e-01
   1.9290500e-01  -5.0847500e-01
   3.1403900e-01  -4.4158900e-01
   4.1391100e-01  -3.4655300e-01
   4.8617600e-01  -2.2976500e-01
   5.2634100e-01  -9.8998499e-02
   5.3204600e-01   3.7118400e-02
   5.0320500e-01   1.6967800e-01
   4.4199000e-01   2.9007700e-01
   3.5267500e-01   3.9058500e-01
   2.4133100e-01   4.6483700e-01
   1.1541600e-01   5.0824500e-01
  -1.6730100e-02   5.1828400e-01
  -1.4644000e-01   4.9463200e-01
  -2.6529400e-01   4.3917900e-01
  -3.6566900e-01   3.5587200e-01
  -4.4123100e-01   2.5044100e-01
  -4.8734100e-01   1.3000000e-01
  -5.0133800e-01   2.5643600e-03
  -4.8269400e-01  -1.2348500e-01
  -4.3302400e-01  -2.3996000e-01
  -3.5595300e-01  -3.3939600e-01
  -2.5685400e-01  -4.1554200e-01
  -1.4247300e-01  -4.6375000e-01
  -2.0465100e-02  -4.8126300e-01
   1.0111900e-01  -4.6737400e-01
   2.1436900e-01  -4.2344000e-01
   3.1203600e-01  -3.5276500e-01
   3.8799700e-01  -2.6035800e-01
   4.3764600e-01  -1.5257400e-01
   4.5817100e-01  -3.6677000e-02
   4.4871300e-01   7.9654899e-02
   4.1039200e-01   1.8883900e-01
   3.4620200e-01   2.8389100e-01
   2.6077900e-01   3.5886900e-01
   1.6007000e-01   4.0925700e-01
   5.0917700e-02   4.3222800e-01
  -5.9409900e-02   4.2680900e-01
  -1.6370500e-01   3.9390600e-01
  -2.5529500e-01   3.3621100e-01
  -3.2847400e-01   2.5798800e-01
  -3.7886300e-01   1.6476100e-01
  -4.0366600e-01   6.2926700e-02
  -4.0183000e-01  -4.0693300e-02
  -3.7407400e-01  -1.3930800e-01
  -3.2280200e-01  -2.2660600e-01
  -2.5191100e-01  -2.9716700e-01
  -1.6649300e-01  -3.4679500e-01
  -7.2474100e-02  -3.7277300e-01
   2.3798800e-02  -3.7400600e-01
   1.1599100e-01  -3.5105300e-01
   1.9819900e-01  -3.0605300e-01
   2.6533300e-01  -2.4253600e-01
   3.1343200e-01  -1.6516200e-01
   3.3989800e-01  -7.9370399e-02
   3.4363500e-01   8.9943599e-03
   3.2507400e-01   9.4088499e-02
   2.8610800e-01   1.7045600e-01
   2.2991800e-01   2.3338300e-01
   1.6072400e-01   2.7918800e-01
   8.3473999e-02   3.0543800e-01
   3.4866100e-03   3.1107300e-01
  -7.3914099e-02   2.9643200e-01
  -1.4375600e-01   2.6318600e-01
  -2.0174100e-01   2.1417800e-01
  -2.4451000e-01   1.5320100e-01
  -2.6983700e-01   8.4699299e-02
  -2.7673700e-01   1.3454800e-02
  -2.6549000e-01  -5.5752200e-02
  -2.3757200e-01  -1.1846400e-01
  -1.9551300e-01  -1.7083300e-01
  -1.4268000e-01  -2.0986100e-01
  -8.3022099e-02  -2.3356900e-01
  -2.0772500e-02  -2.4108600e-01
   3.9847900e-02  -2.3266500e-01
   9.4918999e-02  -2.0961900e-01
   1.4107600e-01  -1.7418300e-01
   1.7571400e-01  -1.2932000e-01
   1.9713500e-01  -7.8483599e-02
   2.0461800e-01  -2.5360700e-02
   1.9842600e-01   2.6397900e-02
   1.7973700e-01   7.3426999e-02
   1.5051700e-01   1.1286600e-01
   1.1334400e-01   1.4253300e-01
   7.1191899e-02   1.6104200e-01
   2.7203100e-02   1.6785500e-01
  -1.5543300e-02   1.6327800e-01
  -5.4246200e-02   1.4838400e-01
  -8.6565899e-02   1.2490100e-01
  -1.1076400e-01   9.5042899e-02
  -1.2579400e-01   6.1321800e-02
  -1.3133100e-01   2.6348800e-02
  -1.2775100e-01  -7.3639699e-03
  -1.1605900e-01  -3.7581700e-02
  -9.7769899e-02  -6.2494100e-02
  -7.4762499e-02  -8.0822099e-02
  -4.9110900e-02  -9.1877599e-02
  -2.2912700e-02  -9.5573499e-02
   1.8749200e-03  -9.2387599e-02
   2.3577700e-02  -8.3283099e-02
   4.0915700e-02  -6.9595799e-02
   5.3076800e-02  -5.2898700e-02
   5.9746200e-02  -3.4855000e-02
   6.1094600e-02  -1.7073100e-02
   5.7725900e-02  -9.7465499e-04
   5.0590900e-02   1.2313300e-02
   4.0877700e-02   2.2034800e-02
   2.9885800e-02   2.7844700e-02
   1.8899400e-02   2.9809700e-02
   9.0669099e-03   2.8372900e-02
   1.3002800e-03   2.4285400e-02
  -3.8002400e-03   1.8512800e-02
  -5.9883900e-03   1.2125800e-02
  -5.3793600e-03   6.1847900e-03
  -2.4224300e-03   1.6295000e-03
   2.1579300e-03  -8.1712299e-04
   7.4465099e-03  -7.2156199e-04
   1.2439100e-02   2.0169600e-03
   1.6152100e-02   7.1562399e-03
   1.7730000e-02   1.4134600e-02
   1.6540200e-02   2.2125900e-02
   1.2247200e-02   3.0121000e-02
   4.8593000e-03   3.7028400e-02
  -5.2581500e-03   4.1784600e-02
  -1.7402200e-02   4.3465000e-02
  -3.0585400e-02   4.1384500e-02
  -4.3616800e-02   3.5178800e-02
  -5.5205300e-02   2.4859100e-02
  -6.4075699e-02   1.0834200e-02
  -6.9088499e-02  -6.1024999e-03
  -6.9352099e-02  -2.4821200e-02
  -6.4318099e-02  -4.3935200e-02
  -5.3851500e-02  -6.1907399e-02
  -3.8267000e-02  -7.7172699e-02
  -1.8329800e-02  -8.8270299e-02
   4.7814100e-03  -9.3971599e-02
   2.9548700e-02  -9.3394899e-02
   5.4218800e-02  -8.6097099e-02
   7.6931599e-02  -7.2132699e-02
   9.5862299e-02  -5.2076200e-02
   1.0936700e-01  -2.7002900e-02
   1.1612000e-01   1.5696900e-03
   1.1522800e-01   3.1778000e-02
   1.0632600e-01   6.1538999e-02
   8.9617999e-02   8.8698999e-02
   6.5894799e-02   1.1119200e-01
   3.6494200e-02   1.2719800e-01
   3.2244600e-03   1.3529000e-01
  -3.1751400e-02   1.3454900e-01
  -6.6061599e-02   1.2465700e-01
  -9.7291199e-02   1.0593500e-01
  -1.2315700e-01   7.9345599e-02
  -1.4167500e-01   4.6440800e-02
  -1.5131500e-01   9.2704299e-03
  -1.5112100e-01  -2.9751000e-02
  -1.4080000e-01  -6.8006199e-02
  -1.2075400e-01  -1.0285600e-01
  -9.2076599e-02  -1.3182600e-01
  -5.6486700e-02  -1.5278500e-01
  -1.6226300e-02  -1.6410400e-01
   2.6087500e-02  -1.6478100e-01
   6.7637399e-02  -1.5452700e-01
   1.0559900e-01  -1.3379600e-01
   1.3733600e-01  -1.0377000e-01
   1.6059000e-01  -6.6293599e-02
   1.7364200e-01  -2.3749900e-02
   1.7543800e-01   2.1089900e-02
   1.6567600e-01   6.5254399e-02
   1.4483500e-01   1.0577400e-01
   1.1415300e-01   1.3988500e-01
   7.5550399e-02   1.6522300e-01
   3.1509400e-02   1.7998700e-01
  -1.5093700e-02   1.8307300e-01
  -6.1179799e-02   1.7415400e-01
  -1.0367500e-01   1.5370900e-01
  -1.3972100e-01   1.2299800e-01
  -1.6687200e-01   8.3981199e-02
  -1.8326200e-01   3.9192800e-02
  -1.8773600e-01  -8.4312599e-03
  -1.7993300e-01  -5.5748499e-02
  -1.6031400e-01  -9.9621999e-02
  -1.3013200e-01  -1.3713400e-01
  -9.1351699e-02  -1.6578100e-01
  -4.6516200e-02  -1.8364900e-01
   1.4211900e-03  -1.8954000e-01
   4.9297300e-02  -1.8305200e-01
   9.3952099e-02  -1.6461100e-01
   1.3244100e-01  -1.3544000e-01
   1.6223400e-01  -9.7473799e-02
   1.8138400e-01  -5.3230499e-02
   1.8865500e-01  -5.6397199e-03
   1.8360600e-01   4.2155000e-02
   1.6661700e-01   8.7007999e-02
   1.3885800e-01   1.2598200e-01
   1.0220800e-01   1.5654600e-01
   5.9126599e-02   1.7673900e-01
   1.2483900e-02   1.8529900e-01
  -3.4632900e-02   1.8174600e-01
  -7.9127899e-02   1.6640500e-01
  -1.1810300e-01   1.4037800e-01
  -1.4905200e-01   1.0546500e-01
  -1.7001900e-01   6.4038999e-02
  -1.7973000e-01   1.8878700e-02
  -1.7766800e-01  -2.7017800e-02
  -1.6409700e-01  -7.0636399e-02
  -1.4004200e-01  -1.0914800e-01
  -1.0720500e-01  -1.4009500e-01
  -6.7846799e-02  -1.6154800e-01
  -2.4630000e-02  -1.7223300e-01
   1.9565500e-02  -1.7160100e-01
   6.1836399e-02  -1.5985700e-01
   9.9448699e-02  -1.3793700e-01
   1.3001800e-01  -1.0743200e-01
   1.5166100e-01  -7.0473799e-02
   1.6311300e-01  -2.9585100e-02
   1.6380500e-01   1.2496500e-02
   1.5388200e-01   5.3002399e-02
   1.3418700e-01   8.9317999e-02
   1.0619300e-01   1.1915300e-01
   7.1886199e-02   1.4068700e-01
   3.3632200e-02   1.5268300e-01
  -5.9927799e-03   1.5455400e-01
  -4.4375800e-02   1.4639300e-01
  -7.9041399e-02   1.2895100e-01
  -1.0781300e-01   1.0357100e-01
  -1.2894900e-01   7.2089199e-02
  -1.4125100e-01   3.6699800e-02
  -1.4413000e-01  -1.9736100e-04
  -1.3762900e-01  -3.6161300e-02
  -1.2240600e-01  -6.8872299e-02
  -9.9678199e-02  -9.6283099e-02
  -7.1121899e-02  -1.1674700e-01
  -3.8753500e-02  -1.2911800e-01
  -4.7854700e-03  -1.3281200e-01
   2.8525200e-02  -1.2783000e-01
   5.9028199e-02  -1.1474600e-01
   8.4818899e-02  -9.4647099e-02
   1.0435800e-01  -6.9051099e-02
   1.1656300e-01  -3.9791700e-02
   1.2086700e-01  -8.8877499e-03
   1.1723800e-01   2.1596300e-02
   1.0616800e-01   4.9688699e-02
   8.8624199e-02   7.3638399e-02
   6.5964599e-02   9.2024399e-02
   3.9840500e-02   1.0383900e-01
   1.2074300e-02   1.0854200e-01
  -1.5466500e-02   1.0607800e-01
  -4.0995400e-02   9.6868199e-02
  -6.2922699e-02   8.1761399e-02
  -7.9954299e-02   6.1964199e-02
  -9.1167599e-02   3.8947300e-02
  -9.6058499e-02   1.4337900e-02
  -9.4559899e-02  -1.0195000e-02
  -8.7029299e-02  -3.3053500e-02
  -7.4208299e-02  -5.2814499e-02
  -5.7157999e-02  -6.8318299e-02
  -3.7174800e-02  -7.8735399e-02
  -1.5694100e-02  -8.3608499e-02
   5.8118999e-03  -8.2867799e-02
   2.5934400e-02  -7.6818899e-02
   4.3420200e-02  -6.6106099e-02
   5.7249399e-02  -5.1654399e-02
   6.6693199e-02  -3.4593900e-02
   7.1350199e-02  -1.6174800e-02
   7.1158199e-02   2.3236000e-03
   6.6382599e-02   1.9680300e-02
   5.7581899e-02   3.4813100e-02
   4.5555899e-02   4.6845499e-02
   3.1278700e-02   5.5156099e-02
   1.5823000e-02   5.9408099e-02
   2.8173000e-04   5.9557799e-02
  -1.4308800e-02   5.5841699e-02
  -2.7036900e-02   4.8745099e-02
  -3.7172200e-02   3.8955000e-02
  -4.4206300e-02   2.7300600e-02
  -4.7875199e-02   1.4687300e-02
  -4.8163899e-02   2.0286600e-03
  -4.5292399e-02  -9.8185399e-03
  -3.9685800e-02  -2.0111700e-02
  -3.1931200e-02  -2.8268200e-02
  -2.2725300e-02  -3.3897200e-02
  -1.2817100e-02  -3.6815400e-02
  -2.9494000e-03  -3.7046800e-02
   6.1948299e-03  -3.4807200e-02
   1.4039300e-02  -3.0474500e-02
   2.0150100e-02  -2.4549700e-02
   2.4258200e-02  -1.7610100e-02
   2.6268300e-02  -1.0259500e-02
   2.6253600e-02  -3.0794800e-03
   2.4437500e-02   3.4144200e-03
   2.1164400e-02   8.8090199e-03
   1.6862700e-02   1.2819200e-02
   1.2003600e-02   1.5301500e-02
   7.0575099e-03   1.6255700e-02
   2.4546400e-03   1.5813900e-02
  -1.4500000e-03   1.4218900e-02
  -4.4026599e-03   1.1794800e-02
  -6.2668499e-03   8.9112499e-03
  -7.0281199e-03   5.9463399e-03
  -6.7877099e-03   3.2494600e-03
  -5.7458299e-03   1.1090100e-03
  -4.1764800e-03  -2.7332500e-04
  -2.3961500e-03  -7.9926099e-04
  -7.2934399e-04  -4.8042099e-04
   5.2593899e-04   5.6583999e-04
   1.1296300e-03   2.1307000e-03
   9.2519499e-04   3.9368900e-03
  -1.4297500e-04   5.6683299e-03
  -2.0218600e-03   7.0036599e-03
  -4.5525999e-03   7.6507099e-03
  -7.4836599e-03   7.3787399e-03
  -1.0493100e-02   6.0454599e-03
  -1.3218400e-02   3.6164600e-03
  -1.5291100e-02   1.7492600e-04
  -1.6373300e-02  -4.0792300e-03
  -1.6192700e-02  -8.8412699e-03
  -1.4573700e-02  -1.3723600e-02
  -1.1460600e-02  -1.8286500e-02
  -6.9314499e-03  -2.2074700e-02
  -1.2009300e-03  -2.4658100e-02
   5.3889799e-03  -2.5671200e-02
   1.2389500e-02  -2.4850200e-02
   1.9276000e-02  -2.2063100e-02
   2.5487100e-02  -1.7329700e-02
   3.0468800e-02  -1.0831400e-02
   3.3720700e-02  -2.9065400e-03
   3.4840100e-02   5.9659799e-03
   3.3561100e-02   1.5196100e-02
   2.9784300e-02   2.4122100e-02
   2.3594900e-02   3.2058400e-02
   1.5267700e-02   3.8347400e-02
   5.2573199e-03   4.2411399e-02
  -5.8265199e-03   4.3802399e-02
  -1.7256100e-02   4.2242399e-02
  -2.8234300e-02   3.7654700e-02
  -3.7950300e-02   3.0179900e-02
  -4.5639299e-02   2.0177200e-02
  -5.0641799e-02   8.2086299e-03
  -5.2456699e-02  -4.9919299e-03
  -5.0786399e-02  -1.8564300e-02
  -4.5567599e-02  -3.1578800e-02
  -3.6986600e-02  -4.3100399e-02
  -2.5477500e-02  -5.2256399e-02
  -1.1700900e-02  -5.8301499e-02
   3.4930800e-03  -6.0677299e-02
   1.9118700e-02  -5.9059099e-02
   3.4118800e-02  -5.3389099e-02
   4.7437499e-02  -4.3890699e-02
   5.8095299e-02  -3.1062900e-02
   6.5260499e-02  -1.5655400e-02
   6.8313899e-02   1.3752100e-03
   6.6899299e-02   1.8925900e-02
   6.0957499e-02   3.5819900e-02
   5.0739999e-02   5.0886199e-02
   3.6801400e-02   6.3042299e-02
   1.9969800e-02   7.1372299e-02
   1.2973900e-03   7.5195599e-02
  -1.8006600e-02   7.4121399e-02
  -3.6655500e-02   6.8083399e-02
  -5.3372399e-02   5.7353899e-02
  -6.6978999e-02   4.2532899e-02
  -7.6479699e-02   2.4515600e-02
  -8.1134999e-02   4.4371099e-03
  -8.0518399e-02  -1.6400300e-02
  -7.4553099e-02  -3.6613200e-02
  -6.3524699e-02  -5.4830699e-02
  -4.8069299e-02  -6.9789199e-02
  -2.9136400e-02  -8.0421699e-02
  -7.9298599e-03  -8.5934899e-02
   1.4170500e-02  -8.5868299e-02
   3.5700500e-02  -8.0132599e-02
   5.5210899e-02  -6.9020899e-02
   7.1366899e-02  -5.3195599e-02
   8.3041699e-02  -3.3647400e-02
   8.9396399e-02  -1.1633000e-02
   8.9941599e-02   1.1408200e-02
   8.4574999e-02   3.3950600e-02
   7.3592899e-02   5.4485299e-02
   5.7674199e-02   7.1624199e-02
   3.7837699e-02   8.4195899e-02
   1.5375200e-02   9.1328199e-02
  -8.2347599e-03   9.2509799e-02
  -3.1426700e-02   8.7627999e-02
  -5.2654899e-02   7.6979099e-02
  -7.0499299e-02   6.1250099e-02
  -8.3763099e-02   4.1473399e-02
  -9.1556099e-02   1.8957500e-02
  -9.3355699e-02  -4.8021799e-03
  -8.9043899e-02  -2.8225300e-02
  -7.8915599e-02  -4.9754799e-02
  -6.3657999e-02  -6.7963599e-02
  -4.4303199e-02  -8.1652699e-02
  -2.2156900e-02  -8.9932699e-02
   1.2926700e-03  -9.2283599e-02
   2.4477400e-02  -8.8589799e-02
   4.5857599e-02  -7.9145299e-02
   6.4027899e-02  -6.4630999e-02
   7.7813099e-02  -4.6065499e-02
   8.6346999e-02  -2.4731300e-02
   8.9129799e-02  -2.0843900e-03
   8.6058199e-02   2.0348500e-02
   7.7428699e-02   4.1076399e-02
   6.3910899e-02   5.8746899e-02
   4.6496899e-02   7.2238099e-02
   2.6426500e-02   8.0733099e-02
   5.0972199e-03   8.3772299e-02
  -1.6036100e-02   8.1278399e-02
  -3.5564299e-02   7.3555299e-02
  -5.2221799e-02   6.1258699e-02
  -6.4972399e-02   4.5342499e-02
  -7.3077399e-02   2.6984600e-02
  -7.6140199e-02   7.4981799e-03
  -7.4125999e-02  -1.1765200e-02
  -6.7354199e-02  -2.9512600e-02
  -5.6465599e-02  -4.4601099e-02
  -4.2366199e-02  -5.6114699e-02
  -2.6153900e-02  -6.3423799e-02
  -9.0319999e-03  -6.6221199e-02
   7.7821599e-03  -6.4533199e-02
   2.3147200e-02  -5.8705199e-02
   3.6079099e-02  -4.9364499e-02
   4.5818499e-02  -3.7362099e-02
   5.1877899e-02  -2.3699200e-02
   5.4067399e-02  -9.4453699e-03
   5.2495599e-02   4.3468299e-03
   4.7547299e-02   1.6722000e-02
   3.9840499e-02   2.6892200e-02
   3.0165600e-02   3.4290899e-02
   1.9413400e-02   3.8607399e-02
   8.4975299e-03   3.9798699e-02
  -1.7227100e-03   3.8078899e-02
  -1.0511400e-02   3.3887600e-02
  -1.7312500e-02   2.7840100e-02
  -2.1789100e-02   2.0663900e-02
  -2.3841600e-02   1.3128300e-02
  -2.3604300e-02   5.9714099e-03
  -2.1422000e-02  -1.6653600e-04
  -1.7806200e-02  -4.8002899e-03
  -1.3378900e-02  -7.6401699e-03
  -8.8053999e-03  -8.6137899e-03
  -4.7249999e-03  -7.8665499e-03
  -1.6848900e-03  -5.7411999e-03
  -8.3114799e-05  -2.7382100e-03
  -1.2640900e-04   5.3940999e-04
  -1.8067600e-03   3.4517699e-03
  -4.8990699e-03   5.3922899e-03
  -8.9805499e-03   5.8558299e-03
  -1.3470400e-02   4.4984099e-03
  -1.7686400e-02   1.1826500e-03
  -2.0914300e-02  -3.9957399e-03
  -2.2482500e-02  -1.0703500e-02
  -2.1836600e-02  -1.8388500e-02
  -1.8606600e-02  -2.6320900e-02
  -1.2659300e-02  -3.3653599e-02
  -4.1318399e-03  -3.9498099e-02
   6.5586699e-03  -4.3007899e-02
   1.8730900e-02  -4.3464599e-02
   3.1480600e-02  -4.0356899e-02
   4.3744799e-02  -3.3446699e-02
   5.4385099e-02  -2.2814700e-02
   6.2282599e-02  -8.8812099e-03
   6.6438999e-02   7.6019899e-03
   6.6072399e-02   2.5588400e-02
   6.0703299e-02   4.3801799e-02
   5.0218599e-02   6.0824799e-02
   3.4911299e-02   7.5205999e-02
   1.5487300e-02   8.5575699e-02
  -6.9594299e-03   9.0763999e-02
  -3.1006600e-02   8.9909399e-02
  -5.4992499e-02   8.2549999e-02
  -7.7129699e-02   6.8687899e-02
  -9.5636699e-02   4.8821399e-02
  -1.0887600e-01   2.3939600e-02
  -1.1548800e-01  -4.5214799e-03
  -1.1451600e-01  -3.4759699e-02
  -1.0550000e-01  -6.4721199e-02
  -8.8544799e-02  -9.2239499e-02
  -6.4342099e-02  -1.1519100e-01
  -3.4155399e-02  -1.3165800e-01
   2.4342900e-04  -1.4007700e-01
   3.6676299e-02  -1.3938000e-01
   7.2697799e-02  -1.2909500e-01
   1.0576000e-01  -1.0941000e-01
   1.3339400e-01  -8.1196699e-02
   1.5339200e-01  -4.5978199e-02
   1.6397600e-01  -5.8489699e-03
   1.6395400e-01   3.6648299e-02
   1.5282300e-01   7.8685599e-02
   1.3084200e-01   1.1734000e-01
   9.9039498e-02   1.4979600e-01
   5.9178499e-02   1.7355600e-01
   1.3656300e-02   1.8662200e-01
  -3.4638399e-02   1.8766500e-01
  -8.2511899e-02   1.7613900e-01
  -1.2667900e-01   1.5234900e-01
  -1.6398900e-01   1.1746300e-01
  -1.9165700e-01   7.3457299e-02
  -2.0746500e-01   2.3005500e-02
  -2.0993800e-01  -3.0684099e-02
  -1.9847300e-01  -8.4076199e-02
  -1.7340400e-01  -1.3354500e-01
  -1.3601000e-01  -1.7562300e-01
  -8.8453499e-02  -2.0724700e-01
  -3.3652199e-02  -2.2598300e-01
   2.4899000e-02  -2.3020900e-01
   8.3355799e-02  -2.1925200e-01
   1.3778100e-01  -1.9345500e-01
   1.8441500e-01  -1.5418500e-01
   2.1993600e-01  -1.0375300e-01
   2.4170200e-01  -4.5286799e-02
   2.4794600e-01   1.7471500e-02
   2.3791600e-01   8.0408299e-02
   2.1194900e-01   1.3931300e-01
   1.7146700e-01   1.9016300e-01
   1.1890000e-01   2.2940600e-01
   5.7542899e-02   2.5420900e-01
  -8.6601899e-03   2.6266500e-01
  -7.5371399e-02   2.5393900e-01
  -1.3815000e-01   2.2834300e-01
  -1.9275200e-01   1.8733000e-01
  -2.3542500e-01   1.3341300e-01
  -2.6316900e-01   7.0008299e-02
  -2.7394700e-01   1.2140000e-03
  -2.6684200e-01  -6.8458999e-02
  -2.4212700e-01  -1.3439000e-01
  -2.0126000e-01  -1.9216000e-01
  -1.4679900e-01  -2.3785400e-01
  -8.2238299e-02  -2.6833400e-01
  -1.1777500e-02  -2.8145200e-01
   5.9954999e-02  -2.7621100e-01
   1.2821400e-01  -2.5283500e-01
   1.8845600e-01  -2.1276600e-01
   2.3665000e-01  -1.5856900e-01
   2.6955300e-01  -9.3770298e-02
   2.8493100e-01  -2.2616900e-02
   2.8171200e-01   5.0203599e-02
   2.6006900e-01   1.1988000e-01
   2.2140400e-01   1.8180100e-01
   1.6825800e-01   2.3187100e-01
   1.0414000e-01   2.6678000e-01
   3.3292599e-02   2.8423300e-01
  -3.9597799e-02   2.8310500e-01
  -1.0971600e-01   2.6350800e-01
  -1.7244400e-01   2.2679000e-01
  -2.2367100e-01   1.7543600e-01
  -2.6007000e-01   1.1289700e-01
  -2.7931700e-01   4.3354799e-02
  -2.8024600e-01  -2.8565599e-02
  -2.6291900e-01  -9.8108098e-02
  -2.2861400e-01  -1.6070800e-01
  -1.7973100e-01  -2.1229900e-01
  -1.1962300e-01  -2.4958300e-01
  -5.2359399e-02  -2.7024500e-01
   1.7554900e-02  -2.7310200e-01
   8.5485898e-02  -2.5817000e-01
   1.4698600e-01  -2.2665100e-01
   1.9809000e-01  -1.8083800e-01
   2.3558000e-01  -1.2394600e-01
   2.5719100e-01  -5.9884299e-02
   2.6174800e-01   7.0175999e-03
   2.4923500e-01   7.2309199e-02
   2.2077400e-01   1.3172100e-01
   1.7853100e-01   1.8145100e-01
   1.2555300e-01   2.1841100e-01
   6.5544899e-02   2.4042700e-01
   2.6072500e-03   2.4636700e-01
  -5.9050799e-02   2.3619600e-01
  -1.1539800e-01   2.1095600e-01
  -1.6285100e-01   1.7267600e-01
  -1.9850700e-01   1.2420600e-01
  -2.2032600e-01   6.9009399e-02
  -2.2724900e-01   1.0909000e-02
  -2.1924300e-01  -4.6180399e-02
  -1.9727900e-01  -9.8521598e-02
  -1.6323700e-01  -1.4280600e-01
  -1.1975200e-01  -1.7636600e-01
  -7.0011199e-02  -1.9734100e-01
  -1.7520700e-02  -2.0477800e-01
   3.4147699e-02  -1.9867100e-01
   8.1602598e-02  -1.7992700e-01
   1.2186100e-01  -1.5027700e-01
   1.5254000e-01  -1.1212600e-01
   1.7199900e-01  -6.8360199e-02
   1.7942900e-01  -2.2133000e-02
   1.7487200e-01   2.3367100e-02
   1.5919000e-01   6.5139399e-02
   1.3396400e-01   1.0057300e-01
   1.0136200e-01   1.2761300e-01
   6.3951199e-02   1.4488200e-01
   2.4505900e-02   1.5174700e-01
  -1.4202600e-02   1.4832600e-01
  -4.9601699e-02   1.3545000e-01
  -7.9492599e-02   1.1456400e-01
  -1.0218900e-01   8.7589898e-02
  -1.1661200e-01   5.6769599e-02
  -1.2233700e-01   2.4478100e-02
  -1.1958700e-01  -6.9549699e-03
  -1.0918000e-01  -3.5415199e-02
  -9.2434098e-02  -5.9147999e-02
  -7.1035999e-02  -7.6868499e-02
  -4.6893499e-02  -8.7829398e-02
  -2.1973800e-02  -9.1844498e-02
   1.8516800e-03  -8.9266198e-02
   2.2947300e-02  -8.0922498e-02
   4.0026899e-02  -6.8019199e-02
   5.2232999e-02  -5.2016499e-02
   5.9176499e-02  -3.4493099e-02
   6.0935699e-02  -1.7006000e-02
   5.8016599e-02  -9.6143498e-04
   5.1278499e-02   1.2495400e-02
   4.1833599e-02   2.2562200e-02
   3.0929699e-02   2.8826499e-02
   1.9826500e-02   3.1277499e-02
   9.6773298e-03   3.0279399e-02
   1.4248900e-03   2.6512899e-02
  -4.2780399e-03   2.0889900e-02
  -7.1185899e-03   1.4449100e-02
  -7.1394699e-03   8.2439998e-03
  -4.7203099e-03   3.2322099e-03
  -5.2662299e-04   1.7655200e-04
   4.5681599e-03  -4.3270799e-04
   9.5801498e-03   1.5719800e-03
   1.3522900e-02   6.0174299e-03
   1.5515600e-02   1.2405500e-02
   1.4881500e-02   1.9961200e-02
   1.1227300e-02   2.7708599e-02
   4.4962799e-03   3.4568299e-02
  -5.0101899e-03   3.9466899e-02
  -1.6645700e-02   4.1449699e-02
  -2.9465199e-02   3.9784499e-02
  -4.2301699e-02   3.4049499e-02
  -5.3866699e-02   2.4194200e-02
  -6.2866599e-02   1.0569100e-02
  -6.8124399e-02  -6.0804699e-03
  -6.8696899e-02  -2.4656700e-02
  -6.3975799e-02  -4.3784899e-02
  -5.3765199e-02  -6.1917699e-02
  -3.8325399e-02  -7.7458898e-02
  -1.8380900e-02  -8.8898098e-02
   4.9114499e-03  -9.4944498e-02
   3.0032499e-02  -9.4648298e-02
   5.5203599e-02  -8.7499898e-02
   7.8516798e-02  -7.3497699e-02
   9.8080198e-02  -5.3177299e-02
   1.1217000e-01  -2.7598499e-02
   1.1937600e-01   1.7098200e-03
   1.1872500e-01   3.2844499e-02
   1.0978300e-01   6.3656599e-02
   9.2709998e-02   9.1904498e-02
   6.8277899e-02   1.1542000e-01
   3.7838899e-02   1.3227500e-01
   3.2493099e-03   1.4093800e-01
  -3.3247799e-02   1.4040300e-01
  -6.9173599e-02   1.3028600e-01
  -1.0198700e-01   1.1087700e-01
  -1.2926900e-01   8.3143698e-02
  -1.4890300e-01   4.8684599e-02
  -1.5924000e-01   9.6345198e-03
  -1.5923100e-01  -3.1472799e-02
  -1.4852300e-01  -7.1874499e-02
  -1.2750400e-01  -1.0877100e-01
  -9.7297098e-02  -1.3952300e-01
  -5.9699499e-02  -1.6184700e-01
  -1.7072200e-02  -1.7398400e-01
   2.7813299e-02  -1.7484000e-01
   7.1961098e-02  -1.6407300e-01
   1.1235700e-01  -1.4214200e-01
   1.4618100e-01  -1.1028400e-01
   1.7100600e-01  -7.0445899e-02
   1.8497900e-01  -2.5161999e-02
   1.8695700e-01   2.2613800e-02
   1.7660000e-01   6.9706499e-02
   1.5440600e-01   1.1293700e-01
   1.2169000e-01   1.4934400e-01
   8.0501098e-02   1.7638900e-01
   3.3493299e-02   1.9214000e-01
  -1.6253800e-02   1.9541300e-01
  -6.5441699e-02   1.8585500e-01
  -1.1077800e-01   1.6398400e-01
  -1.4920400e-01   1.3115400e-01
  -1.7810400e-01   8.9472998e-02
  -1.9549000e-01   4.1660899e-02
  -2.0014100e-01  -9.1324298e-03
  -1.9168900e-01  -5.9541299e-02
  -1.7064800e-01  -1.0621300e-01
  -1.3838200e-01  -1.4603600e-01
  -9.7014798e-02  -1.7635600e-01
  -4.9281599e-02  -1.9515200e-01
   1.6517500e-03  -2.0117900e-01
   5.2407299e-02  -1.9405000e-01
   9.9624098e-02  -1.7426100e-01
   1.4018700e-01  -1.4315800e-01
   1.7143600e-01  -1.0283700e-01
   1.9134800e-01  -5.6007699e-02
   1.9866800e-01  -5.7985199e-03
   1.9299000e-01   4.4452799e-02
   1.7478100e-01   9.1428298e-02
   1.4534400e-01   1.3205400e-01
   1.0671800e-01   1.6370600e-01
   6.1539899e-02   1.8438300e-01
   1.2855900e-02   1.9283800e-01
  -3.6086199e-02   1.8865400e-01
  -8.2059298e-02   1.7225900e-01
  -1.2207500e-01   1.4489300e-01
  -1.5358200e-01   1.0851000e-01
  -1.7463300e-01   6.5637799e-02
  -1.8400600e-01   1.9198100e-02
  -1.8127600e-01  -2.7695699e-02
  -1.6683400e-01  -7.1951998e-02
  -1.4184200e-01  -1.1070900e-01
  -1.0814300e-01  -1.4152400e-01
  -6.8126898e-02  -1.6253100e-01
  -2.4553799e-02  -1.7255300e-01
   1.9636300e-02  -1.7116900e-01
   6.1526499e-02  -1.5873000e-01
   9.8419298e-02  -1.3631000e-01
   1.2801300e-01  -1.0562700e-01
   1.4855000e-01  -6.8903898e-02
   1.5891800e-01  -2.8711199e-02
   1.5871200e-01   1.2217700e-02
   1.4824300e-01   5.1174099e-02
   1.2849600e-01   8.5656998e-02
   1.0104800e-01   1.1353600e-01
   6.7937998e-02   1.3318500e-01
   3.1523399e-02   1.4357600e-01
  -5.6950599e-03   1.4433200e-01
  -4.1244599e-02   1.3573000e-01
  -7.2847498e-02   1.1866500e-01
  -9.8568998e-02   9.4562498e-02
  -1.1693700e-01   6.5269599e-02
  -1.2702400e-01   3.2911299e-02
  -1.2849300e-01  -2.6296299e-04
  -1.2159600e-01  -3.2036799e-02
  -1.0713800e-01  -6.0376599e-02
  -8.6392798e-02  -8.3562898e-02
  -6.1006499e-02  -1.0029500e-01
  -3.2863399e-02  -1.0976200e-01
  -3.9488799e-03  -1.1167700e-01
   2.3790599e-02  -1.0627800e-01
   4.8579999e-02  -9.4280398e-02
   6.8929198e-02  -7.6812898e-02
   8.3722398e-02  -5.5316699e-02
   9.2277098e-02  -3.1432499e-02
   9.4369498e-02  -6.8762598e-03
   9.0226898e-02   1.6682500e-02
   8.0488498e-02   3.7734999e-02
   6.6138698e-02   5.5028999e-02
   4.8419799e-02   6.7642598e-02
   2.8730499e-02   7.5030098e-02
   8.5186198e-03   7.7038598e-02
  -1.0823700e-02   7.3895898e-02
  -2.8055299e-02   6.6171398e-02
  -4.2164499e-02   5.4714399e-02
  -5.2426899e-02   4.0575999e-02
  -5.8438999e-02   2.4920599e-02
  -6.0125299e-02   8.9346498e-03
  -5.7722099e-02  -6.2610399e-03
  -5.1738199e-02  -1.9688100e-02
  -4.2898399e-02  -3.0572499e-02
  -3.2073999e-02  -3.8386499e-02
  -2.0207400e-02  -4.2869599e-02
  -8.2354598e-03  -4.4028099e-02
   2.9804199e-03  -4.2113199e-02
   1.2714600e-02  -3.7582899e-02
   2.0422000e-02  -3.1049299e-02
   2.5765699e-02  -2.3218299e-02
   2.8626099e-02  -1.4825800e-02
   2.9091999e-02  -6.5760198e-03
   2.7434899e-02   9.1285298e-04
   2.4070899e-02   7.1523598e-03
   1.9512300e-02   1.1813200e-02
   1.4315800e-02   1.4739000e-02
   9.0294398e-03   1.5944800e-02
   4.1449499e-03   1.5600200e-02
   5.7844299e-05   1.4000100e-02
  -2.9609299e-03   1.1526900e-02
  -4.7802699e-03   8.6064198e-03
  -5.4103699e-03   5.6631999e-03
  -4.9909099e-03   3.0782399e-03
  -3.7677299e-03   1.1534900e-03
  -2.0605299e-03   8.5600198e-05
  -2.2501599e-04  -4.8927999e-05
   1.3869000e-03   7.0379698e-04
   2.4650599e-03   2.1846699e-03
   2.7737199e-03   4.1421099e-03
   2.1760499e-03   6.2611298e-03
   6.4837698e-04   8.1982798e-03
  -1.7170100e-03   9.6188598e-03
  -4.7204999e-03   1.0233000e-02
  -8.0742798e-03   9.8273998e-03
  -1.1430200e-02   8.2893798e-03
  -1.4413600e-02   5.6217699e-03
  -1.6660200e-02   1.9466500e-03
  -1.7852300e-02  -2.5021299e-03
  -1.7751300e-02  -7.3969198e-03
  -1.6223900e-02  -1.2343300e-02
  -1.3258900e-02  -1.6914000e-02
  -8.9730098e-03  -2.0685899e-02
  -3.6066299e-03  -2.3278499e-02
   2.4927199e-03  -2.4388599e-02
   8.8957898e-03  -2.3819799e-02
   1.5124800e-02  -2.1503199e-02
   2.0691799e-02  -1.7507900e-02
   2.5137999e-02  -1.2040100e-02
   2.8072799e-02  -5.4312199e-03
   2.9206599e-02   1.8852100e-03
   2.8377399e-02   9.4047398e-03
   2.5566599e-02   1.6589800e-02
   2.0904299e-02   2.2910599e-02
   1.4662800e-02   2.7886699e-02
   7.2384798e-03   3.1124099e-02
  -8.7554398e-04   3.2347599e-02
  -9.1252698e-03   3.1423099e-02
  -1.6936300e-02   2.8370199e-02
  -2.3756299e-02   2.3362399e-02
  -2.9096399e-02   1.6716400e-02
  -3.2567599e-02   8.8699398e-03
  -3.3910099e-02   3.5062899e-04
  -3.3013399e-02  -8.2620298e-03
  -2.9924399e-02  -1.6378600e-02
  -2.4844799e-02  -2.3442199e-02
  -1.8116700e-02  -2.8969099e-02
  -1.0197300e-02  -3.2583099e-02
  -1.6264700e-03  -3.4042399e-02
   7.0127198e-03  -3.3256399e-02
   1.5135600e-02  -3.0290799e-02
   2.2197699e-02  -2.5362399e-02
   2.7732699e-02  -1.8821700e-02
   3.1385099e-02  -1.1127200e-02
   3.2933599e-02  -2.8109799e-03
   3.2305099e-02   5.5592899e-03
   2.9577299e-02   1.3421300e-02
   2.4971199e-02   2.0257199e-02
   1.8832100e-02   2.5629799e-02
   1.1603600e-02   2.9210999e-02
   3.7940799e-03   3.0802799e-02
  -4.0605099e-03   3.0348099e-02
  -1.1434600e-02   2.7931199e-02
  -1.7849800e-02   2.3768299e-02
  -2.2906599e-02   1.8188800e-02
  -2.6310499e-02   1.1608900e-02
  -2.7888999e-02   4.4998999e-03
  -2.7600099e-02  -2.6463999e-03
  -2.5530499e-02  -9.3527398e-03
  -2.1885199e-02  -1.5189300e-02
  -1.6969200e-02  -1.9801699e-02
  -1.1161800e-02  -2.2933399e-02
  -4.8878199e-03  -2.4439099e-02
   1.4144800e-03  -2.4290899e-02
   7.3241998e-03  -2.2574899e-02
   1.2466600e-02  -1.9480299e-02
   1.6537300e-02  -1.5281500e-02
   1.9319899e-02  -1.0314700e-02
   2.0697399e-02  -4.9518099e-03
   2.0654999e-02   4.2813399e-04
   1.9275799e-02   5.4653299e-03
   1.6729900e-02   9.8436897e-03
   1.3257600e-02   1.3310600e-02
   9.1483498e-03   1.5691100e-02
   4.7177199e-03   1.6895700e-02
   2.8325099e-04   1.6921200e-02
  -3.8579099e-03   1.5846100e-02
  -7.4488098e-03   1.3819400e-02
  -1.0288200e-02   1.1045500e-02
  -1.2241100e-02   7.7657498e-03
  -1.3243800e-02   4.2391699e-03
  -1.3303100e-02   7.2222398e-04
  -1.2490900e-02  -2.5490499e-03
  -1.0934000e-02  -5.3744299e-03
  -8.8007098e-03  -7.6011298e-03
  -6.2852798e-03  -9.1308898e-03
  -3.5920499e-03  -9.9226197e-03
  -9.1968297e-04  -9.9905197e-03
   1.5527000e-03  -9.3981997e-03
   3.6767599e-03  -8.2496598e-03
   5.3428599e-03  -6.6779698e-03
   6.4843998e-03  -4.8328599e-03
   7.0784298e-03  -2.8681299e-03
   7.1429898e-03  -9.2995397e-04
   6.7314498e-03   8.5297798e-04
   5.9248598e-03   2.3770799e-03
   4.8228799e-03   3.5686999e-03
   3.5343099e-03   4.3860899e-03
   2.1680099e-03   4.8186899e-03
   8.2487298e-04   4.8841099e-03
  -4.0862299e-04   4.6231499e-03
  -1.4648000e-03   4.0937899e-03
  -2.2971699e-03   3.3644799e-03
  -2.8806899e-03   2.5076799e-03
  -3.2103699e-03   1.5939600e-03
  -3.2983299e-03   6.8722298e-04
  -3.1700899e-03  -1.5866900e-04
  -2.8603299e-03  -9.0185997e-04
  -2.4087299e-03  -1.5130300e-03
  -1.8563699e-03  -1.9747199e-03
  -1.2427400e-03  -2.2797999e-03
  -6.0386798e-04  -2.4293299e-03
   2.8740799e-05  -2.4303599e-03
   6.2819498e-04  -2.2938499e-03
   1.1716900e-03  -2.0331299e-03
   1.6396000e-03  -1.6629000e-03
   2.0144599e-03  -1.1990500e-03
   2.2802599e-03  -6.5893898e-04
   2.4220999e-03  -6.2264598e-05
   2.4265799e-03   5.6799598e-04
   2.2828099e-03   1.2047100e-03
   1.9840199e-03   1.8161499e-03
   1.5296200e-03   2.3662499e-03
   9.2740097e-04   2.8157099e-03
   1.9546199e-04   3.1240799e-03
  -6.3637598e-04   3.2526599e-03
  -1.5261200e-03   3.1682199e-03
  -2.4203299e-03   2.8469299e-03
  -3.2562699e-03   2.2784299e-03
  -3.9653399e-03   1.4693000e-03
  -4.4778999e-03   4.4557099e-04
  -4.7289299e-03  -7.4612298e-04
  -4.6643399e-03  -2.0391899e-03
  -4.2471399e-03  -3.3496499e-03
  -3.4630699e-03  -4.5806399e-03
  -2.3249399e-03  -5.6287498e-03
  -8.7510697e-04  -6.3917798e-03
   8.1423298e-04  -6.7773398e-03
   2.6433999e-03  -6.7116498e-03
   4.4901699e-03  -6.1477998e-03
   6.2172098e-03  -5.0725799e-03
   7.6815898e-03  -3.5112399e-03
   8.7456897e-03  -1.5294400e-03
   9.2888297e-03   7.6789098e-04
   9.2185397e-03   3.2411099e-03
   8.4805798e-03   5.7236698e-03
   7.0666998e-03   8.0327898e-03
   5.0193999e-03   9.9824197e-03
   2.4329599e-03   1.1397500e-02
  -5.4965598e-04   1.2128600e-02
  -3.7438999e-03   1.2065300e-02
  -6.9346698e-03   1.1148100e-02
  -9.8905397e-03   9.3766497e-03
  -1.2380200e-02   6.8139798e-03
  -1.4190300e-02   3.5864599e-03
  -1.5142400e-02  -1.2159500e-04
  -1.5109400e-02  -4.0779799e-03
  -1.4028000e-02  -8.0170098e-03
  -1.1907500e-02  -1.1657300e-02
  -8.8334497e-03  -1.4722000e-02
  -4.9659699e-03  -1.6959499e-02
  -5.3179198e-04  -1.8163799e-02
   4.1887499e-03  -1.8191799e-02
   8.8796297e-03  -1.6977799e-02
   1.3210500e-02  -1.4541700e-02
   1.6860399e-02  -1.0992300e-02
   1.9541499e-02  -6.5229798e-03
   2.1021599e-02  -1.4020100e-03
   2.1143899e-02   4.0440499e-03
   1.9841099e-02   9.4514897e-03
   1.7144199e-02   1.4444300e-02
   1.3184200e-02   1.8660699e-02
   8.1860998e-03   2.1780299e-02
   2.4564399e-03   2.3548099e-02
  -3.6361199e-03   2.3795499e-02
  -9.6851697e-03   2.2454999e-02
  -1.5274500e-02   1.9568299e-02
  -2.0007399e-02   1.5287000e-02
  -2.3535899e-02   9.8641097e-03
  -2.5586699e-02   3.6395999e-03
  -2.5982499e-02  -2.9821199e-03
  -2.4656999e-02  -9.5591897e-03
  -2.1662499e-02  -1.5642900e-02
  -1.7167899e-02  -2.0809299e-02
  -1.1450200e-02  -2.4689999e-02
  -4.8757699e-03  -2.6998899e-02
   2.1232599e-03  -2.7554399e-02
   9.0788697e-03  -2.6293199e-02
   1.5519600e-02  -2.3277299e-02
   2.1003999e-02  -1.8690499e-02
   2.5151699e-02  -1.2827200e-02
   2.7671299e-02  -6.0729198e-03
   2.8381599e-02   1.1224500e-03
   2.7225199e-02   8.2757197e-03
   2.4273199e-02   1.4904300e-02
   1.9720699e-02   2.0560099e-02
   1.3873700e-02   2.4861599e-02
   7.1275698e-03   2.7520299e-02
  -6.0792798e-05   2.8361799e-02
  -7.2053598e-03   2.7337299e-02
  -1.3825300e-02   2.4527199e-02
  -1.9478799e-02   2.0134499e-02
  -2.3794499e-02   1.4470400e-02
  -2.6496699e-02   7.9304898e-03
  -2.7424599e-02   9.6706797e-04
  -2.6542199e-02  -5.9442298e-03
  -2.3939499e-02  -1.2338200e-02
  -1.9824599e-02  -1.7793299e-02
  -1.4506700e-02  -2.1960499e-02
  -8.3728897e-03  -2.4587799e-02
  -1.8584099e-03  -2.5535799e-02
   4.5850399e-03  -2.4786099e-02
   1.0522400e-02  -2.2439399e-02
   1.5566400e-02  -1.8705999e-02
   1.9404199e-02  -1.3887600e-02
   2.1818099e-02  -8.3527697e-03
   2.2699299e-02  -2.5084199e-03
   2.2051799e-02   3.2314299e-03
   1.9989199e-02   8.4763797e-03
   1.6721999e-02   1.2887800e-02
   1.2538700e-02   1.6202399e-02
   7.7811398e-03   1.8248699e-02
   2.8164799e-03   1.8957199e-02
  -1.9919199e-03   1.8360599e-02
  -6.3122798e-03   1.6587499e-02
  -9.8687797e-03   1.3847600e-02
  -1.2460700e-02   1.0411900e-02
  -1.3974500e-02   6.5876798e-03
  -1.4389100e-02   2.6922199e-03
  -1.3772200e-02  -9.7371097e-04
  -1.2270500e-02  -4.1499399e-03
  -1.0092900e-02  -6.6366298e-03
  -7.4891098e-03  -8.3081797e-03
  -4.7256698e-03  -9.1201297e-03
  -2.0612899e-03  -9.1086897e-03
   2.7637399e-04  -8.3831897e-03
   2.1102799e-03  -7.1120298e-03
   3.3283899e-03  -5.5037198e-03
   3.8915999e-03  -3.7846599e-03
   3.8345899e-03  -2.1758099e-03
   3.2595899e-03  -8.7027497e-04
   2.3237199e-03  -1.3982000e-05
   1.2211000e-03   3.0880899e-04
   1.6133899e-04   8.3859197e-05
  -6.5345598e-04  -6.3169698e-04
  -1.0511500e-03  -1.7151399e-03
  -9.0927597e-04  -2.9906299e-03
  -1.7008199e-04  -4.2472799e-03
   1.1505200e-03  -5.2611798e-03
   2.9611699e-03  -5.8194698e-03
   5.1007798e-03  -5.7441298e-03
   7.3513398e-03  -4.9133098e-03
   9.4570697e-03  -3.2781199e-03
   1.1148100e-02  -8.7307297e-04
   1.2166700e-02   2.1808899e-03
   1.2294100e-02   5.6815298e-03
   1.1375100e-02   9.3584097e-03
   9.3378597e-03   1.2893100e-02
   6.2078598e-03   1.5944999e-02
   2.1134599e-03   1.8181099e-02
  -2.7172299e-03   1.9306299e-02
  -7.9685797e-03   1.9093099e-02
  -1.3258000e-02   1.7406399e-02
  -1.8163799e-02   1.4222900e-02
  -2.2257799e-02   9.6409497e-03
  -2.5140599e-02   3.8818499e-03
  -2.6477199e-02  -2.7197899e-03
  -2.6027899e-02  -9.7352697e-03
  -2.3675099e-02  -1.6669999e-02
  -1.9440499e-02  -2.2998599e-02
  -1.3492100e-02  -2.8204399e-02
  -6.1405898e-03  -3.1820799e-02
   2.1762999e-03  -3.3469999e-02
   1.0920100e-02  -3.2898199e-02
   1.9487099e-02  -3.0001199e-02
   2.7250699e-02  -2.4841299e-02
   3.3607299e-02  -1.7650999e-02
   3.8023099e-02  -8.8246997e-03
   4.0077399e-02   1.1029300e-03
   3.9499099e-02   1.1489800e-02
   3.6194099e-02   2.1628999e-02
   3.0259699e-02   3.0797499e-02
   2.1986399e-02   3.8308799e-02
   1.1844200e-02   4.3564499e-02
   4.5626298e-04   4.6101098e-02
  -1.1440700e-02   4.5628998e-02
  -2.3044799e-02   4.2059899e-02
  -3.3544799e-02   3.5520599e-02
  -4.2177499e-02   2.6351199e-02
  -4.8283998e-02   1.5087799e-02
  -5.1360098e-02   2.4312399e-03
  -5.1097098e-02  -1.0798200e-02
  -4.7409098e-02  -2.3715299e-02
  -4.0445699e-02  -3.5430399e-02
  -3.0587899e-02  -4.5112298e-02
  -1.8427099e-02  -5.2048198e-02
  -4.7290498e-03  -5.5696898e-02
   9.6160297e-03  -5.5730698e-02
   2.3652599e-02  -5.2063298e-02
   3.6425499e-02  -4.4860898e-02
   4.7046198e-02  -3.4535799e-02
   5.4756498e-02  -2.1722699e-02
   5.8983398e-02  -7.2380897e-03
   5.9381798e-02   7.9726397e-03
   5.5862698e-02   2.2899299e-02
   4.8602998e-02   3.6535399e-02
   3.8036899e-02   4.7948398e-02
   2.4829299e-02   5.6344498e-02
   9.8331797e-03   6.1125498e-02
  -5.9678698e-03   6.1932498e-02
  -2.1525499e-02   5.8672198e-02
  -3.5798499e-02   5.1526798e-02
  -4.7824098e-02   4.0942799e-02
  -5.6785098e-02   2.7603199e-02
  -6.2066598e-02   1.2381300e-02
  -6.3299498e-02  -3.7178599e-03
  -6.0386598e-02  -1.9625799e-02
  -5.3510498e-02  -3.4283499e-02
  -4.3121598e-02  -4.6714098e-02
  -2.9907799e-02  -5.6089898e-02
  -1.4747799e-02  -6.1788898e-02
   1.3495400e-03  -6.3437398e-02
   1.7313699e-02  -6.0935098e-02
   3.2085999e-02  -5.4461398e-02
   4.4691998e-02  -4.4462698e-02
   5.4307498e-02  -3.1620099e-02
   6.0313998e-02  -1.6802299e-02
   6.2339798e-02  -1.0053700e-03
   6.0283698e-02   1.4716699e-02
   5.4319598e-02   2.9323799e-02
   4.4882498e-02   4.1860498e-02
   3.2636099e-02   5.1520898e-02
   1.8425399e-02   5.7701398e-02
   3.2165099e-03   6.0039898e-02
  -1.1970300e-02   5.8437198e-02
  -2.6131099e-02   5.3060498e-02
  -3.8346799e-02   4.4327898e-02
  -4.7844098e-02   3.2876099e-02
  -5.4046198e-02   1.9513299e-02
  -5.6608698e-02   5.1609498e-03
  -5.5438798e-02  -9.2113397e-03
  -5.0696598e-02  -2.2652799e-02
  -4.2779198e-02  -3.4296499e-02
  -3.2288099e-02  -4.3416398e-02
  -1.9983699e-02  -4.9474398e-02
  -6.7288098e-03  -5.2152298e-02
   6.5723198e-03  -5.1368398e-02
   1.9037799e-02  -4.7276998e-02
   2.9867799e-02  -4.0250999e-02
   3.8397499e-02  -3.0850599e-02
   4.4138598e-02  -1.9778699e-02
   4.6807898e-02  -7.8282997e-03
   4.6340298e-02   4.1752398e-03
   4.2885898e-02   1.5432499e-02
   3.6792399e-02   2.5224599e-02
   2.8573799e-02   3.2959899e-02
   1.8868499e-02   3.8210999e-02
   8.3898297e-03   4.0737998e-02
  -2.1264699e-03   4.0497899e-02
  -1.1975200e-02   3.7639599e-02
  -2.0529599e-02   3.2485299e-02
  -2.7282699e-02   2.5500099e-02
  -3.1877299e-02   1.7252399e-02
  -3.4124499e-02   8.3690897e-03
  -3.4009199e-02  -5.1227898e-04
  -3.1682399e-02  -8.7897797e-03
  -2.7441699e-02  -1.5938599e-02
  -2.1702099e-02  -2.1544699e-02
  -1.4959299e-02  -2.5329499e-02
  -7.7489497e-03  -2.7161999e-02
  -6.0459398e-04  -2.7060099e-02
   5.9816798e-03  -2.5180799e-02
   1.1593600e-02  -2.1799099e-02
   1.5917199e-02  -1.7280399e-02
   1.8758399e-02  -1.2046700e-02
   2.0049899e-02  -6.5401098e-03
   1.9847499e-02  -1.1872000e-03
   1.8317699e-02   3.6335199e-03
   1.5715799e-02   7.6184397e-03
   1.2359600e-02   1.0558000e-02
   8.5981797e-03   1.2347100e-02
   4.7803798e-03   1.2985900e-02
   1.2254400e-03   1.2572200e-02
  -1.8026699e-03   1.1285600e-02
  -4.1144198e-03   9.3650196e-03
  -5.6062998e-03   7.0835497e-03
  -6.2642298e-03   4.7200898e-03
  -6.1585398e-03   2.5328699e-03
  -5.4316098e-03   7.3582897e-04
  -4.2792198e-03  -5.1976398e-04
  -2.9277899e-03  -1.1570600e-03
  -1.6093899e-03  -1.1777700e-03
  -5.3710898e-04  -6.5867897e-04
   1.1706900e-04   2.5917799e-04
   2.3990899e-04   1.3873099e-03
  -2.1154399e-04   2.5110699e-03
  -1.2055000e-03   3.4132899e-03
  -2.6384299e-03   3.8981598e-03
  -4.3451798e-03   3.8129499e-03
  -6.1153098e-03   3.0657699e-03
  -7.7140997e-03   1.6374299e-03
  -8.9063997e-03  -4.1350198e-04
  -9.4809896e-03  -2.9530899e-03
  -9.2733796e-03  -5.7818198e-03
  -8.1848697e-03  -8.6508597e-03
  -6.1960298e-03  -1.1283600e-02
  -3.3732699e-03  -1.3400499e-02
   1.3212199e-04  -1.4745299e-02
   4.0927998e-03  -1.5109799e-02
   8.2212997e-03  -1.4355899e-02
   1.2191900e-02  -1.2431900e-02
   1.5666999e-02  -9.3823196e-03
   1.8324999e-02  -5.3491998e-03
   1.9888999e-02  -5.6599498e-04
   2.0151699e-02   4.6571198e-03
   1.8996699e-02   9.9546796e-03
   1.6411899e-02   1.4932799e-02
   1.2496400e-02   1.9199599e-02
   7.4570497e-03   2.2395899e-02
   1.5976399e-03   2.4225699e-02
  -4.7009798e-03   2.4481399e-02
  -1.1006900e-02   2.3063399e-02
  -1.6868499e-02   1.9992599e-02
  -2.1847599e-02   1.5412699e-02
  -2.5553499e-02   9.5839596e-03
  -2.7673799e-02   2.8675699e-03
  -2.7999699e-02  -4.2980498e-03
  -2.6445399e-02  -1.1427400e-02
  -2.3057099e-02  -1.8022499e-02
  -1.8013999e-02  -2.3608799e-02
  -1.1617600e-02  -2.7770699e-02
  -4.2734698e-03  -3.0183199e-02
   3.5363199e-03  -3.0637199e-02
   1.1286300e-02  -2.9056999e-02
   1.8444599e-02  -2.5508199e-02
   2.4510799e-02  -2.0195899e-02
   2.9052499e-02  -1.3451299e-02
   3.1736799e-02  -5.7110798e-03
   3.2355299e-02   2.5132399e-03
   3.0840499e-02   1.0670100e-02
   2.7271799e-02   1.8206899e-02
   2.1871199e-02   2.4608499e-02
   1.4988899e-02   2.9434099e-02
   7.0791297e-03   3.2348599e-02
  -1.3307199e-03   3.3146799e-02
  -9.6771296e-03   3.1767699e-02
  -1.7399599e-02   2.8299599e-02
  -2.3979999e-02   2.2973799e-02
  -2.8978199e-02   1.6148599e-02
  -3.2063199e-02   8.2840697e-03
  -3.3035299e-02  -9.0153496e-05
  -3.1839899e-02  -8.4120397e-03
  -2.8570299e-02  -1.6126299e-02
  -2.3460199e-02  -2.2722699e-02
  -1.6866699e-02  -2.7771399e-02
  -9.2442296e-03  -3.0951699e-02
  -1.1123000e-03  -3.2073199e-02
   6.9812297e-03  -3.1087699e-02
   1.4498399e-02  -2.8090599e-02
   2.0948099e-02  -2.3312199e-02
   2.5919399e-02  -1.7100199e-02
   2.9108799e-02  -9.8933996e-03
   3.0338899e-02  -2.1900399e-03
   2.9568699e-02   5.4877698e-03
   2.6893699e-02   1.2630599e-02
   2.2536499e-02   1.8776599e-02
   1.6828199e-02   2.3542499e-02
   1.0183500e-02   2.6647999e-02
   3.0696699e-03   2.7932899e-02
  -4.0270298e-03   2.7364899e-02
  -1.0635700e-02   2.5038399e-02
  -1.6332699e-02   2.1164599e-02
  -2.0770099e-02   1.6052799e-02
  -2.3696899e-02   1.0086500e-02
  -2.4973899e-02   3.6939798e-03
  -2.4579299e-02  -2.6827999e-03
  -2.2605899e-02  -8.6197296e-03
  -1.9251199e-02  -1.3739299e-02
  -1.4798699e-02  -1.7735399e-02
  -9.5952396e-03  -2.0391699e-02
  -4.0240298e-03  -2.1593499e-02
   1.5240799e-03  -2.1331199e-02
